#E (eV)                 PP(111)H	            PS(111)H
3.812313120691790e+0    5.689910650000000e-1	8.374533650000000e-1
3.805362409393662e+0    7.571264510000000e-1	8.769277330000000e-1
3.798436997414813e+0    6.488979459999999e-1	8.838542100000000e-1
3.791536746878816e+0    7.794934510000000e-1	8.836277130000000e-1
3.784661520909294e+0    5.497923489999999e-1	8.540551660000000e-1
3.777811183620868e+0    8.004850150000000e-1	8.481944800000000e-1
3.770985600110206e+0    9.401107430000000e-1	7.969352600000000e-1
3.764184636447170e+0    8.837555650000000e-1	8.154693250000000e-1
3.757408171053722e+0    8.024312260000000e-1	8.222363590000000e-1
3.750656049103685e+0    9.284954670000000e-1	8.348855970000000e-1
3.743928150963090e+0    8.898123500000000e-1	7.970101830000000e-1
3.737224346507905e+0    7.722256180000000e-1	7.999193070000000e-1
3.730544506544414e+0    6.770322920000000e-1	8.217039110000000e-1
3.723888502800931e+0    6.877720360000000e-1	8.433365230000000e-1
3.717256207919582e+0    8.960958720000000e-1	8.120506410000000e-1
3.710647495448186e+0    9.224302770000000e-1	7.980962990000000e-1
3.704062239832214e+0    7.773604390000000e-1	7.772241830000000e-1
3.697500316406844e+0    8.669330480000000e-1	7.888728980000000e-1
3.690961601389086e+0    8.573709730000000e-1	7.747737170000000e-1
3.684445971870007e+0    7.535109520000000e-1	7.526336310000000e-1
3.677953305807025e+0    6.613720060000000e-1	7.529316540000000e-1
3.671483492889089e+0    7.118461130000000e-1	7.708222270000000e-1
3.665036390999789e+0    6.692391040000000e-1	7.591251730000000e-1
3.658611891561350e+0    6.535690430000000e-1	7.498590350000000e-1
3.652209875921197e+0    7.181434040000000e-1	7.613481280000000e-1
3.645830226255794e+0    7.715815900000000e-1	7.832252380000000e-1
3.639472825563429e+0    8.073338870000000e-1	7.859746810000000e-1
3.633137557657049e+0    7.975399490000000e-1	7.659738660000000e-1
3.626824307157190e+0    7.490827440000000e-1	7.741204500000000e-1
3.620532959484969e+0    7.493317720000000e-1	7.922909860000000e-1
3.614263400855154e+0    7.284107210000000e-1	8.064713480000000e-1
3.608015518269299e+0    7.306391000000000e-1	8.237858410000000e-1
3.601789199508967e+0    7.838636040000000e-1	8.455199000000000e-1
3.595584343556905e+0    8.023437260000000e-1	8.720260260000000e-1
3.589400818842937e+0    7.943493720000000e-1	9.016960860000000e-1
3.583238525912519e+0    7.673753500000000e-1	9.312154650000000e-1
3.577097355600717e+0    7.772406940000000e-1	9.718559380000000e-1
3.570977199489691e+0    7.781652210000000e-1	1.030373220000000e+0
3.564877949902313e+0    7.253650430000000e-1	1.070747380000000e+0
3.558799499895855e+0    7.661335470000000e-1	1.121522550000000e+0
3.552741743255735e+0    8.152829410000000e-1	1.179836030000000e+0
3.546704574489335e+0    8.085144760000000e-1	1.251419780000000e+0
3.540687888819869e+0    8.053600790000000e-1	1.311536550000000e+0
3.534691582180334e+0    8.145505190000000e-1	1.362783550000000e+0
3.528715551207496e+0    8.401170970000000e-1	1.430756330000000e+0
3.522759693235962e+0    8.726500270000000e-1	1.519245860000000e+0
3.516823916268364e+0    9.210551380000000e-1	1.595561390000000e+0
3.510908099031730e+0    9.651348590000000e-1	1.678169370000000e+0
3.505012150928909e+0    1.014481900000000e+0	1.764106990000000e+0
3.499135972027650e+0    1.066528920000000e+0	1.855541590000000e+0
3.493279463064730e+0    1.133499740000000e+0	1.938022260000000e+0
3.487442525440361e+0    1.186528330000000e+0	2.001700400000000e+0
3.481625061212661e+0    1.240324970000000e+0	2.073885920000000e+0
3.475826973092174e+0    1.309157250000000e+0	2.133264060000000e+0
3.470048164436445e+0    1.372850890000000e+0	2.128836630000000e+0
3.464288539244654e+0    1.427081110000000e+0	2.123965980000000e+0
3.458548002152296e+0    1.450124260000000e+0	2.050570250000000e+0
3.452826458425921e+0    1.460788250000000e+0	1.932438140000000e+0
3.447123813957920e+0    1.458240270000000e+0	1.745362040000000e+0
3.441439984814342e+0    1.425781970000000e+0	1.536920070000000e+0
3.435774858986460e+0    1.390368220000000e+0	1.362551450000000e+0
3.430128353797994e+0    1.395788910000000e+0	1.270394440000000e+0
3.424500377593612e+0    1.426798460000000e+0	1.267034650000000e+0
3.418890839318534e+0    1.453116420000000e+0	1.293363330000000e+0
3.413299648513614e+0    1.477146030000000e+0	1.298018100000000e+0
3.407726715310481e+0    1.494041680000000e+0	1.290734770000000e+0
3.402171950426724e+0    1.505645280000000e+0	1.278102280000000e+0
3.396635265161126e+0    1.485566500000000e+0	1.223327040000000e+0
3.391116571388937e+0    1.440708640000000e+0	1.166328790000000e+0
3.385615781557204e+0    1.382453560000000e+0	1.087575320000000e+0
3.380132808680138e+0    1.327793360000000e+0	1.014279130000000e+0
3.374667566334529e+0    1.261383650000000e+0	9.400913720000000e-1
3.369219977811443e+0    1.209619160000000e+0	8.783159260000000e-1
3.363789939457291e+0    1.170018080000000e+0	8.318370580000000e-1
3.358377375695399e+0    1.155803680000000e+0	7.837630510000000e-1
3.352982202307904e+0    1.133981470000000e+0	7.379083630000000e-1
3.347604335617256e+0    1.101267460000000e+0	6.716449260000000e-1
3.342243692481882e+0    1.067001940000000e+0	6.057001350000000e-1
3.336900190291916e+0    1.022778150000000e+0	5.408760910000000e-1
3.331573746964940e+0    9.691268800000000e-1	4.831305440000000e-1
3.326264280941796e+0    9.162180420000000e-1	4.414082170000000e-1
3.320971711182412e+0    8.794103860000000e-1	4.116724130000000e-1
3.315695957161683e+0    8.431028130000000e-1	3.813058440000000e-1
3.310436938865387e+0    7.942098380000000e-1	3.576938810000000e-1
3.305194576786140e+0    7.415416240000000e-1	3.337536160000000e-1
3.299968800703097e+0    7.008933420000000e-1	3.132196960000000e-1
3.294759514515441e+0    6.646384600000001e-1	2.911588250000000e-1
3.289566649023960e+0    6.126710770000000e-1	2.686025500000000e-1
3.284390126708930e+0    5.567014810000001e-1	2.468973550000000e-1
3.279229870537805e+0    5.118544100000000e-1	2.279202790000000e-1
3.274085803961398e+0    4.560158850000000e-1	2.062792630000000e-1
3.268957850910095e+0    4.039112930000000e-1	1.875878870000000e-1
3.263845935790104e+0    3.615591530000000e-1	1.742276550000000e-1
3.258749983479742e+0    3.384758230000000e-1	1.654244510000000e-1
3.253669919325755e+0    3.070774670000000e-1	1.527798770000000e-1
3.248605669139671e+0    2.724854950000000e-1	1.383157670000000e-1
3.243557159194193e+0    2.397271100000000e-1	1.250415740000000e-1
3.238524316219614e+0    2.086010130000000e-1	1.145112510000000e-1
3.233507075833738e+0    1.834370050000000e-1	1.056193710000000e-1
3.228505348778454e+0    1.600649950000000e-1	1.015426140000000e-1
3.223519071595355e+0    1.376182440000000e-1	9.926869720000000e-2
3.218548172809990e+0    1.226803510000000e-1	9.853595500000000e-2
3.213592581388104e+0    1.116413700000000e-1	9.928376230000000e-2
3.208652226732258e+0    1.046846510000000e-1	1.006315200000000e-1
3.203727038678470e+0    9.884089230000000e-2	1.031385730000000e-1
3.198816947492896e+0    9.599536660000000e-2	1.059016290000000e-1
3.193921883868543e+0    9.333879500000000e-2	1.098295080000000e-1
3.189041778922000e+0    9.209869800000000e-2	1.130618230000000e-1
3.184176564190214e+0    9.118847550000000e-2	1.157648120000000e-1
3.179326171627285e+0    9.136869010000000e-2	1.132707890000000e-1
3.174490533601294e+0    8.936125790000000e-2	1.070670190000000e-1
3.169669590994913e+0    8.577703680000000e-2	9.460517760000000e-2
3.164863260762719e+0    7.776822150000000e-2	7.989610730000000e-2
3.160071484624413e+0    6.559138000000001e-2	7.386618850000000e-2
3.155294196572850e+0    5.626738440000000e-2	8.007274570000000e-2
3.150531330999431e+0    5.501711740000000e-2	9.325825420000000e-2
3.145782822691103e+0    5.774419010000000e-2	1.082628890000000e-1
3.141048606827376e+0    6.317030640000000e-2	1.177603530000000e-1
3.136328618977383e+0    6.889411810000000e-2	1.186631550000000e-1
3.131622795096945e+0    7.156743850000000e-2	1.143899630000000e-1
3.126931071525688e+0    7.241901760000000e-2	1.094179750000000e-1
3.122253384984159e+0    7.246722280000000e-2	1.050107550000000e-1
3.117589672570992e+0    7.353872060000000e-2	9.805130960000000e-2
3.112939879576352e+0    6.912453470000000e-2	8.730940520000000e-2
3.108303928190796e+0    6.271207330000001e-2	7.656244930000000e-2
3.103681764470025e+0    5.678482730000000e-2	6.766982380000000e-2
3.099073326997054e+0    4.915483300000000e-2	6.369711459999999e-2
3.094478554719134e+0    4.325445000000000e-2	6.292840840000000e-2
3.089897386945054e+0    3.755976630000000e-2	6.382343170000000e-2
3.085329763342466e+0    3.168015180000000e-2	6.590621169999999e-2
3.080775623935242e+0    2.665697040000000e-2	6.819728020000000e-2
3.076234909100846e+0    2.602779490000000e-2	7.099537550000000e-2
3.071707559567731e+0    2.609373070000000e-2	7.382521030000000e-2
3.067193516412762e+0    2.502436940000000e-2	7.498885690000000e-2
3.062692721058657e+0    2.457579230000000e-2	7.491330800000000e-2
3.058205115271458e+0    2.527070420000000e-2	7.493343950000000e-2
3.053730648679779e+0    2.441536260000000e-2	7.736448200000000e-2
3.049269248663300e+0    2.304215360000000e-2	8.079176400000000e-2
3.044820865546866e+0    2.289939300000000e-2	8.419180660000000e-2
3.040385442444903e+0    2.361076700000000e-2	8.585397900000000e-2
3.035962922802821e+0    2.356571700000000e-2	8.204924320000000e-2
3.031553250394606e+0    2.414465700000000e-2	7.583606240000000e-2
3.027156369320439e+0    2.466562390000000e-2	7.056886799999999e-2
3.022772224004334e+0    2.462273840000000e-2	6.870081280000000e-2
3.018400759191794e+0    2.376631090000000e-2	6.949956720000000e-2
3.014041919947494e+0    2.228853290000000e-2	7.130437339999999e-2
3.009695651652976e+0    2.183228540000000e-2	7.339674980000000e-2
3.005361900004370e+0    2.134797720000000e-2	7.732737060000000e-2
3.001040611010130e+0    2.087971200000000e-2	8.048846570000000e-2
2.996731738232386e+0    2.155525420000000e-2	8.257116380000000e-2
2.992435213789597e+0    2.273263600000000e-2	8.017285170000000e-2
2.988150991878256e+0    2.323388680000000e-2	7.262445240000000e-2
2.983879019733887e+0    2.356204950000000e-2	6.350473310000000e-2
2.979619244893324e+0    2.457588350000000e-2	5.429275710000000e-2
2.975371615192555e+0    2.344821390000000e-2	4.749668020000000e-2
2.971136078764598e+0    2.243316550000000e-2	4.410641270000000e-2
2.966912584037388e+0    2.123459800000000e-2	4.396816340000000e-2
2.962701079731686e+0    1.836600710000000e-2	4.582059010000000e-2
2.958501514858999e+0    1.608659510000000e-2	4.876536880000000e-2
2.954313838719527e+0    1.508578750000000e-2	5.217496680000000e-2
2.950138000900121e+0    1.416915280000000e-2	5.615599080000000e-2
2.945973951272260e+0    1.431483590000000e-2	6.051347780000000e-2
2.941821646970612e+0    1.490877200000000e-2	6.461755930000000e-2
2.937681024449136e+0    1.563794540000000e-2	6.750305099999999e-2
2.933552041421513e+0    1.739230750000000e-2	6.792090090000000e-2
2.929434648877844e+0    1.992371120000000e-2	6.274271760000000e-2
2.925328798082993e+0    2.314654370000000e-2	5.517253280000000e-2
2.921234440574668e+0    2.603547460000000e-2	4.796788470000000e-2
2.917151528161514e+0    2.745263840000000e-2	4.342950140000000e-2
2.913080012921221e+0    2.625073870000000e-2	4.129819570000000e-2
2.909019847198652e+0    2.309080210000000e-2	4.129728670000000e-2
2.904970983603979e+0    1.953072470000000e-2	4.207741470000000e-2
2.900933375010842e+0    1.765805110000000e-2	4.327513650000000e-2
2.896906974554522e+0    1.641767290000000e-2	4.443458100000000e-2
2.892891735630126e+0    1.518545770000000e-2	4.569017140000000e-2
2.888887618622405e+0    1.385239880000000e-2	4.640853030000000e-2
2.884894563958907e+0    1.301205440000000e-2	4.740382730000000e-2
2.880912532553776e+0    1.328703760000000e-2	4.795336720000000e-2
2.876941478823592e+0    1.348894370000000e-2	4.842520130000000e-2
2.872981357435914e+0    1.339411270000000e-2	4.838678610000000e-2
2.869032123307560e+0    1.379828250000000e-2	4.806293920000000e-2
2.865093731602897e+0    1.465293390000000e-2	4.836292940000000e-2
2.861166137732140e+0    1.547392740000000e-2	4.857685420000000e-2
2.857249297349673e+0    1.587605660000000e-2	4.863344130000000e-2
2.853343166352379e+0    1.619941550000000e-2	4.913676530000000e-2
2.849447700877982e+0    1.722662520000000e-2	5.009538310000000e-2
2.845562857303411e+0    1.848393680000000e-2	5.101781340000000e-2
2.841688592243166e+0    1.980220710000000e-2	5.207296460000000e-2
2.837824869043457e+0    2.132406830000000e-2	5.293352900000000e-2
2.833971631779966e+0    2.210367280000000e-2	5.407122520000000e-2
2.830128844283728e+0    2.394339810000000e-2	5.508726090000000e-2
2.826296464103516e+0    2.591328700000000e-2	5.628051980000000e-2
2.822474449017730e+0    2.732979690000000e-2	5.669688060000000e-2
2.818662757032848e+0    2.985778820000000e-2	5.640068280000000e-2
2.814861346381888e+0    3.260125220000000e-2	5.678378420000000e-2
2.811070175522883e+0    3.605632110000000e-2	5.682064970000000e-2
2.807289203137363e+0    3.991338610000000e-2	5.695621300000000e-2
2.803518388128862e+0    4.362064970000000e-2	5.712825800000000e-2
2.799757689621423e+0    4.682177310000000e-2	5.722847580000000e-2
2.796007066958120e+0    5.038854480000000e-2	5.708414320000000e-2
2.792266479699601e+0    5.617425590000000e-2	5.727339160000000e-2
2.788535893894691e+0    6.059183930000000e-2	5.704832080000000e-2
2.784815256973964e+0    6.891637300000000e-2	5.729236080000000e-2
2.781104535430956e+0    7.549356670000000e-2	5.780652910000000e-2
2.777403689682167e+0    8.171058450000000e-2	5.832849070000000e-2
2.773712680354515e+0    8.782157300000000e-2	5.921619390000000e-2
2.770031468283937e+0    9.340285510000000e-2	6.055586410000000e-2
2.766360014514006e+0    9.872123600000000e-2	6.133336200000000e-2
2.762698280294556e+0    1.097399590000000e-1	6.213837120000000e-2
2.759046227080318e+0    1.163580720000000e-1	6.324949859999999e-2
2.755403816529569e+0    1.220630630000000e-1	6.436348710000001e-2
2.751771010502790e+0    1.341842560000000e-1	6.497712429999999e-2
2.748147771061332e+0    1.513279380000000e-1	6.504701080000000e-2
2.744534060466102e+0    1.648541840000000e-1	6.594277919999999e-2
2.740929847235984e+0    1.649250690000000e-1	6.810294090000001e-2
2.737335081891698e+0    1.743244080000000e-1	6.649402529999999e-2
2.733749733360671e+0    1.972646420000000e-1	6.691394000000001e-2
2.730173764689013e+0    2.131088820000000e-1	6.916212290000000e-2
2.726607139115935e+0    2.267545610000000e-1	7.288690660000000e-2
2.723049820072493e+0    2.548748850000000e-1	7.276568560000000e-2
2.719501771180333e+0    2.747251990000000e-1	7.357772440000000e-2
2.715962956250456e+0    2.903320790000000e-1	7.535989580000000e-2
2.712433339281985e+0    2.989452480000000e-1	7.683467120000000e-2
2.708912884460942e+0    3.207751810000000e-1	7.467170800000000e-2
2.705401556159044e+0    3.507524730000000e-1	7.549580190000000e-2
2.701899318932490e+0    3.428601030000000e-1	7.860775290000000e-2
2.698406143393954e+0    3.540483120000000e-1	8.257247510000000e-2
2.694921982703541e+0    3.831907210000000e-1	8.215048160000000e-2
2.691446807852188e+0    4.028143880000000e-1	8.240161090000000e-2
2.687980584122218e+0    4.063044790000000e-1	8.062217380000000e-2
2.684523276974569e+0    4.342943730000000e-1	8.479233090000000e-2
2.681074852047648e+0    4.590242510000000e-1	8.483548460000000e-2
2.677635275156194e+0    4.596313240000000e-1	8.559147270000000e-2
2.674204512290148e+0    4.552934170000000e-1	8.611916010000000e-2
2.670782529613532e+0    4.730256800000000e-1	8.903489260000000e-2
2.667369293463334e+0    4.987595680000000e-1	9.140926600000000e-2
2.663964770348409e+0    5.122582910000000e-1	8.843161910000000e-2
2.660568926948380e+0    5.163243410000000e-1	8.836425840000000e-2
2.657181730112553e+0    5.366088150000000e-1	9.357370440000000e-2
2.653803152539454e+0    5.331645610000000e-1	9.207758310000000e-2
2.650433150038869e+0    5.264410970000000e-1	8.989228310000000e-2
2.647071695657802e+0    5.574192400000000e-1	8.698791270000000e-2
2.643718756913580e+0    5.847809910000000e-1	9.064122290000000e-2
2.640374301487899e+0    5.909028050000000e-1	8.977528660000000e-2
2.637038297225789e+0    6.048699620000000e-1	9.006294610000000e-2
2.633710712134579e+0    6.030452850000000e-1	8.796058600000000e-2
2.630391514382876e+0    6.155617240000000e-1	9.200274200000000e-2
2.627080672299552e+0    6.213094000000000e-1	9.472565350000000e-2
2.623778154372731e+0    6.155753140000000e-1	9.187708800000000e-2
2.620483929248798e+0    6.199708579999999e-1	9.326755260000000e-2
2.617197965731398e+0    6.181809900000001e-1	9.743703160000000e-2
2.613920232780456e+0    5.817447900000000e-1	9.762572500000000e-2
2.610650705008582e+0    5.682208540000000e-1	9.887830910000000e-2
