00.00     2.97426900e-04     0.00000000e+00
00.01     3.12233200e-04     0.00000000e+00
00.02     3.55234400e-04     0.00000000e+00
00.03     4.22576000e-04     0.00000000e+00
00.04     5.08975500e-04     0.00000000e+00
00.05     6.08921600e-04     0.00000000e+00
00.06     7.17627300e-04     0.00000000e+00
00.07     8.31512900e-04     0.00000000e+00
00.08     9.48236200e-04     0.00000000e+00
00.09     1.06644010e-03     0.00000000e+00
00.10     1.18545680e-03     0.00000000e+00
00.11     1.30495630e-03     0.00000000e+00
00.12     1.42484680e-03     0.00000000e+00
00.13     1.54511120e-03     0.00000000e+00
00.14     1.66575000e-03     0.00000000e+00
00.15     1.78679300e-03     0.00000000e+00
00.16     1.90826100e-03     0.00000000e+00
00.17     2.03019200e-03     0.00000000e+00
00.18     2.15262600e-03     0.00000000e+00
00.19     2.27557400e-03     0.00000000e+00
00.20     2.39908400e-03     0.00000000e+00
00.21     2.52318600e-03     0.00000000e+00
00.22     2.64790000e-03     0.00000000e+00
00.23     2.77327600e-03     0.00000000e+00
00.24     2.89933200e-03     0.00000000e+00
00.25     3.02611900e-03     0.00000000e+00
00.26     3.15365600e-03     0.00000000e+00
00.27     3.28199300e-03     0.00000000e+00
00.28     3.41115900e-03     0.00000000e+00
00.29     3.54118400e-03     0.00000000e+00
00.30     3.67211800e-03     0.00000000e+00
00.31     3.80400000e-03     0.00000000e+00
00.32     3.93684900e-03     0.00000000e+00
00.33     4.07073600e-03     0.00000000e+00
00.34     4.20566900e-03     0.00000000e+00
00.35     4.34171900e-03     0.00000000e+00
00.36     4.47891500e-03     0.00000000e+00
00.37     4.61729600e-03     0.00000000e+00
00.38     4.75692300e-03     0.00000000e+00
00.39     4.89782400e-03     0.00000000e+00
00.40     5.04006000e-03     0.00000000e+00
00.41     5.18366900e-03     0.00000000e+00
00.42     5.32871200e-03     0.00000000e+00
00.43     5.47523800e-03     0.00000000e+00
00.44     5.62329600e-03     0.00000000e+00
00.45     5.77294600e-03     0.00000000e+00
00.46     5.92423800e-03     0.00000000e+00
00.47     6.07723100e-03     0.00000000e+00
00.48     6.23198500e-03     0.00000000e+00
00.49     6.38855900e-03     0.00000000e+00
00.50     6.54702200e-03     0.00000000e+00
00.51     6.70743500e-03     0.00000000e+00
00.52     6.86987700e-03     0.00000000e+00
00.53     7.03439700e-03     0.00000000e+00
00.54     7.20107500e-03     0.00000000e+00
00.55     7.37000000e-03     0.00000000e+00
00.56     7.54122300e-03     0.00000000e+00
00.57     7.71485100e-03     0.00000000e+00
00.58     7.89094600e-03     0.00000000e+00
00.59     8.06960600e-03     0.00000000e+00
00.60     8.25092000e-03     0.00000000e+00
00.61     8.43497000e-03     0.00000000e+00
00.62     8.62186300e-03     0.00000000e+00
00.63     8.81169900e-03     0.00000000e+00
00.64     9.00456900e-03     0.00000000e+00
00.65     9.20059000e-03     0.00000000e+00
00.66     9.39987300e-03     0.00000000e+00
00.67     9.60249800e-03     0.00000000e+00
00.68     9.80874300e-03     0.00000000e+00
00.69     1.00184590e-02     0.00000000e+00
00.70     1.02320440e-02     0.00000000e+00
00.71     1.04494980e-02     0.00000000e+00
00.72     1.06710200e-02     0.00000000e+00
00.73     1.08967110e-02     0.00000000e+00
00.74     1.11267690e-02     0.00000000e+00
00.75     1.13612930e-02     0.00000000e+00
00.76     1.16005840e-02     0.00000000e+00
00.77     1.18446400e-02     0.00000000e+00
00.78     1.20938610e-02     0.00000000e+00
00.79     1.23483470e-02     0.00000000e+00
00.80     1.26082960e-02     0.00000000e+00
00.81     1.28739080e-02     0.00000000e+00
00.82     1.31454830e-02     0.00000000e+00
00.83     1.34232200e-02     0.00000000e+00
00.84     1.37074180e-02     0.00000000e+00
00.85     1.39983760e-02     0.00000000e+00
00.86     1.42962950e-02     0.00000000e+00
00.87     1.46015720e-02     0.00000000e+00
00.88     1.49144080e-02     1.91028000e-15
00.89     1.52353020e-02     6.85381000e-14
00.90     1.55645530e-02    -2.21926000e-11
00.91     1.59025610e-02    -7.84236000e-11
00.92     1.62498250e-02    -2.31992000e-10
00.93     1.66066430e-02    -6.07426000e-10
00.94     1.69736160e-02    -1.46330000e-09
00.95     1.73513420e-02    -2.85392000e-09
00.96     1.77402220e-02    -3.27153000e-09
00.97     1.81409530e-02     4.20759000e-09
00.98     1.85542360e-02     3.96386000e-08
00.99     1.89808690e-02     1.47485000e-07
01.00     1.94215520e-02     4.06864000e-07
01.01     1.98771850e-02     9.25868000e-07
01.02     2.03486650e-02     1.80930000e-06
01.03     2.08369920e-02     3.10350000e-06
01.04     2.13433670e-02     4.77025000e-06
01.05     2.18693870e-02     6.78465000e-06
01.06     2.24170510e-02     9.44682000e-06
01.07     2.29884600e-02     1.38757000e-05
01.08     2.35856120e-02     2.24291000e-05
01.09     2.42094060e-02     3.86238000e-05
01.10     2.48591410e-02     6.61648000e-05
01.11     2.55323170e-02     1.07141000e-04
01.12     2.62260330e-02     1.60116000e-04
01.13     2.69392870e-02     2.19366000e-04
01.14     2.76754780e-02     2.76435000e-04
01.15     2.84436060e-02     3.24201000e-04
01.16     2.92574700e-02     3.62166000e-04
01.17     3.01311690e-02     4.00539000e-04
01.18     3.10737010e-02     4.60633000e-04
01.19     3.20832660e-02     5.70437000e-04
01.20     3.31452600e-02     7.56311000e-04
01.21     3.42335900e-02     1.03342000e-03
01.22     3.53173500e-02     1.39814000e-03
01.23     3.63697300e-02     1.82528000e-03
01.24     3.73776400e-02     2.27146000e-03
01.25     3.83494800e-02     2.68481000e-03
01.26     3.93169400e-02     3.01873000e-03
01.27     4.03317300e-02     3.24643000e-03
01.28     4.14549400e-02     3.37192000e-03
01.29     4.27444700e-02     3.43437000e-03
01.30     4.42399200e-02     3.50414000e-03
01.31     4.59513900e-02     3.67126000e-03
01.32     4.78529800e-02     4.02817000e-03
01.33     4.98844900e-02     4.64972000e-03
01.34     5.19595100e-02     5.57435000e-03
01.35     5.39821400e-02     6.79077000e-03
01.36     5.58672900e-02     8.23381000e-03
01.37     5.75619400e-02     9.79182000e-03
01.38     5.90613100e-02     1.13249000e-02
01.39     6.04183900e-02     1.26909000e-02
01.40     6.17416700e-02     1.37740000e-02
01.41     6.31834600e-02     1.45108000e-02
01.42     6.49204500e-02     1.49080000e-02
01.43     6.71290400e-02     1.50509000e-02
01.44     6.99600400e-02     1.51020000e-02
01.45     7.35139300e-02     1.52888000e-02
01.46     7.78219300e-02     1.58825000e-02
01.47     8.28337100e-02     1.71680000e-02
01.48     8.84177000e-02     1.94097000e-02
01.49     9.43722700e-02     2.28195000e-02
01.50     1.00446240e-01     2.75363000e-02
01.51     1.06357800e-01     3.36165000e-02
01.52     1.11820240e-01     4.10290000e-02
01.53     1.16554570e-01     4.96441000e-02
01.54     1.20330790e-01     5.92120000e-02
01.55     1.23027880e-01     6.93463000e-02
01.56     1.24721860e-01     7.95572000e-02
01.57     1.25764720e-01     8.93775000e-02
01.58     1.26798450e-01     9.86097000e-02
01.59     1.28605050e-01     1.07645000e-01
01.60     1.31765530e-01     1.17712000e-01
01.61     1.36164880e-01     1.30848000e-01
01.62     1.40530100e-01     1.49415000e-01
01.63     1.42272180e-01     1.75165000e-01
01.64     1.37843130e-01     2.08160000e-01
01.65     1.23635930e-01     2.45993000e-01
01.66     9.71862000e-02     2.83773000e-01
01.67     5.82367300e-02     3.15010000e-01
01.68     9.25710000e-03     3.33166000e-01
01.69    -4.47991700e-02     3.33353000e-01
01.70    -9.74269900e-02     3.13621000e-01
01.71    -1.41885260e-01     2.75466000e-01
01.72    -1.72500490e-01     2.23510000e-01
01.73    -1.85647870e-01     1.64576000e-01
01.74    -1.80276420e-01     1.06503000e-01
01.75    -1.58009130e-01     5.69810000e-02
01.76    -1.22901010e-01     2.24728000e-02
01.77    -8.08862500e-02     7.25343000e-03
01.78    -3.89038700e-02     1.26475000e-02
01.79    -3.76073000e-03     3.67061000e-02
01.80     1.90457700e-02     7.45500000e-02
01.81     2.62299200e-02     1.19371000e-01
01.82     1.70992900e-02     1.63776000e-01
01.83    -6.60358000e-03     2.01030000e-01
01.84    -4.12199500e-02     2.25916000e-01
01.85    -8.18260500e-02     2.35202000e-01
01.86    -1.22903550e-01     2.27877000e-01
01.87    -1.59038450e-01     2.05271000e-01
01.88    -1.85684560e-01     1.70967000e-01
01.89    -1.99927870e-01     1.30360000e-01
01.90    -2.01056390e-01     8.97389000e-02
01.91    -1.90695130e-01     5.50159000e-02
01.92    -1.72374080e-01     3.04472000e-02
01.93    -1.50597260e-01     1.78020000e-02
01.94    -1.29712660e-01     1.62855000e-02
01.95    -1.12977290e-01     2.32121000e-02
01.96    -1.02101850e-01     3.51020000e-02
01.97    -9.73486500e-02     4.87366000e-02
01.98    -9.80021900e-02     6.18227000e-02
01.99    -1.02971180e-01     7.31596000e-02
02.00    -1.11288010e-01     8.24159999e-02
02.01    -1.22395090e-01     8.96962998e-02
02.02    -1.36185430e-01     9.50553996e-02
02.03    -1.52812020e-01     9.81020991e-02
02.04    -1.72351880e-01     9.78203984e-02
02.05    -1.94443000e-01     9.26927977e-02
02.06    -2.18061390e-01     8.10879975e-02
02.07    -2.41513040e-01     6.17361996e-02
02.08    -2.62639960e-01     3.40815073e-02
02.09    -2.79095150e-01    -1.58219385e-03
02.10    -2.88606600e-01    -4.41309358e-02
02.11    -2.89185330e-01    -9.16626685e-02
02.12    -2.79346340e-01    -1.41539760e-01
02.13    -2.58351640e-01    -1.90499600e-01
02.14    -2.26440240e-01    -2.34941378e-01
02.15    -1.84932150e-01    -2.71397088e-01
02.16    -1.36106390e-01    -2.97069727e-01
02.17    -8.28699600e-02    -3.10220293e-01
02.18    -2.83308800e-02    -3.10261783e-01
02.19     2.45503700e-02    -2.97570187e-01
02.20     7.31368700e-02    -2.73173485e-01
02.21     1.15132320e-01    -2.38541640e-01
02.22     1.48565980e-01    -1.95554602e-01
02.23     1.71856200e-01    -1.46570310e-01
02.24     1.83959900e-01    -9.44238097e-02
02.25     1.84540950e-01    -4.22602859e-02
02.26     1.74051180e-01     6.72876970e-03
02.27     1.53727460e-01     4.95699702e-02
02.28     1.25524740e-01     8.37285274e-02
02.29     9.20123200e-02     1.07334204e-01
02.30     5.61895600e-02     1.19440773e-01
02.31     2.11715800e-02     1.20259291e-01
02.32    -1.02311500e-02     1.11210901e-01
02.33    -3.59379300e-02     9.46935486e-02
02.34    -5.48675600e-02     7.35627796e-02
02.35    -6.69334400e-02     5.04995479e-02
02.36    -7.27534300e-02     2.74962172e-02
02.37    -7.31956600e-02     5.68049150e-03
02.38    -6.89636900e-02    -1.44611086e-02
02.39    -6.04189300e-02    -3.25828706e-02
02.40    -4.77184400e-02    -4.79802441e-02
02.41    -3.11889700e-02    -5.93734976e-02
02.42    -1.17247300e-02    -6.51159373e-02
02.43     9.01783000e-03    -6.37478641e-02
02.44     2.87606300e-02    -5.46352482e-02
02.45     4.50463300e-02    -3.83948942e-02
02.46     5.58109100e-02    -1.69066940e-02
02.47     5.98618200e-02     7.08693400e-03
02.48     5.70966200e-02     3.06207320e-02
02.49     4.84140600e-02     5.11466980e-02
02.50     3.53856500e-02     6.69761360e-02
02.51     1.98167700e-02     7.74266940e-02
02.52     3.34321000e-03     8.26704350e-02
02.53    -1.28116500e-02     8.33569790e-02
02.54    -2.78332500e-02     8.01579500e-02
02.55    -4.10719700e-02     7.34613100e-02
02.56    -5.17072600e-02     6.34480980e-02
02.57    -5.85920400e-02     5.06222240e-02
02.58    -6.05418100e-02     3.65285664e-02
02.59    -5.70856100e-02     2.40969170e-02
02.60    -4.93231600e-02     1.70742291e-02
02.61    -4.02813200e-02     1.85176164e-02
02.62    -3.43076000e-02     2.90257830e-02
02.63    -3.55753700e-02     4.57636590e-02
02.64    -4.63561000e-02     6.30098270e-02
02.65    -6.59295600e-02     7.40968000e-02
02.66    -9.06798900e-02     7.38222790e-02
02.67    -1.15308300e-01     6.02077160e-02
02.68    -1.34563310e-01     3.49163910e-02
02.69    -1.44749040e-01     2.34907900e-03
02.70    -1.44487020e-01    -3.20030000e-02
02.71    -1.34619490e-01    -6.31943285e-02
02.72    -1.17487160e-01    -8.78775788e-02
02.73    -9.60159800e-02    -1.04575470e-01
02.74    -7.29613400e-02    -1.13333343e-01
02.75    -5.05105300e-02    -1.15121466e-01
02.76    -3.02071100e-02    -1.11308507e-01
02.77    -1.30355200e-02    -1.03392009e-01
02.78     5.00700000e-04    -9.29157810e-02
02.79     1.03702300e-02    -8.14202010e-02
02.80     1.70180200e-02    -7.02693140e-02
02.81     2.12704100e-02    -6.03753390e-02
02.82     2.40877800e-02    -5.19787820e-02
02.83     2.62356100e-02    -4.46674040e-02
02.84     2.80322900e-02    -3.76784067e-02
02.85     2.93039900e-02    -3.03413740e-02
02.86     2.95621200e-02    -2.24331460e-02
02.87     2.82948000e-02    -1.42892410e-02
02.88     2.52337000e-02    -6.67393000e-03
02.89     2.05023600e-02    -5.15219000e-04
02.90     1.46279300e-02     3.37450100e-03
02.91     8.44263000e-03     4.52470000e-03
02.92     2.90844000e-03     2.95281000e-03
02.93    -1.10248000e-03    -7.99249000e-04
02.94    -3.02117000e-03    -5.77191000e-03
02.95    -2.71605000e-03    -1.08376300e-02
02.96    -4.85040000e-04    -1.50162200e-02
02.97     3.10003000e-03    -1.77201300e-02
02.98     7.42498000e-03    -1.88142500e-02
02.99     1.20256800e-02    -1.84704300e-02
03.00     1.66491400e-02    -1.69155800e-02
03.01     2.11696900e-02    -1.42256300e-02
03.02     2.54321400e-02    -1.02836900e-02
03.03     2.91276500e-02    -4.91268000e-03
03.04     3.17852000e-02     1.90716400e-03
03.05     3.28859900e-02     9.86746000e-03
03.06     3.20457500e-02     1.83023420e-02
03.07     2.91774500e-02     2.63153580e-02
03.08     2.45656700e-02     3.30072630e-02
03.09     1.88252600e-02     3.77194480e-02
03.10     1.27573300e-02     4.02129766e-02
03.11     7.14766000e-03     4.07291980e-02
03.12     2.56808000e-03     3.99110040e-02
03.13    -7.56520000e-04     3.86054050e-02
03.14    -2.97127000e-03     3.76128100e-02
03.15    -4.50293000e-03     3.74736400e-02
03.16    -5.90154000e-03     3.83644500e-02
03.17    -7.67817000e-03     4.01228600e-02
03.18    -1.01923830e-02     4.23572000e-02
03.19    -1.36063300e-02     4.45759900e-02
03.20    -1.78888300e-02     4.62906800e-02
03.21    -2.28441000e-02     4.70861000e-02
03.22    -2.81520000e-02     4.66710800e-02
03.23    -3.34182000e-02     4.49148600e-02
03.24    -3.82305000e-02     4.18629400e-02
03.25    -4.22136000e-02     3.77261200e-02
03.26    -4.50743000e-02     3.28539300e-02
03.27    -4.66386000e-02     2.77066700e-02
03.28    -4.68878000e-02     2.28194400e-02
03.29    -4.59906000e-02     1.87435400e-02
03.30    -4.43128000e-02     1.59539500e-02
03.31    -4.23854000e-02     1.47373500e-02
03.32    -4.08231000e-02     1.50965900e-02
03.33    -4.02038000e-02     1.67051500e-02
03.34    -4.09324000e-02     1.89366380e-02
03.35    -4.31278000e-02     2.09807400e-02
03.36    -4.65682000e-02     2.20267900e-02
03.37    -5.07247000e-02     2.14755300e-02
03.38    -5.48879000e-02     1.91143200e-02
03.39    -5.83613000e-02     1.51946000e-02
03.40    -6.06691000e-02     1.03691000e-02
03.41    -6.17051000e-02     5.48130000e-03
03.42    -6.17551000e-02     1.26530000e-03
03.43    -6.13656000e-02    -1.92427000e-03
03.44    -6.11079000e-02    -4.22323000e-03
03.45    -6.13455000e-02    -6.14775000e-03
03.46    -6.21160000e-02    -8.32671000e-03
03.47    -6.31705000e-02    -1.12289100e-02
03.48    -6.41207000e-02    -1.50196800e-02
03.49    -6.46017000e-02    -1.95829600e-02
03.50    -6.43694000e-02    -2.46421600e-02
03.51    -6.33225000e-02    -2.98874130e-02
03.52    -6.14701000e-02    -3.50563700e-02
03.53    -5.88831000e-02    -3.99661800e-02
03.54    -5.56485000e-02    -4.45093000e-02
03.55    -5.18387000e-02    -4.86222000e-02
03.56    -4.75074000e-02    -5.22391000e-02
03.57    -4.27142000e-02    -5.52582000e-02
03.58    -3.75603000e-02    -5.75547000e-02
03.59    -3.21997000e-02    -5.90409000e-02
03.60    -2.68060000e-02    -5.97306000e-02
03.61    -2.15064400e-02    -5.97446000e-02
03.62    -1.63348700e-02    -5.92376000e-02
03.63    -1.12423900e-02    -5.82851000e-02
03.64    -6.17234000e-03    -5.68123000e-02
03.65    -1.15290000e-03    -5.46216000e-02
03.66     3.65130000e-03    -5.15080000e-02
03.67     7.96750000e-03    -4.73931300e-02
03.68     1.15042000e-02    -4.23900300e-02
03.69     1.40410400e-02    -3.67537300e-02
03.70     1.54532700e-02    -3.07596000e-02
03.71     1.56539600e-02    -2.46189000e-02
03.72     1.45164800e-02    -1.85336000e-02
03.73     1.18867100e-02    -1.28886000e-02
03.74     7.75541000e-03    -8.42610000e-03
03.75     2.52831000e-03    -6.17820000e-03
03.76    -2.79668000e-03    -7.04960000e-03
03.77    -6.75361400e-03    -1.12014000e-02
03.78    -7.88429000e-03    -1.76070000e-02
03.79    -5.38032000e-03    -2.41271000e-02
03.80     4.38100000e-04    -2.81618000e-02
03.81     8.06990000e-03    -2.75885000e-02
03.82     1.52368000e-02    -2.15347000e-02
03.83     1.95472000e-02    -1.06816000e-02
03.84     1.91574600e-02     2.91820000e-03
03.85     1.32560100e-02     1.63355000e-02
03.86     2.31316600e-03     2.64065000e-02
03.87    -1.19279400e-02     3.04583000e-02
03.88    -2.67605000e-02     2.70402000e-02
03.89    -3.91469000e-02     1.64796000e-02
03.90    -4.65608000e-02     9.63100000e-04
03.91    -4.77622000e-02    -1.60303000e-02
03.92    -4.31705000e-02    -3.08254000e-02
03.93    -3.46428000e-02    -4.07380000e-02
03.94    -2.47458000e-02    -4.48396000e-02
03.95    -1.58480000e-02    -4.39913000e-02
03.96    -9.41970000e-03    -4.02166000e-02
03.97    -5.78230000e-03    -3.57812000e-02
03.98    -4.30910000e-03    -3.24037000e-02
03.99    -3.88710000e-03    -3.08639000e-02
04.00    -3.40690000e-03    -3.10270000e-02
04.01    -2.11130000e-03    -3.21359700e-02
04.02     2.51300000e-04    -3.31943400e-02
04.03     3.44540000e-03    -3.33132500e-02
04.04     6.89070000e-03    -3.19694900e-02
04.05     9.88330000e-03    -2.91445000e-02
04.06     1.18410000e-02    -2.53127100e-02
04.07     1.25073000e-02    -2.12686900e-02
04.08     1.20383000e-02    -1.78314500e-02
04.09     1.09332000e-02    -1.55333300e-02
04.10     9.83090000e-03    -1.44222080e-02
04.11     9.25510000e-03    -1.40540900e-02
04.12     9.40200000e-03    -1.36648700e-02
04.13     1.00390000e-02    -1.24506400e-02
04.14     1.05402000e-02    -9.87424000e-03
04.15     1.00550000e-02    -5.92804000e-03
04.16     7.79260000e-03    -1.28101000e-03
04.17     3.35820000e-03     2.77900000e-03
04.18    -2.96750000e-03     4.66410000e-03
04.19    -1.01449000e-02     3.02074000e-03
04.20    -1.65788000e-02    -2.70666000e-03
04.21    -2.05749000e-02    -1.19361500e-02
04.22    -2.08882000e-02    -2.30173300e-02
04.23    -1.71387000e-02    -3.37056300e-02
04.24    -9.92910000e-03    -4.18459700e-02
04.25    -6.37600000e-04    -4.59841100e-02
04.26     9.00370000e-03    -4.56927000e-02
04.27     1.73741000e-02    -4.15611700e-02
04.28     2.33323000e-02    -3.49321000e-02
04.29     2.64257000e-02    -2.75148000e-02
04.30     2.69303000e-02    -2.09693000e-02
04.31     2.57317000e-02    -1.65218000e-02
04.32     2.40676000e-02    -1.46785000e-02
04.33     2.31835000e-02    -1.51275000e-02
04.34     2.40046000e-02    -1.68739000e-02
04.35     2.69241700e-02    -1.85557000e-02
04.36     3.17617300e-02    -1.87995000e-02
04.37     3.78487000e-02    -1.64757000e-02
04.38     4.41530100e-02    -1.08235000e-02
04.39     4.93872000e-02    -1.52400000e-03
04.40     5.21241070e-02     1.11760000e-02
04.41     5.09987600e-02     2.62918000e-02
04.42     4.50373200e-02     4.20174000e-02
04.43     3.40381100e-02     5.59119100e-02
04.44     1.88317700e-02     6.54239200e-02
04.45     1.24284000e-03     6.86125900e-02
04.46    -1.63001000e-02     6.47674100e-02
04.47    -3.13852000e-02     5.46409000e-02
04.48    -4.22310000e-02     4.01861000e-02
04.49    -4.80585000e-02     2.39212200e-02
04.50    -4.91091000e-02     8.20000000e-03
04.51    -4.63550000e-02    -5.32922300e-03
04.52    -4.10620000e-02    -1.59165200e-02
04.53    -3.43945000e-02    -2.35673000e-02
04.54    -2.71902000e-02    -2.87090000e-02
04.55    -1.99312000e-02    -3.18534000e-02
04.56    -1.28495000e-02    -3.33851000e-02
04.57    -6.07040000e-03    -3.35096000e-02
04.58     2.76300000e-04    -3.23111000e-02
04.59     6.01020000e-03    -2.98465000e-02
04.60     1.09068000e-02    -2.62264000e-02
04.61     1.47353800e-02    -2.16607000e-02
04.62     1.73114800e-02    -1.64687000e-02
04.63     1.85448200e-02    -1.10566000e-02
04.64     1.84741800e-02    -5.86410000e-03
04.65     1.72749500e-02    -1.29020000e-03
04.66     1.52314700e-02     2.38200000e-03
04.67     1.26775300e-02     5.03700000e-03
04.68     9.92163000e-03     6.72850000e-03
04.69     7.18542000e-03     7.62720000e-03
04.70     4.57818000e-03     7.93660000e-03
04.71     2.11204000e-03     7.81550000e-03
04.72    -2.55570000e-04     7.32980000e-03
04.73    -2.56752000e-03     6.43500000e-03
04.74    -4.80771000e-03     4.98310000e-03
04.75    -6.84212000e-03     2.76360000e-03
04.76    -8.38243000e-03    -3.97800000e-04
04.77    -9.00897000e-03    -4.49210000e-03
04.78    -8.28052400e-03    -9.19280000e-03
04.79    -5.90730000e-03    -1.38247000e-02
04.80    -1.91881300e-03    -1.74902000e-02
04.81     3.25978700e-03    -1.93242000e-02
04.82     8.86931800e-03    -1.87743000e-02
04.83     1.39995600e-02    -1.57869000e-02
04.84     1.78238400e-02    -1.08292000e-02
04.85     1.97997600e-02    -4.74950000e-03
04.86     1.97706800e-02     1.46170000e-03
04.87     1.79506410e-02     6.91330000e-03
04.88     1.48186200e-02     1.09828000e-02
04.89     1.09771800e-02     1.33762000e-02
04.90     7.02534000e-03     1.41000000e-02
04.91     3.47150000e-03     1.33912000e-02
04.92     6.83100000e-04     1.16450000e-02
04.93    -1.14500000e-03     9.34960000e-03
04.94    -2.00620000e-03     7.01360000e-03
04.95    -2.07430000e-03     5.07270000e-03
04.96    -1.65360000e-03     3.79460000e-03
04.97    -1.09030000e-03     3.22150000e-03
04.98    -6.69800000e-04     3.18314000e-03
04.99    -5.37900000e-04     3.38430000e-03
05.00    -6.79800000e-04     3.53105000e-03
05.01    -9.61500000e-04     3.44288000e-03
05.02    -1.21210000e-03     3.10314000e-03
05.03    -1.30830000e-03     2.63311000e-03
05.04    -1.22350000e-03     2.20849000e-03
05.05    -1.02310000e-03     1.96429000e-03
05.06    -8.17200000e-04     1.93675000e-03
05.07    -7.01700000e-04     2.06533000e-03
05.08    -7.20300000e-04     2.24073000e-03
05.09    -8.59900000e-04     2.36094700e-03
05.10    -1.07000000e-03     2.36392900e-03
05.11    -1.28710000e-03     2.23190900e-03
05.12    -1.45150000e-03     1.98386900e-03
05.13    -1.51920000e-03     1.67166300e-03
05.14    -1.47780000e-03     1.37686400e-03
05.15    -1.36330000e-03     1.19049000e-03
05.16    -1.26220000e-03     1.16554000e-03
05.17    -1.28070000e-03     1.26003000e-03
05.18    -1.48040000e-03     1.31477000e-03
05.19    -1.81241000e-03     1.10521000e-03
05.20    -2.09705000e-03     4.62750000e-04
05.21    -2.08093000e-03    -5.97960000e-04
05.22    -1.55448000e-03    -1.83140000e-03
05.23    -4.67730000e-04    -2.83800000e-03
05.24     1.02347900e-03    -3.23189000e-03
05.25     2.60794500e-03    -2.80584000e-03
05.26     3.93664300e-03    -1.60701000e-03
05.27     4.74461000e-03     1.01460000e-04
05.28     4.92340100e-03     1.95681000e-03
05.29     4.52437800e-03     3.62515000e-03
05.30     3.70726000e-03     4.89049000e-03
05.31     2.66534000e-03     5.68112000e-03
05.32     1.56089000e-03     6.03644300e-03
05.33     4.95320000e-04     6.03825630e-03
05.34    -4.77980000e-04     5.74426500e-03
05.35    -1.31189000e-03     5.16127800e-03
05.36    -1.92566000e-03     4.27456900e-03
05.37    -2.19799000e-03     3.11560200e-03
05.38    -2.00535000e-03     1.82297600e-03
05.39    -1.28893000e-03     6.50827000e-04
05.40    -1.12800000e-04    -9.17900000e-05
05.41     1.32198000e-03    -1.46150000e-04
05.42     2.71958000e-03     5.98280000e-04
05.43     3.76988400e-03     2.05948100e-03
05.44     4.23234400e-03     3.98640850e-03
05.45     3.99292200e-03     6.03083300e-03
05.46     3.08185200e-03     7.83391500e-03
05.47     1.65672000e-03     9.10131600e-03
05.48    -3.79300000e-05     9.65573900e-03
05.49    -1.72401000e-03     9.46349100e-03
05.50    -3.14686000e-03     8.63286540e-03
05.51    -4.12522000e-03     7.38325900e-03
05.52    -4.58318000e-03     5.99047600e-03
05.53    -4.55591000e-03     4.72133900e-03
05.54    -4.16844000e-03     3.77514750e-03
05.55    -3.59490000e-03     3.24784900e-03
05.56    -3.01046000e-03     3.12794000e-03
05.57    -2.55221000e-03     3.32198700e-03
05.58    -2.29882000e-03     3.69671200e-03
05.59    -2.27147000e-03     4.11870900e-03
05.60    -2.44815000e-03     4.47773000e-03
05.61    -2.77898000e-03     4.69162000e-03
05.62    -3.19551000e-03     4.70299000e-03
05.63    -3.61419000e-03     4.48021000e-03
05.64    -3.94170000e-03     4.02785000e-03
05.65    -4.08894000e-03     3.40005000e-03
05.66    -3.99404000e-03     2.70352000e-03
05.67    -3.64582000e-03     2.07942000e-03
05.68    -3.09509000e-03     1.66474000e-03
05.69    -2.44420000e-03     1.54809000e-03
05.70    -1.81643000e-03     1.74025000e-03
05.71    -1.31747000e-03     2.17491000e-03
05.72    -1.00587300e-03     2.73877000e-03
05.73    -8.84241000e-04     3.31524000e-03
05.74    -9.11736000e-04     3.82113000e-03
05.75    -1.02877000e-03     4.22305000e-03
05.76    -1.18161400e-03     4.53207200e-03
05.77    -1.33802700e-03     4.78445430e-03
05.78    -1.49071700e-03     5.01923300e-03
05.79    -1.65054000e-03     5.26125000e-03
05.80    -1.83463000e-03     5.51489900e-03
05.81    -2.05572000e-03     5.76902000e-03
05.82    -2.31762000e-03     6.00827000e-03
05.83    -2.61802000e-03     6.22305000e-03
05.84    -2.95503000e-03     6.41146100e-03
05.85    -3.33150000e-03     6.57227400e-03
05.86    -3.75303900e-03     6.69530000e-03
05.87    -4.22038500e-03     6.75732000e-03
05.88    -4.72183500e-03     6.72833300e-03
05.89    -5.23148200e-03     6.58499200e-03
05.90    -5.71554800e-03     6.32217100e-03
05.91    -6.14283000e-03     5.95462000e-03
05.92    -6.49239000e-03     5.50768000e-03
05.93    -6.75326000e-03     5.00430000e-03
05.94    -6.91726000e-03     4.45844000e-03
05.95    -6.97155000e-03     3.88073000e-03
05.96    -6.89809000e-03     3.29252000e-03
05.97    -6.68308000e-03     2.73753000e-03
05.98    -6.33171000e-03     2.28023000e-03
05.99    -5.87873000e-03     1.98835000e-03
06.00    -5.38715000e-03     1.90724000e-03
06.01    -4.93339300e-03     2.03981400e-03
06.02    -4.58542100e-03     2.34289600e-03
06.03    -4.38374000e-03     2.74222300e-03
06.04    -4.33414800e-03     3.15848000e-03
06.05    -4.41416000e-03     3.53160000e-03
06.06    -4.58877000e-03     3.83254000e-03
06.07    -4.82667000e-03     4.05893700e-03
06.08    -5.10908000e-03     4.21941100e-03
06.09    -5.42790000e-03     4.31733600e-03
06.10    -5.77699000e-03     4.34381500e-03
06.11    -6.14348000e-03     4.28251300e-03
06.12    -6.50524000e-03     4.12097300e-03
06.13    -6.83509000e-03     3.85906500e-03
06.14    -7.10733000e-03     3.50910000e-03
06.15    -7.30114000e-03     3.08985000e-03
06.16    -7.39947000e-03     2.62179000e-03
06.17    -7.38665000e-03     2.12887000e-03
06.18    -7.24994700e-03     1.64572000e-03
06.19    -6.98708400e-03     1.22307000e-03
06.20    -6.61682100e-03     9.23444000e-04
06.21    -6.18582700e-03     8.05292000e-04
06.22    -5.76571800e-03     9.00722000e-04
06.23    -5.43852500e-03     1.19726900e-03
06.24    -5.27501300e-03     1.63308500e-03
06.25    -5.31380200e-03     2.10922000e-03
06.26    -5.54949800e-03     2.51483200e-03
06.27    -5.93376000e-03     2.75594000e-03
06.28    -6.38840000e-03     2.77837300e-03
06.29    -6.82581000e-03     2.57832600e-03
06.30    -7.17029000e-03     2.19894700e-03
06.31    -7.37435000e-03     1.71485900e-03
06.32    -7.42582000e-03     1.20987700e-03
06.33    -7.34436000e-03     7.54871000e-04
06.34    -7.16958000e-03     3.93106000e-04
06.35    -6.94610000e-03     1.37324700e-04
06.36    -6.71139000e-03    -2.24210000e-05
06.37    -6.49082000e-03    -1.05782000e-04
06.38    -6.29970000e-03    -1.31638000e-04
06.39    -6.14846000e-03    -1.15230000e-04
06.40    -6.04602000e-03    -7.24140000e-05
06.41    -5.99810000e-03    -2.56127000e-05
06.42    -6.00167000e-03    -4.66770000e-06
06.43    -6.04044000e-03    -3.96040000e-05
06.44    -6.08569000e-03    -1.48427000e-04
06.45    -6.10419000e-03    -3.27319000e-04
06.46    -6.06994000e-03    -5.49952000e-04
06.47    -5.97353000e-03    -7.77458000e-04
06.48    -5.82443400e-03    -9.74220000e-04
06.49    -5.64481300e-03    -1.12150300e-03
06.50    -5.45841000e-03    -1.22247700e-03
06.51    -5.27990200e-03    -1.29656900e-03
06.52    -5.10987400e-03    -1.36731600e-03
06.53    -4.93696800e-03    -1.44988800e-03
06.54    -4.74513000e-03    -1.54462800e-03
06.55    -4.52150000e-03    -1.63852400e-03
06.56    -4.26119000e-03    -1.71212500e-03
06.57    -3.96744000e-03    -1.74696500e-03
06.58    -3.64877000e-03    -1.72920000e-03
06.59    -3.31625000e-03    -1.64900000e-03
06.60    -2.98282000e-03    -1.49806140e-03
06.61    -2.66463000e-03    -1.26865300e-03
06.62    -2.38251100e-03    -9.56080000e-04
06.63    -2.16160200e-03    -5.63527000e-04
06.64    -2.02787400e-03    -1.06905000e-04
06.65    -2.00229100e-03     3.83181000e-04
06.66    -2.09429400e-03     8.63917000e-04
06.67    -2.29690400e-03     1.28711300e-03
06.68    -2.58517300e-03     1.60894100e-03
06.69    -2.91881100e-03     1.80021900e-03
06.70    -3.24935000e-03     1.85510690e-03
06.71    -3.53078000e-03     1.79541429e-03
06.72    -3.73162300e-03     1.66758860e-03
06.73    -3.84451000e-03     1.53122500e-03
06.74    -3.88898000e-03     1.44075200e-03
06.75    -3.90486000e-03     1.42704900e-03
06.76    -3.93779000e-03     1.48659100e-03
06.77    -4.02224000e-03     1.58334200e-03
06.78    -4.16841000e-03     1.66296772e-03
06.79    -4.35818000e-03     1.67355600e-03
06.80    -4.55122000e-03     1.58542800e-03
06.81    -4.69899000e-03     1.40327300e-03
06.82    -4.76214000e-03     1.16698000e-03
06.83    -4.72567000e-03     9.40460000e-04
06.84    -4.60689000e-03     7.91350000e-04
06.85    -4.45239000e-03     7.67290000e-04
06.86    -4.32421000e-03     8.77240000e-04
06.87    -4.27904000e-03     1.08597000e-03
06.88    -4.34876000e-03     1.32562000e-03
06.89    -4.53062300e-03     1.52040000e-03
06.90    -4.79138700e-03     1.61270000e-03
06.91    -5.08227600e-03     1.57859000e-03
06.92    -5.35653200e-03     1.42698000e-03
06.93    -5.58121060e-03     1.18675000e-03
06.94    -5.74019800e-03     8.91440000e-04
06.95    -5.83040400e-03     5.68640000e-04
06.96    -5.85522100e-03     2.35920000e-04
06.97    -5.81844000e-03    -9.79300000e-05
06.98    -5.72018000e-03    -4.28410000e-04
06.99    -5.55624000e-03    -7.48430000e-04
07.00    -5.32153000e-03    -1.04205000e-03
07.01    -5.01661000e-03    -1.28237600e-03
07.02    -4.65407000e-03    -1.43690000e-03
07.03    -4.26065000e-03    -1.47830800e-03
07.04    -3.87298000e-03    -1.39545400e-03
07.05    -3.52886000e-03    -1.19828800e-03
07.06    -3.25819000e-03    -9.14680000e-04
07.07    -3.07753000e-03    -5.81821000e-04
07.08    -2.98938000e-03    -2.37014500e-04
07.09    -2.98490000e-03     8.87498000e-05
07.10    -3.04813000e-03     3.73957100e-04
07.11    -3.16023000e-03     6.07357000e-04
07.12    -3.30342000e-03     7.86766000e-04
07.13    -3.46360000e-03     9.15751000e-04
07.14    -3.63075000e-03     9.99071000e-04
07.15    -3.79684000e-03     1.03945100e-03
07.16    -3.95298000e-03     1.03829200e-03
07.17    -4.08842700e-03     1.00013300e-03
07.18    -4.19336400e-03     9.37334000e-04
07.19    -4.26393500e-03     8.70488000e-04
07.20    -4.30652100e-03     8.22904000e-04
07.21    -4.33803700e-03     8.11457000e-04
07.22    -4.38120400e-03     8.38778000e-04
07.23    -4.45685100e-03     8.90795000e-04
07.24    -4.57661000e-03     9.40752000e-04
07.25    -4.73879500e-03     9.57619000e-04
07.26    -4.92891500e-03     9.15308000e-04
07.27    -5.12382100e-03     7.99263000e-04
07.28    -5.29750500e-03     6.08685000e-04
07.29    -5.42636100e-03     3.54799700e-04
07.30    -5.49237700e-03     5.71875000e-05
07.31    -5.48460500e-03    -2.59527800e-04
07.32    -5.39987500e-03    -5.67723000e-04
07.33    -5.24375000e-03    -8.38474000e-04
07.34    -5.03161200e-03    -1.04477400e-03
07.35    -4.78819700e-03    -1.16702600e-03
07.36    -4.54419000e-03    -1.19934500e-03
07.37    -4.32975000e-03    -1.15337190e-03
07.38    -4.16671000e-03    -1.05668600e-03
07.39    -4.06271000e-03    -9.45496000e-04
07.40    -4.00965000e-03    -8.54063000e-04
07.41    -3.98710000e-03    -8.05083000e-04
07.42    -3.96930100e-03    -8.04337000e-04
07.43    -3.93293200e-03    -8.40839000e-04
07.44    -3.86353200e-03    -8.91590000e-04
07.45    -3.75876000e-03    -9.28923000e-04
07.46    -3.62843300e-03    -9.28293000e-04
07.47    -3.49142700e-03    -8.74777000e-04
07.48    -3.37043000e-03    -7.67025000e-04
07.49    -3.28564300e-03    -6.17822000e-04
07.50    -3.24900200e-03    -4.50619000e-04
07.51    -3.26071900e-03    -2.92457000e-04
07.52    -3.30980000e-03    -1.65239000e-04
07.53    -3.37867070e-03    -7.86700000e-05
07.54    -3.45022320e-03    -2.83600000e-05
07.55    -3.51415170e-03    -8.60000000e-08
07.56    -3.56953520e-03     2.20370000e-05
07.57    -3.62290880e-03     4.78490000e-05
07.58    -3.68326680e-03     7.75800000e-05
07.59    -3.75706500e-03     1.03349200e-04
07.60    -3.84532670e-03     1.13783580e-04
07.61    -3.94360071e-03     9.88727000e-05
07.62    -4.04386800e-03     5.29474000e-05
07.63    -4.13697770e-03    -2.46394000e-05
07.64    -4.21470600e-03    -1.30467250e-04
07.65    -4.27078040e-03    -2.58604000e-04
07.66    -4.30117230e-03    -4.02086000e-04
07.67    -4.30388200e-03    -5.53951000e-04
07.68    -4.27842600e-03    -7.07760000e-04
07.69    -4.22547000e-03    -8.57712000e-04
07.70    -4.14657000e-03    -9.98618000e-04
07.71    -4.04398500e-03    -1.12597700e-03
07.72    -3.92044000e-03    -1.23624300e-03
07.73    -3.77864500e-03    -1.32695300e-03
07.74    -3.62074100e-03    -1.39626700e-03
07.75    -3.44817300e-03    -1.44171900e-03
07.76    -3.26254500e-03    -1.45875300e-03
07.77    -3.06729800e-03    -1.44007600e-03
07.78    -2.86964400e-03    -1.37694100e-03
07.79    -2.68151400e-03    -1.26236600e-03
07.80    -2.51862800e-03    -1.09506080e-03
07.81    -2.39759200e-03    -8.82376100e-04
07.82    -2.33188200e-03    -6.40629200e-04
07.83    -2.32826800e-03    -3.92442000e-04
07.84    -2.38509500e-03    -1.61961000e-04
07.85    -2.49287400e-03     3.01550000e-05
07.86    -2.63687100e-03     1.70064500e-04
07.87    -2.80024300e-03     2.51413900e-04
07.88    -2.96641000e-03     2.73983970e-04
07.89    -3.12018900e-03     2.41979500e-04
07.90    -3.24815400e-03     1.63383000e-04
07.91    -3.33938700e-03     5.03680000e-05
07.92    -3.38707100e-03    -8.06390000e-05
07.93    -3.39030200e-03    -2.10703000e-04
07.94    -3.35483700e-03    -3.22027000e-04
07.95    -3.29186700e-03    -4.01945000e-04
07.96    -3.21520400e-03    -4.45297000e-04
07.97    -3.13804400e-03    -4.54251600e-04
07.98    -3.07058000e-03    -4.36250400e-04
07.99    -3.01881100e-03    -4.01508120e-04
08.00    -2.98435200e-03    -3.60923500e-04
08.01    -2.96455100e-03    -3.24283200e-04
08.02    -2.95332000e-03    -2.98217600e-04
08.03    -2.94274900e-03    -2.84090000e-04
08.04    -2.92593800e-03    -2.76960000e-04
08.05    -2.90003600e-03    -2.66952000e-04
08.06    -2.86805200e-03    -2.43221700e-04
08.07    -2.83832500e-03    -1.99073100e-04
08.08    -2.82129400e-03    -1.35667000e-04
08.09    -2.82516500e-03    -6.22659000e-05
08.10    -2.85248900e-03     7.28100000e-06
08.11    -2.89922100e-03     6.00280000e-05
08.12    -2.95675800e-03     8.85770000e-05
08.13    -3.01555200e-03     9.26810000e-05
08.14    -3.06837900e-03     7.74260000e-05
08.15    -3.11171700e-03     4.95230000e-05
08.16    -3.14502400e-03     1.40240000e-05
08.17    -3.16876300e-03    -2.68730000e-05
08.18    -3.18270600e-03    -7.27600000e-05
08.19    -3.18540200e-03    -1.22913000e-04
08.20    -3.17499700e-03    -1.74681000e-04
08.21    -3.15055400e-03    -2.23318400e-04
08.22    -3.11308700e-03    -2.63133700e-04
08.23    -3.06575700e-03    -2.89078000e-04
08.24    -3.01326700e-03    -2.97977000e-04
08.25    -2.96104000e-03    -2.89044700e-04
08.26    -2.91426100e-03    -2.63826800e-04
08.27    -2.87714500e-03    -2.25800000e-04
08.28    -2.85243900e-03    -1.79717000e-04
08.29    -2.84115900e-03    -1.30790000e-04
08.30    -2.84273400e-03    -8.38670000e-05
08.31    -2.85531700e-03    -4.29200000e-05
08.32    -2.87619600e-03    -1.08730000e-05
08.33    -2.90205300e-03     1.04610000e-05
08.34    -2.92921800e-03     2.06340000e-05
08.35    -2.95417200e-03     2.09680000e-05
08.36    -2.97433600e-03     1.46410000e-05
08.37    -2.98891500e-03     5.98300000e-06
08.38    -2.99919100e-03    -9.85000000e-07
08.39    -3.00801800e-03    -4.10400000e-06
08.40    -3.01866400e-03    -3.93400000e-06
08.41    -3.03344400e-03    -3.47500000e-06
08.42    -3.05284100e-03    -7.01900000e-06
08.43    -3.07525200e-03    -1.86820000e-05
08.44    -3.09737000e-03    -4.11970000e-05
08.45    -3.11501700e-03    -7.51670000e-05
08.46    -3.12402300e-03    -1.18859000e-04
08.47    -3.12117200e-03    -1.68514000e-04
08.48    -3.10485300e-03    -2.19123000e-04
08.49    -3.07523000e-03    -2.65438000e-04
08.50    -3.03408000e-03    -3.02898000e-04
08.51    -2.98430200e-03    -3.28113200e-04
08.52    -2.92944300e-03    -3.38916600e-04
08.53    -2.87337500e-03    -3.34244800e-04
08.54    -2.82019000e-03    -3.14167900e-04
08.55    -2.77386200e-03    -2.80115500e-04
08.56    -2.73782900e-03    -2.35022100e-04
08.57    -2.71445600e-03    -1.83082000e-04
08.58    -2.70460700e-03    -1.29085000e-04
08.59    -2.70769100e-03    -7.75890000e-05
08.60    -2.72193800e-03    -3.23290000e-05
08.61    -2.74479400e-03     3.99300000e-06
08.62    -2.77327000e-03     2.96830000e-05
08.63    -2.80410200e-03     4.40300000e-05
08.64    -2.83400800e-03     4.74750000e-05
08.65    -2.86003900e-03     4.18259000e-05
08.66    -2.88015500e-03     3.02100000e-05
08.67    -2.89376600e-03     1.64830000e-05
08.68    -2.90188500e-03     4.19600000e-06
08.69    -2.90671400e-03    -4.47900000e-06
08.70    -2.91084900e-03    -9.29300000e-06
08.71    -2.91633500e-03    -1.16790000e-05
08.72    -2.92412900e-03    -1.38880000e-05
08.73    -2.93411600e-03    -1.80410000e-05
08.74    -2.94543300e-03    -2.55900000e-05
08.75    -2.95692300e-03    -3.72920000e-05
08.76    -2.96734000e-03    -5.34810000e-05
08.77    -2.97533600e-03    -7.42130000e-05
08.78    -2.97945700e-03    -9.91260000e-05
08.79    -2.97826200e-03    -1.27152000e-04
08.80    -2.97068800e-03    -1.56393000e-04
08.81    -2.95641600e-03    -1.84359000e-04
08.82    -2.93605600e-03    -2.08531700e-04
08.83    -2.91101000e-03    -2.26950800e-04
08.84    -2.88314800e-03    -2.38572600e-04
08.85    -2.85435300e-03    -2.43257200e-04
08.86    -2.82626300e-03    -2.41497000e-04
08.87    -2.80017000e-03    -2.34103500e-04
08.88    -2.77701500e-03    -2.22009400e-04
08.89    -2.75752100e-03    -2.06199000e-04
08.90    -2.74217200e-03    -1.87671000e-04
08.91    -2.73124200e-03    -1.67387000e-04
08.92    -2.72493200e-03    -1.46222000e-04
08.93    -2.72337500e-03    -1.25019000e-04
08.94    -2.72668600e-03    -1.04733000e-04
08.95    -2.73485600e-03    -8.65920000e-05
08.96    -2.74753800e-03    -7.21330000e-05
08.97    -2.76384800e-03    -6.30340000e-05
08.98    -2.78229400e-03    -6.07780000e-05
08.99    -2.80080600e-03    -6.62270000e-05
09.00    -2.81706000e-03    -7.92770000e-05
09.01    -2.82883900e-03    -9.87080000e-05
09.02    -2.83453500e-03    -1.22336000e-04
09.03    -2.83342600e-03    -1.47442000e-04
09.04    -2.82573200e-03    -1.71334000e-04
09.05    -2.81249300e-03    -1.91837800e-04
09.06    -2.79525500e-03    -2.07556300e-04
09.07    -2.77570700e-03    -2.17884800e-04
09.08    -2.75544900e-03    -2.22870300e-04
09.09    -2.73584300e-03    -2.23012200e-04
09.10    -2.71798400e-03    -2.19123400e-04
09.11    -2.70266200e-03    -2.12217950e-04
09.12    -2.69030500e-03    -2.03431120e-04
09.13    -2.68105700e-03    -1.93914630e-04
09.14    -2.67470600e-03    -1.84709920e-04
09.15    -2.67084600e-03    -1.76657970e-04
09.16    -2.66889100e-03    -1.70368150e-04
09.17    -2.66816900e-03    -1.66252500e-04
09.18    -2.66792200e-03    -1.64531100e-04
09.19    -2.66734800e-03    -1.65158110e-04
09.20    -2.66565600e-03    -1.67704390e-04
09.21    -2.66231600e-03    -1.71310660e-04
09.22    -2.65718400e-03    -1.74844320e-04
09.23    -2.65064400e-03    -1.77222410e-04
09.24    -2.64347900e-03    -1.77768200e-04
09.25    -2.63666200e-03    -1.76431800e-04
09.26    -2.63100400e-03    -1.73790500e-04
09.27    -2.62696100e-03    -1.70855300e-04
09.28    -2.62448600e-03    -1.68755900e-04
09.29    -2.62309300e-03    -1.68430280e-04
09.30    -2.62199200e-03    -1.70401615e-04
09.31    -2.62029800e-03    -1.74714480e-04
09.32    -2.61721500e-03    -1.81013800e-04
09.33    -2.61215100e-03    -1.88712900e-04
09.34    -2.60469600e-03    -1.97120200e-04
09.35    -2.59459600e-03    -2.05475900e-04
09.36    -2.58176500e-03    -2.12914500e-04
09.37    -2.56633400e-03    -2.18422600e-04
09.38    -2.54880200e-03    -2.20906300e-04
09.39    -2.53005300e-03    -2.19374700e-04
09.40    -2.51136900e-03    -2.13206000e-04
09.41    -2.49424800e-03    -2.02398500e-04
09.42    -2.48015000e-03    -1.87716140e-04
09.43    -2.47018600e-03    -1.70667400e-04
09.44    -2.46480800e-03    -1.53285500e-04
09.45    -2.46365400e-03    -1.37720500e-04
09.46    -2.46553800e-03    -1.25728500e-04
09.47    -2.46872100e-03    -1.18205700e-04
09.48    -2.47135500e-03    -1.14925200e-04
09.49    -2.47195600e-03    -1.14608800e-04
09.50    -2.46982200e-03    -1.15339500e-04
09.51    -2.46514500e-03    -1.15157960e-04
09.52    -2.45889100e-03    -1.12653559e-04
09.53    -2.45236900e-03    -1.07330690e-04
09.54    -2.44681200e-03    -9.96321100e-05
09.55    -2.44300400e-03    -9.06337700e-05
09.56    -2.44107700e-03    -8.15524400e-05
09.57    -2.44066000e-03    -7.32797300e-05
09.58    -2.44115900e-03    -6.61329900e-05
09.59    -2.44208400e-03    -5.99061800e-05
09.60    -2.44324100e-03    -5.41509000e-05
09.61    -2.44471700e-03    -4.85119520e-05
09.62    -2.44675400e-03    -4.29354254e-05
09.63    -2.44957400e-03    -3.76703810e-05
09.64    -2.45320000e-03    -3.31124200e-05
09.65    -2.45747200e-03    -2.96182500e-05
09.66    -2.46211800e-03    -2.73897700e-05
09.67    -2.46683200e-03    -2.64549500e-05
09.68    -2.47134400e-03    -2.67053700e-05
09.69    -2.47546100e-03    -2.79445500e-05
09.70    -2.47909300e-03    -2.99338000e-05
09.71    -2.48227800e-03    -3.24534200e-05
09.72    -2.48510800e-03    -3.53907500e-05
09.73    -2.48773200e-03    -3.88259600e-05
09.74    -2.49016500e-03    -4.30453200e-05
09.75    -2.49220100e-03    -4.84196100e-05
09.76    -2.49339100e-03    -5.51690700e-05
09.77    -2.49319200e-03    -6.31338300e-05
09.78    -2.49116000e-03    -7.17094800e-05
09.79    -2.48719600e-03    -8.00240700e-05
09.80    -2.48157900e-03    -8.72728300e-05
09.81    -2.47486600e-03    -9.30152300e-05
09.82    -2.46763500e-03    -9.72648000e-05
09.83    -2.46027100e-03    -1.00345240e-04
09.84    -2.45296000e-03    -1.02636993e-04
09.85    -2.44565700e-03    -1.04371538e-04
09.86    -2.43830400e-03    -1.05582613e-04
09.87    -2.43090200e-03    -1.06183850e-04
09.88    -2.42355300e-03    -1.06105431e-04
09.89    -2.41638600e-03    -1.05380042e-04
09.90    -2.40947500e-03    -1.04156585e-04
09.91    -2.40283500e-03    -1.02620917e-04
09.92    -2.39635700e-03    -1.00883290e-04
09.93    -2.38993900e-03    -9.88982910e-05
09.94    -2.38354000e-03    -9.64690530e-05
09.95    -2.37725400e-03    -9.33586234e-05
09.96    -2.37134500e-03    -8.94476167e-05
09.97    -2.36608200e-03    -8.48459746e-05
09.98    -2.36164800e-03    -7.98809551e-05
09.99    -2.35804100e-03    -7.49580102e-05
10.00    -2.35510100e-03    -7.03697006e-05
10.01    -2.35254800e-03    -6.61669157e-05
10.02    -2.35023400e-03    -6.21685654e-05
10.03    -2.34814600e-03    -5.81094416e-05
10.04    -2.34648100e-03    -5.38399503e-05
10.05    -2.34546200e-03    -4.94618401e-05
10.06    -2.34523700e-03    -4.53192774e-05
10.07    -2.34571900e-03    -4.18536920e-05
10.08    -2.34664800e-03    -3.94062978e-05
10.09    -2.34764100e-03    -3.80757993e-05
10.10    -2.34833300e-03    -3.76958998e-05
10.11    -2.34852600e-03    -3.79278999e-05
10.12    -2.34816600e-03    -3.84037000e-05
10.13    -2.34734300e-03    -3.88446000e-05
10.14    -2.34623800e-03    -3.91121000e-05
10.15    -2.34502700e-03    -3.91957000e-05
10.16    -2.34385500e-03    -3.91777000e-05
10.17    -2.34280400e-03    -3.92066000e-05
10.18    -2.34187100e-03    -3.94787000e-05
10.19    -2.34097700e-03    -4.01992000e-05
10.20    -2.33989600e-03    -4.15068000e-05
10.21    -2.33836000e-03    -4.33814000e-05
10.22    -2.33615000e-03    -4.55915000e-05
10.23    -2.33314200e-03    -4.77323000e-05
10.24    -2.32944900e-03    -4.93584000e-05
10.25    -2.32536100e-03    -5.01558000e-05
10.26    -2.32124900e-03    -5.00681000e-05
10.27    -2.31745200e-03    -4.93132000e-05
10.28    -2.31412900e-03    -4.82807000e-05
10.29    -2.31122100e-03    -4.73617000e-05
10.30    -2.30853700e-03    -4.67925000e-05
10.31    -2.30579300e-03    -4.65787000e-05
10.32    -2.30283300e-03    -4.65257000e-05
10.33    -2.29959700e-03    -4.63500000e-05
10.34    -2.29620600e-03    -4.58148000e-05
10.35    -2.29286400e-03    -4.48310000e-05
10.36    -2.28976400e-03    -4.34878000e-05
10.37    -2.28703100e-03    -4.20128000e-05
10.38    -2.28467900e-03    -4.06842000e-05
10.39    -2.28255400e-03    -3.97305000e-05
10.40    -2.28044700e-03    -3.92492000e-05
10.41    -2.27812000e-03    -3.91716000e-05
10.42    -2.27542400e-03    -3.92832000e-05
10.43    -2.27231900e-03    -3.92951000e-05
10.44    -2.26889200e-03    -3.89426000e-05
10.45    -2.26534700e-03    -3.80726000e-05
10.46    -2.26189600e-03    -3.66888000e-05
10.47    -2.25872600e-03    -3.49369000e-05
10.48    -2.25591400e-03    -3.30361000e-05
10.49    -2.25342100e-03    -3.11889000e-05
10.50    -2.25115700e-03    -2.95068000e-05
10.51    -2.24900800e-03    -2.79874000e-05
10.52    -2.24692900e-03    -2.65524000e-05
10.53    -2.24493600e-03    -2.51263000e-05
10.54    -2.24307900e-03    -2.37104000e-05
10.55    -2.24140800e-03    -2.24084000e-05
10.56    -2.23987800e-03    -2.13835000e-05
10.57    -2.23837100e-03    -2.07709000e-05
10.58    -2.23668800e-03    -2.05942000e-05
10.59    -2.23465900e-03    -2.07355000e-05
10.60    -2.23217800e-03    -2.09738000e-05
10.61    -2.22922700e-03    -2.10631000e-05
10.62    -2.22589700e-03    -2.08021000e-05
10.63    -2.22230500e-03    -2.00620000e-05
10.64    -2.21860500e-03    -1.87747000e-05
10.65    -2.21493800e-03    -1.69127000e-05
10.66    -2.21146600e-03    -1.44851000e-05
10.67    -2.20832600e-03    -1.15514000e-05
10.68    -2.20565600e-03    -8.23054000e-06
10.69    -2.20353200e-03    -4.68528000e-06
10.70    -2.20196900e-03    -1.08593000e-06
10.71    -2.20094300e-03     2.42502000e-06
10.72    -2.20041900e-03     5.74533000e-06
10.73    -2.20034800e-03     8.80019000e-06
10.74    -2.20067500e-03     1.15199000e-05
10.75    -2.20135900e-03     1.38249000e-05
10.76    -2.20232000e-03     1.56257000e-05
10.77    -2.20346900e-03     1.68323000e-05
10.78    -2.20466200e-03     1.73711000e-05
10.79    -2.20574100e-03     1.72085000e-05
10.80    -2.20650500e-03     1.63791000e-05
10.81    -2.20678500e-03     1.50068000e-05
10.82    -2.20643600e-03     1.33023000e-05
10.83    -2.20540400e-03     1.15328000e-05
10.84    -2.20374700e-03     9.97387000e-06
10.85    -2.20156200e-03     8.86453000e-06
10.86    -2.19907600e-03     8.37480000e-06
10.87    -2.19650000e-03     8.58420000e-06
10.88    -2.19411900e-03     9.46301000e-06
10.89    -2.19213500e-03     1.08593000e-05
10.90    -2.19072200e-03     1.25072000e-05
10.91    -2.18991700e-03     1.40730000e-05
10.92    -2.18960500e-03     1.52384000e-05
10.93    -2.18958100e-03     1.57934000e-05
10.94    -2.18957700e-03     1.56958000e-05
10.95    -2.18938100e-03     1.50623000e-05
10.96    -2.18885700e-03     1.40942000e-05
10.97    -2.18798100e-03     1.29797000e-05
10.98    -2.18679600e-03     1.18285000e-05
10.99    -2.18533200e-03     1.06716000e-05
11.00    -2.18357900e-03     9.51228000e-06
11.01    -2.18150000e-03     8.38615000e-06
11.02    -2.17907100e-03     7.39163000e-06
11.03    -2.17629500e-03     6.68159000e-06
11.04    -2.17321900e-03     6.43002000e-06
11.05    -2.17000600e-03     6.79330000e-06
11.06    -2.16683100e-03     7.87500000e-06
11.07    -2.16393100e-03     9.69378000e-06
11.08    -2.16155200e-03     1.21561000e-05
11.09    -2.15992100e-03     1.50455000e-05
11.10    -2.15912400e-03     1.80452000e-05
11.11    -2.15917800e-03     2.08012000e-05
11.12    -2.15995300e-03     2.30051000e-05
11.13    -2.16123700e-03     2.44585000e-05
11.14    -2.16280200e-03     2.50819000e-05
11.15    -2.16445500e-03     2.48713000e-05
11.16    -2.16600200e-03     2.38424000e-05
11.17    -2.16726300e-03     2.20163000e-05
11.18    -2.16801800e-03     1.94617000e-05
11.19    -2.16806900e-03     1.63605000e-05
11.20    -2.16726700e-03     1.30347000e-05
11.21    -2.16561800e-03     9.89491000e-06
11.22    -2.16330700e-03     7.32391000e-06
11.23    -2.16065100e-03     5.54865000e-06
11.24    -2.15798500e-03     4.56425000e-06
11.25    -2.15563100e-03     4.14464000e-06
11.26    -2.15369500e-03     3.93407000e-06
11.27    -2.15215600e-03     3.58200000e-06
11.28    -2.15083700e-03     2.86685000e-06
11.29    -2.14951000e-03     1.75720000e-06
11.30    -2.14801500e-03     3.83559000e-07
11.31    -2.14631300e-03    -1.06468000e-06
11.32    -2.14444400e-03    -2.45980000e-06
11.33    -2.14250200e-03    -3.80378000e-06
11.34    -2.14050400e-03    -5.20363000e-06
11.35    -2.13838900e-03    -6.77299000e-06
11.36    -2.13603700e-03    -8.52653000e-06
11.37    -2.13331900e-03    -1.03357000e-05
11.38    -2.13021300e-03    -1.19710000e-05
11.39    -2.12679600e-03    -1.32024000e-05
11.40    -2.12325900e-03    -1.38983000e-05
11.41    -2.11980000e-03    -1.40747000e-05
11.42    -2.11658300e-03    -1.38771000e-05
11.43    -2.11368900e-03    -1.35140000e-05
11.44    -2.11108600e-03    -1.31775000e-05
11.45    -2.10869900e-03    -1.29869000e-05
11.46    -2.10642100e-03    -1.29774000e-05
11.47    -2.10417500e-03    -1.31283000e-05
11.48    -2.10193100e-03    -1.34104000e-05
11.49    -2.09965500e-03    -1.38217000e-05
11.50    -2.09732400e-03    -1.43958000e-05
11.51    -2.09485600e-03    -1.51780000e-05
11.52    -2.09213700e-03    -1.61818000e-05
11.53    -2.08903700e-03    -1.73426000e-05
11.54    -2.08542300e-03    -1.84875000e-05
11.55    -2.08125700e-03    -1.93378000e-05
11.56    -2.07660600e-03    -1.95562000e-05
11.57    -2.07169400e-03    -1.88343000e-05
11.58    -2.06688400e-03    -1.69933000e-05
11.59    -2.06257800e-03    -1.40642000e-05
11.60    -2.05915200e-03    -1.03121000e-05
11.61    -2.05686100e-03    -6.19486000e-06
11.62    -2.05575200e-03    -2.26643000e-06
11.63    -2.05564200e-03     9.47045000e-07
11.64    -2.05621300e-03     3.05958000e-06
11.65    -2.05702800e-03     3.89414000e-06
11.66    -2.05763100e-03     3.49413000e-06
11.67    -2.05763500e-03     2.08928000e-06
11.68    -2.05677600e-03     4.18652000e-08
11.69    -2.05490800e-03    -2.20766000e-06
11.70    -2.05205300e-03    -4.19533000e-06
11.71    -2.04839500e-03    -5.49827000e-06
11.72    -2.04423300e-03    -5.80943000e-06
11.73    -2.03995100e-03    -5.00338000e-06
11.74    -2.03593800e-03    -3.16307000e-06
11.75    -2.03247700e-03    -5.45842000e-07
11.76    -2.02972800e-03     2.50563000e-06
11.77    -2.02769000e-03     5.67333000e-06
11.78    -2.02628400e-03     8.74376000e-06
11.79    -2.02541800e-03     1.16210000e-05
11.80    -2.02501500e-03     1.42744000e-05
11.81    -2.02505700e-03     1.66624000e-05
11.82    -2.02550400e-03     1.86859000e-05
11.83    -2.02632000e-03     2.01993000e-05
11.84    -2.02734900e-03     2.10643000e-05
11.85    -2.02843000e-03     2.12075000e-05
11.86    -2.02936100e-03     2.06467000e-05
11.87    -2.02997600e-03     1.94817000e-05
11.88    -2.03014100e-03     1.78670000e-05
11.89    -2.02978300e-03     1.59843000e-05
11.90    -2.02890100e-03     1.40206000e-05
11.91    -2.02752900e-03     1.21466000e-05
11.92    -2.02576700e-03     1.04925000e-05
11.93    -2.02371200e-03     9.12555000e-06
11.94    -2.02149800e-03     8.04143000e-06
11.95    -2.01920800e-03     7.17708000e-06
11.96    -2.01686100e-03     6.44368000e-06
11.97    -2.01443200e-03     5.77064000e-06
11.98    -2.01187700e-03     5.14371000e-06
11.99    -2.00912100e-03     4.62040000e-06
12.00    -2.00618500e-03     4.31295000e-06
12.01    -2.00308500e-03     4.34381000e-06
12.02    -1.99994600e-03     4.79360000e-06
12.03    -1.99688100e-03     5.66650000e-06
12.04    -1.99400600e-03     6.89028000e-06
12.05    -1.99136600e-03     8.35063000e-06
12.06    -1.98896100e-03     9.94264000e-06
12.07    -1.98676300e-03     1.16149000e-05
12.08    -1.98473000e-03     1.33848000e-05
12.09    -1.98287000e-03     1.53152000e-05
12.10    -1.98125900e-03     1.74634000e-05
12.11    -1.97999700e-03     1.98239000e-05
12.12    -1.97920300e-03     2.22958000e-05
12.13    -1.97891700e-03     2.46919000e-05
12.14    -1.97913600e-03     2.67877000e-05
12.15    -1.97974400e-03     2.83888000e-05
12.16    -1.98054400e-03     2.93898000e-05
12.17    -1.98136700e-03     2.98007000e-05
12.18    -1.98206400e-03     2.97292000e-05
12.19    -1.98255300e-03     2.93254000e-05
12.20    -1.98282900e-03     2.87132000e-05
12.21    -1.98292000e-03     2.79420000e-05
12.22    -1.98284600e-03     2.69886000e-05
12.23    -1.98255000e-03     2.58107000e-05
12.24    -1.98193500e-03     2.44243000e-05
12.25    -1.98091600e-03     2.29594000e-05
12.26    -1.97946300e-03     2.16519000e-05
12.27    -1.97767900e-03     2.07654000e-05
12.28    -1.97580200e-03     2.04736000e-05
12.29    -1.97410600e-03     2.07616000e-05
12.30    -1.97282200e-03     2.14043000e-05
12.31    -1.97204900e-03     2.20431000e-05
12.32    -1.97168200e-03     2.23295000e-05
12.33    -1.97149400e-03     2.20636000e-05
12.34    -1.97123700e-03     2.12560000e-05
12.35    -1.97071000e-03     2.00864000e-05
12.36    -1.96984900e-03     1.87926000e-05
12.37    -1.96869600e-03     1.75621000e-05
12.38    -1.96735600e-03     1.64797000e-05
12.39    -1.96590500e-03     1.55432000e-05
12.40    -1.96440700e-03     1.47156000e-05
12.41    -1.96287500e-03     1.39695000e-05
12.42    -1.96132300e-03     1.33004000e-05
12.43    -1.95977600e-03     1.27119000e-05
12.44    -1.95827700e-03     1.21908000e-05
12.45    -1.95684500e-03     1.16929000e-05
12.46    -1.95549800e-03     1.11474000e-05
12.47    -1.95418800e-03     1.04766000e-05
12.48    -1.95287200e-03     9.62155000e-06
12.49    -1.95146600e-03     8.56496000e-06
12.50    -1.94986200e-03     7.34194000e-06
12.51    -1.94801400e-03     6.03745000e-06
12.52    -1.94588500e-03     4.76884000e-06
12.53    -1.94350700e-03     3.65728000e-06
12.54    -1.94093600e-03     2.79556000e-06
12.55    -1.93826400e-03     2.22297000e-06
12.56    -1.93557800e-03     1.91802000e-06
12.57    -1.93294200e-03     1.81355000e-06
12.58    -1.93035500e-03     1.83022000e-06
12.59    -1.92779500e-03     1.91653000e-06
12.60    -1.92518900e-03     2.08022000e-06
12.61    -1.92252100e-03     2.39793000e-06
12.62    -1.91981000e-03     2.99530000e-06
12.63    -1.91712800e-03     3.99934000e-06
12.64    -1.91465800e-03     5.47622000e-06
12.65    -1.91258100e-03     7.37799000e-06
12.66    -1.91107100e-03     9.52450000e-06
12.67    -1.91018100e-03     1.16353000e-05
12.68    -1.90988100e-03     1.34049000e-05
12.69    -1.91000300e-03     1.45926000e-05
12.70    -1.91029000e-03     1.50877000e-05
12.71    -1.91052200e-03     1.49261000e-05
12.72    -1.91051800e-03     1.42541000e-05
12.73    -1.91015700e-03     1.32656000e-05
12.74    -1.90944000e-03     1.21415000e-05
12.75    -1.90839100e-03     1.10165000e-05
12.76    -1.90706700e-03     9.97459000e-06
12.77    -1.90554000e-03     9.06230000e-06
12.78    -1.90385700e-03     8.30373000e-06
12.79    -1.90206900e-03     7.70948000e-06
12.80    -1.90023300e-03     7.27946000e-06
12.81    -1.89838200e-03     7.00368000e-06
12.82    -1.89655200e-03     6.86365000e-06
12.83    -1.89477100e-03     6.83364000e-06
12.84    -1.89307200e-03     6.88084000e-06
12.85    -1.89145600e-03     6.96555000e-06
12.86    -1.88992200e-03     7.04372000e-06
12.87    -1.88846000e-03     7.07369000e-06
12.88    -1.88702900e-03     7.02602000e-06
12.89    -1.88558700e-03     6.89247000e-06
12.90    -1.88409400e-03     6.68995000e-06
12.91    -1.88253200e-03     6.45690000e-06
12.92    -1.88088300e-03     6.24334000e-06
12.93    -1.87915900e-03     6.09784000e-06
12.94    -1.87739000e-03     6.05536000e-06
12.95    -1.87562500e-03     6.12923000e-06
12.96    -1.87389400e-03     6.30912000e-06
12.97    -1.87222500e-03     6.56547000e-06
12.98    -1.87064000e-03     6.85930000e-06
12.99    -1.86912500e-03     7.15465000e-06
13.00    -1.86766100e-03     7.42943000e-06
13.01    -1.86623900e-03     7.68080000e-06
13.02    -1.86482600e-03     7.92265000e-06
13.03    -1.86344000e-03     8.17583000e-06
13.04    -1.86208600e-03     8.45493000e-06
13.05    -1.86079500e-03     8.75723000e-06
13.06    -1.85957400e-03     9.05933000e-06
13.07    -1.85842600e-03     9.32405000e-06
13.08    -1.85733600e-03     9.51500000e-06
13.09    -1.85628700e-03     9.61160000e-06
13.10    -1.85523900e-03     9.61601000e-06
13.11    -1.85416900e-03     9.54748000e-06
13.12    -1.85307200e-03     9.42733000e-06
13.13    -1.85195900e-03     9.26426000e-06
13.14    -1.85082000e-03     9.04958000e-06
13.15    -1.84964100e-03     8.76561000e-06
13.16    -1.84839400e-03     8.40262000e-06
13.17    -1.84704900e-03     7.97508000e-06
13.18    -1.84556500e-03     7.52972000e-06
13.19    -1.84392800e-03     7.14188000e-06
13.20    -1.84217400e-03     6.90010000e-06
13.21    -1.84035800e-03     6.88084000e-06
13.22    -1.83857600e-03     7.11804000e-06
13.23    -1.83693700e-03     7.57820000e-06
13.24    -1.83553200e-03     8.15544000e-06
13.25    -1.83436400e-03     8.69636000e-06
13.26    -1.83340600e-03     9.04971000e-06
13.27    -1.83255100e-03     9.11966000e-06
13.28    -1.83164800e-03     8.89638000e-06
13.29    -1.83061000e-03     8.45031000e-06
13.30    -1.82936300e-03     7.89773000e-06
13.31    -1.82790800e-03     7.35892000e-06
13.32    -1.82626000e-03     6.92851000e-06
13.33    -1.82449200e-03     6.66525000e-06
13.34    -1.82265600e-03     6.59624000e-06
13.35    -1.82082500e-03     6.72607000e-06
13.36    -1.81903200e-03     7.04345000e-06
13.37    -1.81734800e-03     7.52259000e-06
13.38    -1.81580500e-03     8.12158000e-06
13.39    -1.81444100e-03     8.78236000e-06
13.40    -1.81324200e-03     9.43617000e-06
13.41    -1.81221200e-03     1.00152000e-05
13.42    -1.81129900e-03     1.04671000e-05
13.43    -1.81046200e-03     1.07675000e-05
13.44    -1.80962800e-03     1.09243000e-05
13.45    -1.80878100e-03     1.09723000e-05
13.46    -1.80789600e-03     1.09572000e-05
13.47    -1.80699200e-03     1.09145000e-05
13.48    -1.80607300e-03     1.08522000e-05
13.49    -1.80517000e-03     1.07480000e-05
13.50    -1.80426800e-03     1.05646000e-05
13.51    -1.80334200e-03     1.02778000e-05
13.52    -1.80233300e-03     9.89920000e-06
13.53    -1.80123100e-03     9.47923000e-06
13.54    -1.80003100e-03     9.08344000e-06
13.55    -1.79877800e-03     8.75674000e-06
13.56    -1.79749800e-03     8.49808000e-06
13.57    -1.79624000e-03     8.26360000e-06
13.58    -1.79498900e-03     7.99706000e-06
13.59    -1.79371700e-03     7.66800000e-06
13.60    -1.79236000e-03     7.29375000e-06
13.61    -1.79091400e-03     6.93253000e-06
13.62    -1.78938000e-03     6.65403000e-06
13.63    -1.78780200e-03     6.50590000e-06
13.64    -1.78624600e-03     6.49396000e-06
13.65    -1.78474300e-03     6.58317000e-06
13.66    -1.78333600e-03     6.71493000e-06
13.67    -1.78202100e-03     6.82983000e-06
13.68    -1.78075100e-03     6.88622000e-06
13.69    -1.77950800e-03     6.86907000e-06
13.70    -1.77824800e-03     6.78835000e-06
13.71    -1.77694800e-03     6.66978000e-06
13.72    -1.77559900e-03     6.54270000e-06
13.73    -1.77421300e-03     6.43034000e-06
13.74    -1.77278800e-03     6.34592000e-06
13.75    -1.77133100e-03     6.29509000e-06
13.76    -1.76984300e-03     6.28240000e-06
13.77    -1.76833600e-03     6.31830000e-06
13.78    -1.76679500e-03     6.42296000e-06
13.79    -1.76525400e-03     6.62384000e-06
13.80    -1.76374400e-03     6.94600000e-06
13.81    -1.76229000e-03     7.39798000e-06
13.82    -1.76096100e-03     7.95974000e-06
13.83    -1.75978400e-03     8.58009000e-06
13.84    -1.75877600e-03     9.18693000e-06
13.85    -1.75791900e-03     9.70682000e-06
13.86    -1.75718200e-03     1.00851000e-05
13.87    -1.75650100e-03     1.02986000e-05
13.88    -1.75582200e-03     1.03557000e-05
13.89    -1.75510600e-03     1.02879000e-05
13.90    -1.75434400e-03     1.01351000e-05
13.91    -1.75351000e-03     9.93242000e-06
13.92    -1.75263400e-03     9.70150000e-06
13.93    -1.75171400e-03     9.44917000e-06
13.94    -1.75076300e-03     9.17303000e-06
13.95    -1.74976900e-03     8.87097000e-06
13.96    -1.74871300e-03     8.54920000e-06
13.97    -1.74761000e-03     8.22383000e-06
13.98    -1.74646400e-03     7.91524000e-06
13.99    -1.74526500e-03     7.63969000e-06
14.00    -1.74404700e-03     7.40409000e-06
14.01    -1.74281500e-03     7.20700000e-06
14.02    -1.74157700e-03     7.04323000e-06
14.03    -1.74035200e-03     6.90755000e-06
14.04    -1.73912500e-03     6.79494000e-06
14.05    -1.73792000e-03     6.69878000e-06
14.06    -1.73672900e-03     6.60987000e-06
14.07    -1.73555300e-03     6.51798000e-06
14.08    -1.73439400e-03     6.41493000e-06
14.09    -1.73323400e-03     6.29734000e-06
14.10    -1.73206500e-03     6.16784000e-06
14.11    -1.73088100e-03     6.03471000e-06
14.12    -1.72967800e-03     5.91096000e-06
14.13    -1.72847100e-03     5.81242000e-06
14.14    -1.72725300e-03     5.75437000e-06
14.15    -1.72606500e-03     5.74522000e-06
14.16    -1.72493300e-03     5.77846000e-06
14.17    -1.72386100e-03     5.82667000e-06
14.18    -1.72287600e-03     5.84335000e-06
14.19    -1.72195400e-03     5.77542000e-06
14.20    -1.72105600e-03     5.58309000e-06
14.21    -1.72012900e-03     5.25758000e-06
14.22    -1.71912500e-03     4.82672000e-06
14.23    -1.71802400e-03     4.34508000e-06
14.24    -1.71681600e-03     3.87375000e-06
14.25    -1.71552500e-03     3.45964000e-06
14.26    -1.71418900e-03     3.12256000e-06
14.27    -1.71285300e-03     2.85287000e-06
14.28    -1.71152900e-03     2.61881000e-06
14.29    -1.71022000e-03     2.38062000e-06
14.30    -1.70890400e-03     2.10767000e-06
14.31    -1.70754800e-03     1.79321000e-06
14.32    -1.70613300e-03     1.46028000e-06
14.33    -1.70462200e-03     1.15520000e-06
14.34    -1.70304500e-03     9.30655000e-07
14.35    -1.70143400e-03     8.26543000e-07
14.36    -1.69981200e-03     8.57530000e-07
14.37    -1.69824100e-03     1.01215000e-06
14.38    -1.69673600e-03     1.26098000e-06
14.39    -1.69533300e-03     1.56723000e-06
14.40    -1.69404200e-03     1.89373000e-06
14.41    -1.69283700e-03     2.20520000e-06
14.42    -1.69172600e-03     2.46904000e-06
14.43    -1.69066700e-03     2.65816000e-06
14.44    -1.68964900e-03     2.75657000e-06
14.45    -1.68863800e-03     2.76456000e-06
14.46    -1.68758700e-03     2.69932000e-06
14.47    -1.68649600e-03     2.58967000e-06
14.48    -1.68535200e-03     2.46702000e-06
14.49    -1.68416100e-03     2.35707000e-06
14.50    -1.68293600e-03     2.27551000e-06
14.51    -1.68169200e-03     2.22789000e-06
14.52    -1.68045300e-03     2.21181000e-06
14.53    -1.67921800e-03     2.21957000e-06
14.54    -1.67799000e-03     2.24098000e-06
14.55    -1.67676900e-03     2.26674000e-06
14.56    -1.67554900e-03     2.29197000e-06
14.57    -1.67433200e-03     2.31846000e-06
14.58    -1.67310500e-03     2.35418000e-06
14.59    -1.67186700e-03     2.41028000e-06
14.60    -1.67062400e-03     2.49714000e-06
14.61    -1.66938400e-03     2.62161000e-06
14.62    -1.66816800e-03     2.78620000e-06
14.63    -1.66696700e-03     2.98967000e-06
14.64    -1.66581100e-03     3.22807000e-06
14.65    -1.66471000e-03     3.49536000e-06
14.66    -1.66365400e-03     3.78340000e-06
14.67    -1.66266100e-03     4.08106000e-06
14.68    -1.66175100e-03     4.37246000e-06
14.69    -1.66091700e-03     4.63489000e-06
14.70    -1.66015700e-03     4.83840000e-06
14.71    -1.65945500e-03     4.94938000e-06
14.72    -1.65879300e-03     4.93892000e-06
14.73    -1.65812100e-03     4.79379000e-06
14.74    -1.65739300e-03     4.52456000e-06
14.75    -1.65657600e-03     4.16616000e-06
14.76    -1.65565000e-03     3.76944000e-06
14.77    -1.65461800e-03     3.38754000e-06
14.78    -1.65351200e-03     3.06281000e-06
14.79    -1.65235700e-03     2.81913000e-06
14.80    -1.65118700e-03     2.66027000e-06
14.81    -1.65003700e-03     2.57257000e-06
14.82    -1.64892700e-03     2.52948000e-06
14.83    -1.64787900e-03     2.49694000e-06
14.84    -1.64687900e-03     2.43969000e-06
14.85    -1.64591000e-03     2.32863000e-06
14.86    -1.64494300e-03     2.14808000e-06
14.87    -1.64394900e-03     1.90067000e-06
14.88    -1.64290300e-03     1.60745000e-06
14.89    -1.64180300e-03     1.30218000e-06
14.90    -1.64064200e-03     1.02058000e-06
14.91    -1.63944100e-03     7.87992000e-07
14.92    -1.63822400e-03     6.10136000e-07
14.93    -1.63702200e-03     4.71714000e-07
14.94    -1.63582200e-03     3.45214000e-07
14.95    -1.63463300e-03     2.07329000e-07
14.96    -1.63342300e-03     5.50973000e-08
14.97    -1.63217600e-03    -8.82208000e-08
14.98    -1.63089200e-03    -1.82987000e-07
14.99    -1.62960700e-03    -1.94687000e-07
15.00    -1.62834700e-03    -1.14586000e-07
15.01    -1.62714200e-03     3.31955000e-08
15.02    -1.62602800e-03     2.02116000e-07
15.03    -1.62500200e-03     3.43736000e-07
15.04    -1.62402100e-03     4.25692000e-07
15.05    -1.62307600e-03     4.38445000e-07
15.06    -1.62212100e-03     3.90847000e-07
15.07    -1.62116200e-03     3.00481000e-07
15.08    -1.62018600e-03     1.84717000e-07
15.09    -1.61920500e-03     5.47755000e-08
15.10    -1.61820500e-03    -8.73813000e-08
15.11    -1.61721100e-03    -2.49270000e-07
15.12    -1.61620800e-03    -4.44283000e-07
15.13    -1.61518500e-03    -6.84321000e-07
15.14    -1.61411900e-03    -9.71235000e-07
15.15    -1.61299100e-03    -1.29126000e-06
15.16    -1.61179500e-03    -1.61534000e-06
15.17    -1.61050900e-03    -1.90519000e-06
15.18    -1.60916700e-03    -2.12262000e-06
15.19    -1.60778900e-03    -2.23884000e-06
15.20    -1.60641100e-03    -2.24164000e-06
15.21    -1.60508400e-03    -2.13907000e-06
15.22    -1.60382200e-03    -1.95922000e-06
15.23    -1.60266400e-03    -1.74573000e-06
15.24    -1.60160400e-03    -1.54975000e-06
15.25    -1.60062300e-03    -1.41924000e-06
15.26    -1.59968700e-03    -1.38792000e-06
15.27    -1.59876300e-03    -1.46683000e-06
15.28    -1.59778800e-03    -1.64198000e-06
15.29    -1.59675300e-03    -1.87934000e-06
15.30    -1.59563400e-03    -2.13554000e-06
15.31    -1.59443300e-03    -2.36951000e-06
15.32    -1.59316800e-03    -2.55031000e-06
15.33    -1.59187000e-03    -2.65916000e-06
15.34    -1.59054400e-03    -2.68749000e-06
15.35    -1.58923400e-03    -2.63458000e-06
15.36    -1.58795600e-03    -2.50757000e-06
15.37    -1.58672800e-03    -2.32328000e-06
15.38    -1.58556700e-03    -2.10875000e-06
15.39    -1.58448200e-03    -1.89704000e-06
15.40    -1.58344400e-03    -1.71844000e-06
15.41    -1.58245100e-03    -1.59085000e-06
15.42    -1.58146900e-03    -1.51473000e-06
15.43    -1.58048100e-03    -1.47599000e-06
15.44    -1.57948200e-03    -1.45531000e-06
15.45    -1.57848400e-03    -1.43879000e-06
15.46    -1.57747500e-03    -1.42415000e-06
15.47    -1.57648000e-03    -1.41933000e-06
15.48    -1.57548600e-03    -1.43502000e-06
15.49    -1.57448200e-03    -1.47597000e-06
15.50    -1.57345900e-03    -1.53621000e-06
15.51    -1.57242100e-03    -1.60107000e-06
15.52    -1.57135000e-03    -1.65421000e-06
15.53    -1.57027700e-03    -1.68545000e-06
15.54    -1.56920400e-03    -1.69502000e-06
15.55    -1.56813900e-03    -1.69252000e-06
15.56    -1.56708400e-03    -1.69177000e-06
15.57    -1.56604400e-03    -1.70455000e-06
15.58    -1.56498800e-03    -1.73574000e-06
15.59    -1.56392500e-03    -1.78151000e-06
15.60    -1.56283700e-03    -1.83006000e-06
15.61    -1.56172200e-03    -1.86463000e-06
15.62    -1.56058400e-03    -1.86774000e-06
15.63    -1.55943900e-03    -1.82612000e-06
15.64    -1.55831400e-03    -1.73524000e-06
15.65    -1.55720700e-03    -1.60208000e-06
15.66    -1.55615300e-03    -1.44480000e-06
15.67    -1.55514700e-03    -1.28900000e-06
15.68    -1.55418300e-03    -1.16113000e-06
15.69    -1.55325400e-03    -1.08094000e-06
15.70    -1.55231600e-03    -1.05511000e-06
15.71    -1.55136700e-03    -1.07445000e-06
15.72    -1.55037100e-03    -1.11633000e-06
15.73    -1.54934600e-03    -1.15210000e-06
15.74    -1.54829300e-03    -1.15689000e-06
15.75    -1.54723900e-03    -1.11780000e-06
15.76    -1.54618600e-03    -1.03707000e-06
15.77    -1.54516900e-03    -9.29302000e-07
15.78    -1.54417300e-03    -8.14808000e-07
15.79    -1.54321700e-03    -7.12386000e-07
15.80    -1.54228000e-03    -6.34271000e-07
15.81    -1.54135000e-03    -5.84158000e-07
15.82    -1.54042600e-03    -5.57936000e-07
15.83    -1.53948100e-03    -5.46257000e-07
15.84    -1.53853200e-03    -5.38165000e-07
15.85    -1.53757400e-03    -5.24819000e-07
15.86    -1.53660200e-03    -5.02014000e-07
15.87    -1.53565100e-03    -4.70489000e-07
15.88    -1.53469500e-03    -4.34055000e-07
15.89    -1.53374600e-03    -3.96931000e-07
15.90    -1.53281300e-03    -3.62040000e-07
15.91    -1.53187600e-03    -3.31101000e-07
15.92    -1.53095400e-03    -3.05806000e-07
15.93    -1.53003600e-03    -2.88539000e-07
15.94    -1.52912000e-03    -2.81583000e-07
15.95    -1.52821100e-03    -2.85180000e-07
15.96    -1.52728600e-03    -2.96069000e-07
15.97    -1.52636500e-03    -3.08131000e-07
15.98    -1.52544000e-03    -3.15494000e-07
15.99    -1.52450900e-03    -3.16562000e-07
16.00    -1.52359600e-03    -3.16339000e-07
16.01    -1.52270300e-03    -3.25122000e-07
16.02    -1.52180700e-03    -3.53844000e-07
16.03    -1.52090800e-03    -4.08680000e-07
16.04    -1.52000500e-03    -4.88104000e-07
16.05    -1.51908100e-03    -5.83928000e-07
16.06    -1.51813200e-03    -6.85183000e-07
16.07    -1.51715800e-03    -7.82015000e-07
16.08    -1.51616200e-03    -8.67354000e-07
16.09    -1.51515000e-03    -9.36283000e-07
16.10    -1.51413500e-03    -9.84851000e-07
16.11    -1.51311300e-03    -1.01003000e-06
16.12    -1.51208200e-03    -1.01097000e-06
16.13    -1.51106900e-03    -9.90294000e-07
16.14    -1.51007700e-03    -9.53871000e-07
16.15    -1.50909100e-03    -9.09085000e-07
16.16    -1.50811900e-03    -8.62583000e-07
16.17    -1.50716800e-03    -8.18894000e-07
16.18    -1.50621700e-03    -7.80386000e-07
16.19    -1.50528200e-03    -7.48006000e-07
16.20    -1.50435000e-03    -7.21965000e-07
16.21    -1.50342100e-03    -7.01959000e-07
16.22    -1.50250200e-03    -6.87110000e-07
16.23    -1.50157300e-03    -6.76002000e-07
16.24    -1.50064200e-03    -6.66981000e-07
16.25    -1.49972000e-03    -6.58608000e-07
16.26    -1.49879800e-03    -6.50087000e-07
16.27    -1.49787800e-03    -6.41562000e-07
16.28    -1.49695900e-03    -6.34200000e-07
16.29    -1.49604400e-03    -6.30033000e-07
16.30    -1.49514000e-03    -6.31503000e-07
16.31    -1.49422700e-03    -6.40817000e-07
16.32    -1.49332000e-03    -6.59291000e-07
16.33    -1.49240800e-03    -6.86882000e-07
16.34    -1.49148700e-03    -7.21947000e-07
16.35    -1.49055400e-03    -7.61164000e-07
16.36    -1.48960700e-03    -7.99646000e-07
16.37    -1.48864700e-03    -8.31474000e-07
16.38    -1.48768600e-03    -8.50902000e-07
16.39    -1.48671000e-03    -8.54076000e-07
16.40    -1.48574400e-03    -8.40553000e-07
16.41    -1.48478300e-03    -8.13682000e-07
16.42    -1.48383000e-03    -7.79370000e-07
16.43    -1.48288500e-03    -7.43616000e-07
16.44    -1.48195300e-03    -7.09947000e-07
16.45    -1.48101200e-03    -6.77994000e-07
16.46    -1.48008000e-03    -6.43874000e-07
16.47    -1.47914500e-03    -6.02172000e-07
16.48    -1.47820200e-03    -5.48564000e-07
16.49    -1.47727700e-03    -4.81918000e-07
16.50    -1.47637400e-03    -4.04978000e-07
16.51    -1.47547700e-03    -3.23509000e-07
16.52    -1.47459700e-03    -2.44539000e-07
16.53    -1.47374400e-03    -1.74718000e-07
16.54    -1.47290400e-03    -1.19550000e-07
16.55    -1.47206200e-03    -8.34561000e-08
16.56    -1.47123400e-03    -6.99303000e-08
16.57    -1.47040200e-03    -8.09346000e-08
16.58    -1.46956700e-03    -1.15343000e-07
16.59    -1.46870200e-03    -1.67273000e-07
16.60    -1.46782100e-03    -2.25797000e-07
16.61    -1.46690500e-03    -2.77114000e-07
16.62    -1.46597900e-03    -3.08824000e-07
16.63    -1.46504300e-03    -3.14316000e-07
16.64    -1.46410800e-03    -2.94721000e-07
16.65    -1.46318100e-03    -2.57230000e-07
16.66    -1.46226500e-03    -2.10822000e-07
16.67    -1.46136900e-03    -1.62059000e-07
16.68    -1.46046900e-03    -1.13249000e-07
16.69    -1.45958500e-03    -6.34450000e-08
16.70    -1.45870500e-03    -1.08864000e-08
16.71    -1.45783100e-03     4.50043000e-08
16.72    -1.45696400e-03     1.03080000e-07
16.73    -1.45610600e-03     1.61097000e-07
16.74    -1.45525600e-03     2.16569000e-07
16.75    -1.45442300e-03     2.67215000e-07
16.76    -1.45359800e-03     3.11009000e-07
16.77    -1.45276700e-03     3.46213000e-07
16.78    -1.45195000e-03     3.71533000e-07
16.79    -1.45113300e-03     3.86252000e-07
16.80    -1.45031500e-03     3.90190000e-07
16.81    -1.44949200e-03     3.83592000e-07
16.82    -1.44867200e-03     3.67310000e-07
16.83    -1.44783200e-03     3.43325000e-07
16.84    -1.44699000e-03     3.15308000e-07
16.85    -1.44613300e-03     2.88688000e-07
16.86    -1.44526400e-03     2.69947000e-07
16.87    -1.44438400e-03     2.65298000e-07
16.88    -1.44350000e-03     2.79205000e-07
16.89    -1.44261900e-03     3.13198000e-07
16.90    -1.44174800e-03     3.65259000e-07
16.91    -1.44090300e-03     4.29886000e-07
16.92    -1.44007700e-03     4.98881000e-07
16.93    -1.43926100e-03     5.62878000e-07
16.94    -1.43847100e-03     6.13343000e-07
16.95    -1.43769200e-03     6.44508000e-07
16.96    -1.43692700e-03     6.54503000e-07
16.97    -1.43614800e-03     6.45243000e-07
16.98    -1.43536100e-03     6.21211000e-07
16.99    -1.43457400e-03     5.87755000e-07
17.00    -1.43376700e-03     5.49578000e-07
17.01    -1.43296100e-03     5.09811000e-07
17.02    -1.43214700e-03     4.69751000e-07
17.03    -1.43132800e-03     4.29233000e-07
17.04    -1.43050100e-03     3.87517000e-07
17.05    -1.42967800e-03     3.44422000e-07
17.06    -1.42883700e-03     3.01216000e-07
17.07    -1.42798600e-03     2.60724000e-07
17.08    -1.42713800e-03     2.26521000e-07
17.09    -1.42628400e-03     2.01585000e-07
17.10    -1.42542700e-03     1.87170000e-07
17.11    -1.42457100e-03     1.82499000e-07
17.12    -1.42371700e-03     1.85356000e-07
17.13    -1.42286800e-03     1.93126000e-07
17.14    -1.42202300e-03     2.03685000e-07
17.15    -1.42119200e-03     2.15731000e-07
17.16    -1.42036500e-03     2.28591000e-07
17.17    -1.41953100e-03     2.41774000e-07
17.18    -1.41871100e-03     2.54534000e-07
17.19    -1.41789500e-03     2.65624000e-07
17.20    -1.41708100e-03     2.73349000e-07
17.21    -1.41627000e-03     2.75984000e-07
17.22    -1.41546800e-03     2.72523000e-07
17.23    -1.41465200e-03     2.63454000e-07
17.24    -1.41384200e-03     2.51053000e-07
17.25    -1.41302600e-03     2.38788000e-07
17.26    -1.41219600e-03     2.29962000e-07
17.27    -1.41137300e-03     2.26249000e-07
17.28    -1.41054900e-03     2.27071000e-07
17.29    -1.40973700e-03     2.30285000e-07
17.30    -1.40891500e-03     2.33888000e-07
17.31    -1.40809200e-03     2.37698000e-07
17.32    -1.40727700e-03     2.43883000e-07
17.33    -1.40645100e-03     2.55849000e-07
17.34    -1.40563600e-03     2.76055000e-07
17.35    -1.40482700e-03     3.04087000e-07
17.36    -1.40402800e-03     3.36210000e-07
17.37    -1.40323800e-03     3.66735000e-07
17.38    -1.40245700e-03     3.90336000e-07
17.39    -1.40169000e-03     4.03931000e-07
17.40    -1.40091500e-03     4.07211000e-07
17.41    -1.40014800e-03     4.01841000e-07
17.42    -1.39936700e-03     3.90164000e-07
17.43    -1.39859100e-03     3.74283000e-07
17.44    -1.39781000e-03     3.55895000e-07
17.45    -1.39702400e-03     3.36624000e-07
17.46    -1.39623400e-03     3.18317000e-07
17.47    -1.39544900e-03     3.02848000e-07
17.48    -1.39465300e-03     2.91442000e-07
17.49    -1.39385700e-03     2.83932000e-07
17.50    -1.39307200e-03     2.78569000e-07
17.51    -1.39229000e-03     2.72671000e-07
17.52    -1.39151000e-03     2.63852000e-07
17.53    -1.39072900e-03     2.51111000e-07
17.54    -1.38994500e-03     2.35164000e-07
17.55    -1.38915800e-03     2.17917000e-07
17.56    -1.38836700e-03     2.01539000e-07
17.57    -1.38758400e-03     1.87692000e-07
17.58    -1.38678900e-03     1.77223000e-07
17.59    -1.38600500e-03     1.70207000e-07
17.60    -1.38521200e-03     1.66067000e-07
17.61    -1.38443100e-03     1.63599000e-07
17.62    -1.38365400e-03     1.60985000e-07
17.63    -1.38287900e-03     1.55981000e-07
17.64    -1.38210700e-03     1.46414000e-07
17.65    -1.38134400e-03     1.30897000e-07
17.66    -1.38056900e-03     1.09469000e-07
17.67    -1.37979900e-03     8.38221000e-08
17.68    -1.37901200e-03     5.69382000e-08
17.69    -1.37823000e-03     3.21999000e-08
17.70    -1.37744300e-03     1.23038000e-08
17.71    -1.37665400e-03    -1.60781000e-09
17.72    -1.37586700e-03    -1.02772000e-08
17.73    -1.37508200e-03    -1.60240000e-08
17.74    -1.37430000e-03    -2.19211000e-08
17.75    -1.37353000e-03    -3.07106000e-08
17.76    -1.37275000e-03    -4.37893000e-08
17.77    -1.37197800e-03    -6.06378000e-08
17.78    -1.37120100e-03    -7.89987000e-08
17.79    -1.37041900e-03    -9.58499000e-08
17.80    -1.36963500e-03    -1.08792000e-07
17.81    -1.36884900e-03    -1.17160000e-07
17.82    -1.36806400e-03    -1.22249000e-07
17.83    -1.36728100e-03    -1.26496000e-07
17.84    -1.36649700e-03    -1.32070000e-07
17.85    -1.36572200e-03    -1.39599000e-07
17.86    -1.36494400e-03    -1.47679000e-07
17.87    -1.36415100e-03    -1.53357000e-07
17.88    -1.36336400e-03    -1.53320000e-07
17.89    -1.36257700e-03    -1.45226000e-07
17.90    -1.36179100e-03    -1.28620000e-07
17.91    -1.36101000e-03    -1.05109000e-07
17.92    -1.36023600e-03    -7.78153000e-08
17.93    -1.35947800e-03    -5.03711000e-08
17.94    -1.35871700e-03    -2.58313000e-08
17.95    -1.35796900e-03    -5.86122000e-09
17.96    -1.35721200e-03     9.57550000e-09
17.97    -1.35646400e-03     2.19649000e-08
17.98    -1.35571500e-03     3.35400000e-08
17.99    -1.35496600e-03     4.63869000e-08
18.00    -1.35421700e-03     6.16683000e-08
18.01    -1.35347100e-03     7.92205000e-08
18.02    -1.35273800e-03     9.76327000e-08
18.03    -1.35200000e-03     1.14748000e-07
18.04    -1.35126600e-03     1.28370000e-07
18.05    -1.35054400e-03     1.36909000e-07
18.06    -1.34982400e-03     1.39715000e-07
18.07    -1.34910200e-03     1.37061000e-07
18.08    -1.34836900e-03     1.29866000e-07
18.09    -1.34764300e-03     1.19358000e-07
18.10    -1.34692400e-03     1.06808000e-07
18.11    -1.34619300e-03     9.33072000e-08
18.12    -1.34545900e-03     7.95490000e-08
18.13    -1.34473400e-03     6.56233000e-08
18.14    -1.34399700e-03     5.09841000e-08
18.15    -1.34327000e-03     3.47181000e-08
18.16    -1.34254100e-03     1.60677000e-08
18.17    -1.34179900e-03    -5.04355000e-09
18.18    -1.34106200e-03    -2.77813000e-08
18.19    -1.34032200e-03    -5.05910000e-08
18.20    -1.33958700e-03    -7.16720000e-08
18.21    -1.33883800e-03    -8.94592000e-08
18.22    -1.33808600e-03    -1.02903000e-07
18.23    -1.33734400e-03    -1.11535000e-07
18.24    -1.33659100e-03    -1.15451000e-07
18.25    -1.33585000e-03    -1.15313000e-07
18.26    -1.33511300e-03    -1.12369000e-07
18.27    -1.33436800e-03    -1.08361000e-07
18.28    -1.33363700e-03    -1.05247000e-07
18.29    -1.33290800e-03    -1.04766000e-07
18.30    -1.33219000e-03    -1.07983000e-07
18.31    -1.33146100e-03    -1.15028000e-07
18.32    -1.33073000e-03    -1.25107000e-07
18.33    -1.33000600e-03    -1.36782000e-07
18.34    -1.32926800e-03    -1.48376000e-07
18.35    -1.32853700e-03    -1.58347000e-07
18.36    -1.32780300e-03    -1.65550000e-07
18.37    -1.32705800e-03    -1.69348000e-07
18.38    -1.32632200e-03    -1.69634000e-07
18.39    -1.32558700e-03    -1.66748000e-07
18.40    -1.32486300e-03    -1.61317000e-07
18.41    -1.32413000e-03    -1.54035000e-07
18.42    -1.32339900e-03    -1.45481000e-07
18.43    -1.32267900e-03    -1.36050000e-07
18.44    -1.32195100e-03    -1.26017000e-07
18.45    -1.32123500e-03    -1.15644000e-07
18.46    -1.32052000e-03    -1.05249000e-07
18.47    -1.31979700e-03    -9.51802000e-08
18.48    -1.31908500e-03    -8.57238000e-08
18.49    -1.31837400e-03    -7.70363000e-08
18.50    -1.31766400e-03    -6.91393000e-08
18.51    -1.31696500e-03    -6.19890000e-08
18.52    -1.31625700e-03    -5.55838000e-08
18.53    -1.31555000e-03    -5.00615000e-08
18.54    -1.31485400e-03    -4.57503000e-08
18.55    -1.31414900e-03    -4.31573000e-08
18.56    -1.31345400e-03    -4.28930000e-08
18.57    -1.31276000e-03    -4.55383000e-08
18.58    -1.31206500e-03    -5.14757000e-08
18.59    -1.31136800e-03    -6.07156000e-08
18.60    -1.31066900e-03    -7.27685000e-08
18.61    -1.30996700e-03    -8.66166000e-08
18.62    -1.30926000e-03    -1.00825000e-07
18.63    -1.30856000e-03    -1.13800000e-07
18.64    -1.30784700e-03    -1.24144000e-07
18.65    -1.30714200e-03    -1.31009000e-07
18.66    -1.30642700e-03    -1.34317000e-07
18.67    -1.30572200e-03    -1.34750000e-07
18.68    -1.30502000e-03    -1.33500000e-07
18.69    -1.30431900e-03    -1.31876000e-07
18.70    -1.30361900e-03    -1.30941000e-07
18.71    -1.30292100e-03    -1.31318000e-07
18.72    -1.30222200e-03    -1.33197000e-07
18.73    -1.30153300e-03    -1.36485000e-07
18.74    -1.30083400e-03    -1.40984000e-07
18.75    -1.30014300e-03    -1.46480000e-07
18.76    -1.29944100e-03    -1.52719000e-07
18.77    -1.29874600e-03    -1.59314000e-07
18.78    -1.29805000e-03    -1.65672000e-07
18.79    -1.29734200e-03    -1.71020000e-07
18.80    -1.29664200e-03    -1.74544000e-07
18.81    -1.29594100e-03    -1.75600000e-07
18.82    -1.29525000e-03    -1.73905000e-07
18.83    -1.29454900e-03    -1.69625000e-07
18.84    -1.29385000e-03    -1.63344000e-07
18.85    -1.29316200e-03    -1.55923000e-07
18.86    -1.29246600e-03    -1.48287000e-07
18.87    -1.29178200e-03    -1.41220000e-07
18.88    -1.29108800e-03    -1.35203000e-07
18.89    -1.29040500e-03    -1.30370000e-07
18.90    -1.28972200e-03    -1.26563000e-07
18.91    -1.28903800e-03    -1.23478000e-07
18.92    -1.28835400e-03    -1.20808000e-07
18.93    -1.28766900e-03    -1.18325000e-07
18.94    -1.28698400e-03    -1.15886000e-07
18.95    -1.28630800e-03    -1.13406000e-07
18.96    -1.28562100e-03    -1.10837000e-07
18.97    -1.28494400e-03    -1.08155000e-07
18.98    -1.28425500e-03    -1.05310000e-07
18.99    -1.28357600e-03    -1.02099000e-07
19.00    -1.28289500e-03    -9.80082000e-08
19.01    -1.28221300e-03    -9.21562000e-08
19.02    -1.28152000e-03    -8.34522000e-08
19.03    -1.28084700e-03    -7.09765000e-08
19.04    -1.28016600e-03    -5.44288000e-08
19.05    -1.27948700e-03    -3.44069000e-08
19.06    -1.27881300e-03    -1.23441000e-08
19.07    -1.27815300e-03     9.88422000e-09
19.08    -1.27748700e-03     3.04985000e-08
19.09    -1.27683500e-03     4.82426000e-08
19.10    -1.27617500e-03     6.25334000e-08
19.11    -1.27552600e-03     7.33254000e-08
19.12    -1.27487700e-03     8.08326000e-08
19.13    -1.27422900e-03     8.52865000e-08
19.14    -1.27358000e-03     8.68481000e-08
19.15    -1.27293100e-03     8.56662000e-08
19.16    -1.27228000e-03     8.19871000e-08
19.17    -1.27162700e-03     7.62108000e-08
19.18    -1.27098300e-03     6.88468000e-08
19.19    -1.27032700e-03     6.04074000e-08
19.20    -1.26967800e-03     5.13155000e-08
19.21    -1.26901800e-03     4.18802000e-08
19.22    -1.26836600e-03     3.23342000e-08
19.23    -1.26771200e-03     2.28881000e-08
19.24    -1.26705700e-03     1.37575000e-08
19.25    -1.26640000e-03     5.15526000e-09
19.26    -1.26574200e-03    -2.72886000e-09
19.27    -1.26508300e-03    -9.74187000e-09
19.28    -1.26442200e-03    -1.57706000e-08
19.29    -1.26376100e-03    -2.07445000e-08
19.30    -1.26311000e-03    -2.46451000e-08
19.31    -1.26244900e-03    -2.75220000e-08
19.32    -1.26179700e-03    -2.95061000e-08
19.33    -1.26113600e-03    -3.08164000e-08
19.34    -1.26048500e-03    -3.17533000e-08
19.35    -1.25983400e-03    -3.26715000e-08
19.36    -1.25918400e-03    -3.39252000e-08
19.37    -1.25853400e-03    -3.57865000e-08
19.38    -1.25788300e-03    -3.83576000e-08
19.39    -1.25723100e-03    -4.15084000e-08
19.40    -1.25657900e-03    -4.48725000e-08
19.41    -1.25593400e-03    -4.79107000e-08
19.42    -1.25527900e-03    -5.00268000e-08
19.43    -1.25463300e-03    -5.06986000e-08
19.44    -1.25397700e-03    -4.95841000e-08
19.45    -1.25333000e-03    -4.65817000e-08
19.46    -1.25268500e-03    -4.18479000e-08
19.47    -1.25203100e-03    -3.57961000e-08
19.48    -1.25138800e-03    -2.90856000e-08
19.49    -1.25074700e-03    -2.25772000e-08
19.50    -1.25010800e-03    -1.72119000e-08
19.51    -1.24948100e-03    -1.37981000e-08
19.52    -1.24884300e-03    -1.27688000e-08
19.53    -1.24820400e-03    -1.40214000e-08
19.54    -1.24757500e-03    -1.69361000e-08
19.55    -1.24693300e-03    -2.05707000e-08
19.56    -1.24629900e-03    -2.39389000e-08
19.57    -1.24565400e-03    -2.62506000e-08
19.58    -1.24501800e-03    -2.70401000e-08
19.59    -1.24438100e-03    -2.61819000e-08
19.60    -1.24374500e-03    -2.38386000e-08
19.61    -1.24310900e-03    -2.03812000e-08
19.62    -1.24247400e-03    -1.63008000e-08
19.63    -1.24184000e-03    -1.21147000e-08
19.64    -1.24120700e-03    -8.27325000e-09
19.65    -1.24057400e-03    -5.08761000e-09
19.66    -1.23995200e-03    -2.69700000e-09
19.67    -1.23932000e-03    -1.08329000e-09
19.68    -1.23869700e-03    -1.20417000e-10
19.69    -1.23806500e-03     3.65002000e-10
19.70    -1.23744100e-03     5.44125000e-10
19.71    -1.23681800e-03     5.57425000e-10
19.72    -1.23619400e-03     5.05515000e-10
19.73    -1.23556900e-03     4.51391000e-10
19.74    -1.23494500e-03     4.26583000e-10
19.75    -1.23432000e-03     4.37685000e-10
19.76    -1.23369400e-03     4.73123000e-10
19.77    -1.23306900e-03     5.11203000e-10
19.78    -1.23245400e-03     5.29265000e-10
19.79    -1.23182800e-03     5.12085000e-10
19.80    -1.23120200e-03     4.56803000e-10
19.81    -1.23058600e-03     3.72748000e-10
19.82    -1.22996900e-03     2.76702000e-10
19.83    -1.22934300e-03     1.86175000e-10
19.84    -1.22872600e-03     1.13818000e-10
19.85    -1.22811000e-03     6.48858000e-11
19.86    -1.22746800e-03     3.78672000e-11
19.87    -1.22678700e-03     2.70175000e-11
19.88    -1.22595600e-03     2.52985000e-11
19.89    -1.22468200e-03     2.66614000e-11
19.90    -1.22225200e-03     2.72378000e-11
19.91    -1.21710600e-03     2.54795000e-11
19.92    -1.20629400e-03     2.15742000e-11
19.93    -1.18491100e-03     1.65662000e-11
19.94    -1.14616800e-03     1.15882000e-11
19.95    -1.08242700e-03     7.41364000e-12
19.96    -9.87612000e-04     4.35187000e-12
19.97    -8.60515000e-04     2.34747000e-12
19.98    -7.07300000e-04     1.16444000e-12
19.99    -5.41570000e-04     5.31114000e-13
20.00    -3.81205000e-04     2.22592000e-13
