00.00    -1.96652390e-04     0.00000000e+00
00.01    -2.06442808e-04     0.00000000e+00
00.02    -2.34875663e-04     0.00000000e+00
00.03    -2.79403291e-04     0.00000000e+00
00.04    -3.36532765e-04     0.00000000e+00
00.05    -4.02621045e-04     0.00000000e+00
00.06    -4.74503802e-04     0.00000000e+00
00.07    -5.49814156e-04     0.00000000e+00
00.08    -6.27005113e-04     0.00000000e+00
00.09    -7.05180324e-04     0.00000000e+00
00.10    -7.83890390e-04     0.00000000e+00
00.11    -8.62936259e-04     0.00000000e+00
00.12    -9.42240817e-04     0.00000000e+00
00.13    -1.02179332e-03     0.00000000e+00
00.14    -1.10160916e-03     0.00000000e+00
00.15    -1.18169138e-03     0.00000000e+00
00.16    -1.26207266e-03     0.00000000e+00
00.17    -1.34276171e-03     0.00000000e+00
00.18    -1.42379523e-03     0.00000000e+00
00.19    -1.50517855e-03     0.00000000e+00
00.20    -1.58693719e-03     0.00000000e+00
00.21    -1.66910058e-03     0.00000000e+00
00.22    -1.75168670e-03     0.00000000e+00
00.23    -1.83471778e-03     0.00000000e+00
00.24    -1.91821696e-03     0.00000000e+00
00.25    -2.00220409e-03     0.00000000e+00
00.26    -2.08671073e-03     0.00000000e+00
00.27    -2.17175413e-03     0.00000000e+00
00.28    -2.25736078e-03     0.00000000e+00
00.29    -2.34355912e-03     0.00000000e+00
00.30    -2.43036889e-03     0.00000000e+00
00.31    -2.51782066e-03     0.00000000e+00
00.32    -2.60594582e-03     0.00000000e+00
00.33    -2.69475815e-03     0.00000000e+00
00.34    -2.78429740e-03     0.00000000e+00
00.35    -2.87458722e-03     0.00000000e+00
00.36    -2.96565994e-03     0.00000000e+00
00.37    -3.05754477e-03     0.00000000e+00
00.38    -3.15027135e-03     0.00000000e+00
00.39    -3.24386578e-03     0.00000000e+00
00.40    -3.33837256e-03     0.00000000e+00
00.41    -3.43381659e-03     0.00000000e+00
00.42    -3.53023207e-03     0.00000000e+00
00.43    -3.62765981e-03     0.00000000e+00
00.44    -3.72613016e-03     0.00000000e+00
00.45    -3.82568116e-03     0.00000000e+00
00.46    -3.92635396e-03     0.00000000e+00
00.47    -4.02818901e-03     0.00000000e+00
00.48    -4.13122015e-03     0.00000000e+00
00.49    -4.23550286e-03     0.00000000e+00
00.50    -4.34106258e-03     0.00000000e+00
00.51    -4.44795608e-03     0.00000000e+00
00.52    -4.55622309e-03     0.00000000e+00
00.53    -4.66592343e-03     0.00000000e+00
00.54    -4.77708768e-03     0.00000000e+00
00.55    -4.88978534e-03     0.00000000e+00
00.56    -5.00405759e-03     0.00000000e+00
00.57    -5.11996222e-03     0.00000000e+00
00.58    -5.23755328e-03     0.00000000e+00
00.59    -5.35690059e-03     0.00000000e+00
00.60    -5.47805447e-03     0.00000000e+00
00.61    -5.60107870e-03     0.00000000e+00
00.62    -5.72604383e-03     0.00000000e+00
00.63    -5.85301881e-03     0.00000000e+00
00.64    -5.98207169e-03     0.00000000e+00
00.65    -6.11327600e-03     0.00000000e+00
00.66    -6.24670667e-03     0.00000000e+00
00.67    -6.38242290e-03     0.00000000e+00
00.68    -6.52056191e-03     0.00000000e+00
00.69    -6.66122420e-03     0.00000000e+00
00.70    -6.80440163e-03     0.00000000e+00
00.71    -6.95028354e-03     0.00000000e+00
00.72    -7.09891218e-03     0.00000000e+00
00.73    -7.25037823e-03     0.00000000e+00
00.74    -7.40489410e-03     0.00000000e+00
00.75    -7.56242967e-03     0.00000000e+00
00.76    -7.72324132e-03     0.00000000e+00
00.77    -7.88737444e-03     0.00000000e+00
00.78    -8.05496402e-03     0.00000000e+00
00.79    -8.22619561e-03     0.00000000e+00
00.80    -8.40115990e-03     0.00000000e+00
00.81    -8.58001767e-03     0.00000000e+00
00.82    -8.76295262e-03     0.00000000e+00
00.83    -8.95012601e-03     0.00000000e+00
00.84    -9.14174399e-03     0.00000000e+00
00.85    -9.33799034e-03     0.00000000e+00
00.86    -9.53902399e-03     0.00000000e+00
00.87    -9.74510039e-03     0.00000000e+00
00.88    -9.95637658e-03    -1.85575835e-15
00.89    -1.01731776e-02    -4.85205745e-14
00.90    -1.03957310e-02     1.44885591e-11
00.91    -1.06243146e-02     5.14014880e-11
00.92    -1.08592242e-02     1.52348095e-10
00.93    -1.11007853e-02     3.98457275e-10
00.94    -1.13492685e-02     9.58188602e-10
00.95    -1.16051115e-02     1.86428740e-09
00.96    -1.18686602e-02     2.11329876e-09
00.97    -1.21403966e-02    -2.89254927e-09
00.98    -1.24208041e-02    -2.64819969e-08
00.99    -1.27103355e-02    -9.82827245e-08
01.00    -1.30095950e-02    -2.71255559e-07
01.01    -1.33191365e-02    -6.18404111e-07
01.02    -1.36396119e-02    -1.21216911e-06
01.03    -1.39717192e-02    -2.08853790e-06
01.04    -1.43163564e-02    -3.23019515e-06
01.05    -1.46744854e-02    -4.63079455e-06
01.06    -1.50474858e-02    -6.49979146e-06
01.07    -1.54368819e-02    -9.58733759e-06
01.08    -1.58439849e-02    -1.54603257e-05
01.09    -1.62694986e-02    -2.64490647e-05
01.10    -1.67129162e-02    -4.50079837e-05
01.11    -1.71727709e-02    -7.25306235e-05
01.12    -1.76472968e-02    -1.08105091e-04
01.13    -1.81359546e-02    -1.48038084e-04
01.14    -1.86411095e-02    -1.86910767e-04
01.15    -1.91688101e-02    -2.20277932e-04
01.16    -1.97281695e-02    -2.48144896e-04
01.17    -2.03283790e-02    -2.77594976e-04
01.18    -2.09751343e-02    -3.22957608e-04
01.19    -2.16670088e-02    -4.02798967e-04
01.20    -2.23939577e-02    -5.34404860e-04
01.21    -2.31387512e-02    -7.27515172e-04
01.22    -2.38808310e-02    -9.79444926e-04
01.23    -2.46027283e-02    -1.27337095e-03
01.24    -2.52960038e-02    -1.58066796e-03
01.25    -2.59662538e-02    -1.86727883e-03
01.26    -2.66343242e-02    -2.10268446e-03
01.27    -2.73340391e-02    -2.26921621e-03
01.28    -2.81055824e-02    -2.36919712e-03
01.29    -2.89869841e-02    -2.42765130e-03
01.30    -3.00048752e-02    -2.48990563e-03
01.31    -3.11670155e-02    -2.61433178e-03
01.32    -3.24582876e-02    -2.86147230e-03
01.33    -3.38408159e-02    -3.28137245e-03
01.34    -3.52597179e-02    -3.90148036e-03
01.35    -3.66527058e-02    -4.71779154e-03
01.36    -3.79633189e-02    -5.69166217e-03
01.37    -3.91542205e-02    -6.75379476e-03
01.38    -4.02182365e-02    -7.81497918e-03
01.39    -4.11848103e-02    -8.78213566e-03
01.40    -4.21201109e-02    -9.57619314e-03
01.41    -4.31205992e-02    -1.01491026e-02
01.42    -4.43016070e-02    -1.04966036e-02
01.43    -4.57823726e-02    -1.06657230e-02
01.44    -4.76688081e-02    -1.07558246e-02
01.45    -5.00369619e-02    -1.09131800e-02
01.46    -5.29180940e-02    -1.13181591e-02
01.47    -5.62889168e-02    -1.21662051e-02
01.48    -6.00690884e-02    -1.36434243e-02
01.49    -6.41275787e-02    -1.59039293e-02
01.50    -6.82957904e-02    -1.90530878e-02
01.51    -7.23815130e-02    -2.31396434e-02
01.52    -7.61848939e-02    -2.81518118e-02
01.53    -7.95111938e-02    -3.40102242e-02
01.54    -8.21921411e-02    -4.05526111e-02
01.55    -8.41288471e-02    -4.75185583e-02
01.56    -8.53536810e-02    -5.45628469e-02
01.57    -8.60954053e-02    -6.13325498e-02
01.58    -8.68027067e-02    -6.76355663e-02
01.59    -8.80581210e-02    -7.36778640e-02
01.60    -9.03466801e-02    -8.02731380e-02
01.61    -9.36965918e-02    -8.88627970e-02
01.62    -9.73158686e-02    -1.01207801e-01
01.63    -9.94326129e-02    -1.18728386e-01
01.64    -9.75095211e-02    -1.41689080e-01
01.65    -8.88750549e-02    -1.68585603e-01
01.66    -7.15902858e-02    -1.96074616e-01
01.67    -4.52485810e-02    -2.19573362e-01
01.68    -1.13812743e-02    -2.34363074e-01
01.69     2.66861181e-02    -2.36807016e-01
01.70     6.44698637e-02    -2.25271702e-01
01.71     9.72285441e-02    -2.00495759e-01
01.72     1.20852305e-01    -1.65401846e-01
01.73     1.32544420e-01    -1.24522051e-01
01.74     1.31229520e-01    -8.32615404e-02
01.75     1.17706137e-01    -4.71301474e-02
01.76     9.45794643e-02    -2.09603823e-02
01.77     6.59277085e-02    -8.12476845e-03
01.78     3.66887776e-02    -9.87134400e-03
01.79     1.17960835e-02    -2.50114113e-02
01.80    -4.73147018e-03    -5.01561537e-02
01.81    -1.04792663e-02    -8.04815019e-02
01.82    -4.91503768e-03    -1.10753742e-01
01.83     1.07550679e-02    -1.36254102e-01
01.84     3.39964180e-02    -1.53387264e-01
01.85     6.14374815e-02    -1.59969522e-01
01.86     8.93454072e-02    -1.55338186e-01
01.87     1.14090836e-01    -1.40380372e-01
01.88     1.32634001e-01    -1.17448413e-01
01.89     1.43000627e-01    -9.00621984e-02
01.90     1.44637098e-01    -6.23227072e-02
01.91     1.38493591e-01    -3.81149669e-02
01.92     1.26758182e-01    -2.03118153e-02
01.93     1.12288891e-01    -1.02501715e-02
01.94     9.79249159e-02    -7.65832173e-03
01.95     8.59030161e-02    -1.10284627e-02
01.96     7.75472548e-02    -1.82462313e-02
01.97     7.32740055e-02    -2.72185695e-02
01.98     7.28256550e-02    -3.63039022e-02
01.99     7.56024217e-02    -4.44818809e-02
02.00     8.09735715e-02    -5.13012319e-02
02.01     8.84946266e-02    -5.66755577e-02
02.02     9.79962547e-02    -6.05926527e-02
02.03     1.09512693e-01    -6.28204455e-02
02.04     1.23077245e-01    -6.27256505e-02
02.05     1.38469461e-01    -5.93039799e-02
02.06     1.55031483e-01    -5.14195310e-02
02.07     1.71638615e-01    -3.81332207e-02
02.08     1.86809891e-01    -1.89579478e-02
02.09     1.98889292e-01     6.02686433e-03
02.10     2.06212198e-01     3.61582559e-02
02.11     2.07263926e-01     7.01854850e-02
02.12     2.00852569e-01     1.06265706e-01
02.13     1.86322590e-01     1.42033157e-01
02.14     1.63748260e-01     1.74820790e-01
02.15     1.34020905e-01     2.02038846e-01
02.16     9.87575276e-02     2.21585589e-01
02.17     6.00432161e-02     2.32147799e-01
02.18     2.01077143e-02     2.33256064e-01
02.19    -1.89338579e-02     2.25127880e-01
02.20    -5.51965518e-02     2.08420874e-01
02.21    -8.70153983e-02     1.84070942e-01
02.22    -1.12912187e-01     1.53290074e-01
02.23    -1.31629702e-01     1.17652774e-01
02.24    -1.42254903e-01     7.91300821e-02
02.25    -1.44361124e-01     3.99994186e-02
02.26    -1.38105589e-01     2.65462043e-03
02.27    -1.24252176e-01    -3.05990496e-02
02.28    -1.04147459e-01    -5.77363700e-02
02.29    -7.96458566e-02    -7.72131360e-02
02.30    -5.29618335e-02    -8.81849581e-02
02.31    -2.64252828e-02    -9.06823940e-02
02.32    -2.16064536e-03    -8.56434562e-02
02.33     1.82214246e-02    -7.47290210e-02
02.34     3.38173655e-02    -5.99593580e-02
02.35     4.44337885e-02    -4.32690801e-02
02.36     5.03969125e-02    -2.61480355e-02
02.37     5.22432626e-02    -9.49664097e-03
02.38     5.04235981e-02     6.24581505e-03
02.39     4.51571088e-02     2.07615949e-02
02.40     3.65110976e-02     3.34829257e-02
02.41     2.46684717e-02     4.33978910e-02
02.42     1.02418448e-02     4.91694615e-02
02.43    -5.54577540e-03     4.95433557e-02
02.44    -2.09348260e-02     4.38647308e-02
02.45    -3.39592302e-02     3.24596259e-02
02.46    -4.29083625e-02     1.66971451e-02
02.47    -4.67377040e-02    -1.29834907e-03
02.48    -4.52789565e-02    -1.91599502e-02
02.49    -3.91935547e-02    -3.48177780e-02
02.50    -2.97144675e-02    -4.68882756e-02
02.51    -1.82831542e-02    -5.48175725e-02
02.52    -6.20661775e-03    -5.87678840e-02
02.53     5.55421659e-03    -5.93081502e-02
02.54     1.63937836e-02    -5.70366810e-02
02.55     2.58755918e-02    -5.23215538e-02
02.56     3.34685877e-02    -4.53392409e-02
02.57     3.84161237e-02    -3.64555533e-02
02.58     3.99287442e-02    -2.67474148e-02
02.59     3.77123248e-02    -1.82511828e-02
02.60     3.25687216e-02    -1.35597938e-02
02.61     2.66361632e-02    -1.47574901e-02
02.62     2.29495286e-02    -2.21852389e-02
02.63     2.43826022e-02    -3.37819032e-02
02.64     3.24437258e-02    -4.55016186e-02
02.65     4.65354997e-02    -5.26960335e-02
02.66     6.40529688e-02    -5.18019626e-02
02.67     8.12544290e-02    -4.15465072e-02
02.68     9.44796814e-02    -2.32040523e-02
02.69     1.01191689e-01     6.24079082e-05
02.70     1.00497595e-01     2.43638237e-02
02.71     9.30617155e-02     4.62281354e-02
02.72     8.05952492e-02     6.33327033e-02
02.73     6.52029591e-02     7.46912425e-02
02.74     4.88489983e-02     8.04068050e-02
02.75     3.30696310e-02     8.12362997e-02
02.76     1.89211768e-02     7.82078470e-02
02.77     7.04752959e-03     7.24110776e-02
02.78    -2.25052633e-03     6.49375219e-02
02.79    -8.99567364e-03     5.68453544e-02
02.80    -1.35271611e-02     4.90509073e-02
02.81    -1.64302418e-02     4.21479873e-02
02.82    -1.83634040e-02     3.62662928e-02
02.83    -1.98339640e-02     3.10961992e-02
02.84    -2.10313702e-02     2.61087968e-02
02.85    -2.18097752e-02     2.08657781e-02
02.86    -2.18223949e-02     1.52577293e-02
02.87    -2.07307880e-02     9.56433202e-03
02.88    -1.83856269e-02     4.34417624e-03
02.89    -1.49169238e-02     2.39783080e-04
02.90    -1.07268975e-02    -2.21489911e-03
02.91    -6.41164213e-03    -2.73903118e-03
02.92    -2.63653078e-03    -1.38997970e-03
02.93     1.04750568e-05     1.42396388e-03
02.94     1.15798525e-03     5.02220015e-03
02.95     7.36162768e-04     8.62201846e-03
02.96    -1.03317837e-03     1.15503403e-02
02.97    -3.74465888e-03     1.34072570e-02
02.98    -6.96755776e-03     1.41033711e-02
02.99    -1.03763324e-02     1.37584784e-02
03.00    -1.37906974e-02     1.25281546e-02
03.01    -1.71166856e-02     1.04626339e-02
03.02    -2.02375560e-02     7.47978070e-03
03.03    -2.29284095e-02     3.45779504e-03
03.04    -2.48501076e-02    -1.61339068e-03
03.05    -2.56294739e-02    -7.51233875e-03
03.06    -2.49861709e-02    -1.37633089e-02
03.07    -2.28488593e-02    -1.97207275e-02
03.08    -1.94128511e-02    -2.47265395e-02
03.09    -1.51173811e-02    -2.82838702e-02
03.10    -1.05486199e-02    -3.01937138e-02
03.11    -6.29427290e-03    -3.06125832e-02
03.12    -2.79221030e-03    -3.00063442e-02
03.13    -2.22797436e-04    -2.90085127e-02
03.14     1.51728425e-03    -2.82270537e-02
03.15     2.75077931e-03    -2.80720923e-02
03.16     3.89539508e-03    -2.86669923e-02
03.17     5.33103176e-03    -2.98647743e-02
03.18     7.30507126e-03    -3.13410295e-02
03.19     9.89612026e-03    -3.27111967e-02
03.20     1.30274056e-02    -3.36293078e-02
03.21     1.65101066e-02    -3.38523196e-02
03.22     2.01003857e-02    -3.32694872e-02
03.23     2.35550164e-02    -3.18970158e-02
03.24     2.66713276e-02    -2.98403655e-02
03.25     2.92979583e-02    -2.72432019e-02
03.26     3.13209345e-02    -2.42576627e-02
03.27     3.26482880e-02    -2.10580318e-02
03.28     3.32222969e-02    -1.78800313e-02
03.29     3.30650068e-02    -1.50379083e-02
03.30     3.23297580e-02    -1.28789804e-02
03.31     3.13195233e-02    -1.16809797e-02
03.32     3.04460018e-02    -1.15364870e-02
03.33     3.01341920e-02    -1.22804016e-02
03.34     3.07032048e-02    -1.34956037e-02
03.35     3.22642327e-02    -1.46022675e-02
03.36     3.46711278e-02    -1.50076093e-02
03.37     3.75450664e-02    -1.42717417e-02
03.38     4.03703150e-02    -1.22408132e-02
03.39     4.26389736e-02    -9.10322492e-03
03.40     4.40032170e-02    -5.34182022e-03
03.41     4.43845591e-02    -1.58189361e-03
03.42     4.39920749e-02     1.62406893e-03
03.43     4.32314448e-02     3.99245820e-03
03.44     4.25383354e-02     5.59352328e-03
03.45     4.22108826e-02     6.78150904e-03
03.46     4.23187256e-02     8.01166523e-03
03.47     4.27214988e-02     9.64662151e-03
03.48     4.31666482e-02     1.18482442e-02
03.49     4.33991909e-02     1.45831270e-02
03.50     4.32343790e-02     1.76971879e-02
03.51     4.25766560e-02     2.09995105e-02
03.52     4.14047992e-02     2.43168989e-02
03.53     3.97433437e-02     2.75176877e-02
03.54     3.76347123e-02     3.05137088e-02
03.55     3.51193813e-02     3.32445613e-02
03.56     3.22317095e-02     3.56500122e-02
03.57     2.90146987e-02     3.76485859e-02
03.58     2.55421898e-02     3.91465439e-02
03.59     2.19255687e-02     4.00782295e-02
03.60     1.82900751e-02     4.04498712e-02
03.61     1.47301361e-02     4.03426857e-02
03.62     1.12764032e-02     3.98626155e-02
03.63     7.90351192e-03     3.90630790e-02
03.64     4.58162551e-03     3.78971188e-02
03.65     1.33916745e-03     3.62369732e-02
03.66    -1.70300925e-03     3.39546835e-02
03.67    -4.35223644e-03     3.10139861e-02
03.68    -6.40732870e-03     2.75139949e-02
03.69    -7.72093260e-03     2.36547070e-02
03.70    -8.21775724e-03     1.96536890e-02
03.71    -7.85738096e-03     1.56888275e-02
03.72    -6.58650992e-03     1.19370598e-02
03.73    -4.35552817e-03     8.70210400e-03
03.74    -1.24334305e-03     6.51694409e-03
03.75     2.36127943e-03     6.06744561e-03
03.76     5.66403791e-03     7.87051611e-03
03.77     7.59622051e-03     1.18396661e-02
03.78     7.18991314e-03     1.70146038e-02
03.79     4.04055278e-03     2.16932476e-02
03.80    -1.39148675e-03     2.39717733e-02
03.81    -7.81307573e-03     2.24384708e-02
03.82    -1.34509896e-02     1.66852673e-02
03.83    -1.65543694e-02     7.44344999e-03
03.84    -1.58505589e-02    -3.61726362e-03
03.85    -1.08532644e-02    -1.42693846e-02
03.86    -2.00839433e-03    -2.21744173e-02
03.87     9.32355757e-03    -2.53782171e-02
03.88     2.10893802e-02    -2.28309909e-02
03.89     3.09990704e-02    -1.47932957e-02
03.90     3.71443385e-02    -2.90618137e-03
03.91     3.85726936e-02     1.02253898e-02
03.92     3.55658754e-02     2.18425128e-02
03.93     2.94776804e-02     2.99142289e-02
03.94     2.21952049e-02     3.37031682e-02
03.95     1.54690172e-02     3.37880189e-02
03.96     1.04011535e-02     3.15957135e-02
03.97     7.27145811e-03     2.87203194e-02
03.98     5.69885401e-03     2.63544129e-02
03.99     4.98864461e-03     2.50335894e-02
04.00     4.47482878e-03     2.47050922e-02
04.01     3.72758146e-03     2.49839903e-02
04.02     2.59324304e-03     2.54286905e-02
04.03     1.11816193e-03     2.57197332e-02
04.04    -5.67458886e-04     2.57105497e-02
04.05    -2.34186048e-03     2.53838271e-02
04.06    -4.13142634e-03     2.47711911e-02
04.07    -5.90203259e-03     2.38880152e-02
04.08    -7.62791265e-03     2.27098889e-02
04.09    -9.26377445e-03     2.11887544e-02
04.10    -1.07375005e-02     1.92827691e-02
04.11    -1.19576155e-02     1.69688385e-02
04.12    -1.28130844e-02     1.42278845e-02
04.13    -1.31502864e-02     1.10324952e-02
04.14    -1.27388039e-02     7.38621659e-03
04.15    -1.12758423e-02     3.43541776e-03
04.16    -8.47463918e-03    -3.92780504e-04
04.17    -4.24071115e-03    -3.34083444e-03
04.18     1.13839492e-03    -4.45808240e-03
04.19     6.90917310e-03    -2.92862488e-03
04.20     1.19646479e-02     1.54211526e-03
04.21     1.51457689e-02     8.48100432e-03
04.22     1.56172201e-02     1.66881527e-02
04.23     1.31536228e-02     2.45696077e-02
04.24     8.21488467e-03     3.06163322e-02
04.25     1.79361992e-03     3.38280848e-02
04.26    -4.88472004e-03     3.39315408e-02
04.27    -1.06856460e-02     3.13621604e-02
04.28    -1.48194568e-02     2.70743013e-02
04.29    -1.69819107e-02     2.22714501e-02
04.30    -1.73808305e-02     1.81178665e-02
04.31    -1.66530820e-02     1.54707829e-02
04.32    -1.56848115e-02     1.46766120e-02
04.33    -1.53674460e-02     1.54965674e-02
04.34    -1.63603112e-02     1.71989079e-02
04.35    -1.89369930e-02     1.87871990e-02
04.36    -2.29539557e-02     1.92605082e-02
04.37    -2.79157049e-02     1.78021004e-02
04.38    -3.30704545e-02     1.38677658e-02
04.39    -3.74899202e-02     7.22916898e-03
04.40    -4.01484782e-02    -1.94824722e-03
04.41    -4.00580656e-02    -1.29844061e-02
04.42    -3.64946304e-02    -2.46169354e-02
04.43    -2.92696390e-02    -3.51179415e-02
04.44    -1.89229433e-02    -4.26550583e-02
04.45    -6.70899647e-03    -4.58014869e-02
04.46     5.66904431e-03    -4.39848099e-02
04.47     1.64945257e-02    -3.76665073e-02
04.48     2.44739004e-02    -2.81694602e-02
04.49     2.90070506e-02    -1.72382111e-02
04.50     3.02101053e-02    -6.52809841e-03
04.51     2.87210422e-02     2.77727017e-03
04.52     2.54009286e-02     1.01086611e-02
04.53     2.10605352e-02     1.54228348e-02
04.54     1.63005432e-02     1.89824671e-02
04.55     1.14830154e-02     2.11294942e-02
04.56     6.79371463e-03     2.21389100e-02
04.57     2.33445870e-03     2.21754091e-02
04.58    -1.80404315e-03     2.13215279e-02
04.59    -5.50624449e-03     1.96346291e-02
04.60    -8.63104718e-03     1.71975857e-02
04.61    -1.10324828e-02     1.41524348e-02
04.62    -1.25918875e-02     1.07116771e-02
04.63    -1.32512496e-02     7.14731198e-03
04.64    -1.30388002e-02     3.75768138e-03
04.65    -1.20772703e-02     8.17781031e-04
04.66    -1.05682641e-02    -1.47514342e-03
04.67    -8.75221113e-03    -3.04146238e-03
04.68    -6.85546441e-03    -3.92702260e-03
04.69    -5.04209624e-03    -4.27175264e-03
04.70    -3.38865000e-03    -4.25154469e-03
04.71    -1.88696879e-03    -4.01799225e-03
04.72    -4.69848662e-04    -3.65196661e-03
04.73     9.47803253e-04    -3.13398633e-03
04.74     2.41415605e-03    -2.33139005e-03
04.75     3.87678524e-03    -1.02209462e-03
04.76     5.13367814e-03     1.02182974e-03
04.77     5.83800039e-03     3.89413493e-03
04.78     5.58555328e-03     7.41595027e-03
04.79     4.06928315e-03     1.10855942e-02
04.80     1.23666843e-03     1.41747054e-02
04.81    -2.62957352e-03     1.59460098e-02
04.82    -6.95360692e-03     1.59007136e-02
04.83    -1.10176678e-02     1.39454341e-02
04.84    -1.41593573e-02     1.04149860e-02
04.85    -1.59382308e-02     5.95472544e-03
04.86    -1.62175386e-02     1.32385978e-03
04.87    -1.51486956e-02    -2.79930946e-03
04.88    -1.30836068e-02    -5.94699017e-03
04.89    -1.04625451e-02    -7.90235805e-03
04.90    -7.71722743e-03    -8.66911366e-03
04.91    -5.20978245e-03    -8.41224372e-03
04.92    -3.20111104e-03    -7.40241238e-03
04.93    -1.83395150e-03    -5.97057098e-03
04.94    -1.12430205e-03    -4.46207492e-03
04.95    -9.66692458e-04    -3.17619812e-03
04.96    -1.16592890e-03    -2.30283664e-03
04.97    -1.49609056e-03    -1.88251929e-03
04.98    -1.76938627e-03    -1.81411300e-03
04.99    -1.88878073e-03    -1.91354539e-03
05.00    -1.86189907e-03    -1.99903526e-03
05.01    -1.77221179e-03    -1.96581298e-03
05.02    -1.72209044e-03    -1.81935998e-03
05.03    -1.77494311e-03    -1.65500380e-03
05.04    -1.92293264e-03    -1.59694109e-03
05.05    -2.09280595e-03    -1.72841467e-03
05.06    -2.18468558e-03    -2.04863487e-03
05.07    -2.11993742e-03    -2.47599292e-03
05.08    -1.87349132e-03    -2.89004119e-03
05.09    -1.47633850e-03    -3.18321709e-03
05.10    -9.95861764e-04    -3.29396709e-03
05.11    -5.08849957e-04    -3.21176281e-03
05.12    -8.25511835e-05    -2.96518051e-03
05.13     2.36290131e-04    -2.60966632e-03
05.14     4.29453019e-04    -2.21955761e-03
05.15     5.16176380e-04    -1.87423128e-03
05.16     5.54055698e-04    -1.62782765e-03
05.17     6.19018935e-04    -1.47005769e-03
05.18     7.61684833e-04    -1.30727039e-03
05.19     9.60116509e-04    -9.94304181e-04
05.20     1.10219100e-03    -4.17456995e-04
05.21     1.02260505e-03     4.14593526e-04
05.22     5.83995704e-04     1.33372255e-03
05.23    -2.41033307e-04     2.06427206e-03
05.24    -1.33643738e-03     2.34082556e-03
05.25    -2.47836489e-03     2.02598964e-03
05.26    -3.41943838e-03     1.16442235e-03
05.27    -3.97631066e-03    -4.64222930e-05
05.28    -4.08069886e-03    -1.34199609e-03
05.29    -3.77959594e-03    -2.48499501e-03
05.30    -3.19512338e-03    -3.32917823e-03
05.31    -2.46835048e-03    -3.83535121e-03
05.32    -1.71233610e-03    -4.04313034e-03
05.33    -9.92459554e-04    -4.01785344e-03
05.34    -3.38552693e-04    -3.80144388e-03
05.35     2.22375863e-04    -3.39442870e-03
05.36     6.36048801e-04    -2.77975585e-03
05.37     8.16116387e-04    -1.97403415e-03
05.38     6.72841034e-04    -1.07282188e-03
05.39     1.62598327e-04    -2.56806456e-04
05.40    -6.69337179e-04     2.52857135e-04
05.41    -1.67863262e-03     2.71568384e-04
05.42    -2.65307528e-03    -2.77409716e-04
05.43    -3.37139103e-03    -1.33154154e-03
05.44    -3.66388438e-03    -2.70756119e-03
05.45    -3.45256322e-03    -4.15467887e-03
05.46    -2.76251095e-03    -5.41680304e-03
05.47    -1.70890714e-03    -6.28499983e-03
05.48    -4.68322456e-04    -6.63346510e-03
05.49     7.58441550e-04    -6.43801227e-03
05.50     1.78633331e-03    -5.77603014e-03
05.51     2.48189790e-03    -4.80607219e-03
05.52     2.78722671e-03    -3.72983172e-03
05.53     2.72564402e-03    -2.74521996e-03
05.54     2.38765276e-03    -2.00278247e-03
05.55     1.90145741e-03    -1.57802472e-03
05.56     1.39789372e-03    -1.46703986e-03
05.57     9.80860610e-04    -1.60486109e-03
05.58     7.12691890e-04    -1.89678705e-03
05.59     6.14972752e-04    -2.24737430e-03
05.60     6.79255567e-04    -2.57603728e-03
05.61     8.77340239e-04    -2.81839008e-03
05.62     1.16558188e-03    -2.92256191e-03
05.63     1.48466471e-03    -2.85136505e-03
05.64     1.76196951e-03    -2.59395882e-03
05.65     1.92276146e-03    -2.18027650e-03
05.66     1.90993914e-03    -1.68603629e-03
05.67     1.70485875e-03    -1.21921754e-03
05.68     1.33802021e-03    -8.89142755e-04
05.69     8.82292040e-04    -7.70411057e-04
05.70     4.29445674e-04    -8.78573053e-04
05.71     6.02338402e-05    -1.16953561e-03
05.72    -1.78835253e-04    -1.56206914e-03
05.73    -2.82714586e-04    -1.97093259e-03
05.74    -2.78808204e-04    -2.33455775e-03
05.75    -2.08810782e-04    -2.62727358e-03
05.76    -1.10774074e-04    -2.85519390e-03
05.77    -8.05582589e-06    -3.04226203e-03
05.78     9.28154285e-05    -3.21433246e-03
05.79     1.97102032e-04    -3.38792128e-03
05.80     3.13746533e-04    -3.56702386e-03
05.81     4.49022172e-04    -3.74785339e-03
05.82     6.05427451e-04    -3.92713327e-03
05.83     7.85767064e-04    -4.10717195e-03
05.84     9.98371497e-04    -4.29259424e-03
05.85     1.25774133e-03    -4.48013410e-03
05.86     1.57784714e-03    -4.64918427e-03
05.87     1.96099181e-03    -4.76211006e-03
05.88     2.38964888e-03    -4.77718646e-03
05.89     2.82785021e-03    -4.66760863e-03
05.90     3.23256778e-03    -4.43460554e-03
05.91     3.56878683e-03    -4.10603502e-03
05.92     3.81908691e-03    -3.72148280e-03
05.93     3.98252808e-03    -3.31410370e-03
05.94     4.06493574e-03    -2.90107557e-03
05.95     4.06822919e-03    -2.48803603e-03
05.96     3.98674755e-03    -2.08317165e-03
05.97     3.81340189e-03    -1.70998654e-03
05.98     3.55149422e-03    -1.40891409e-03
05.99     3.22421167e-03    -1.22540561e-03
06.00     2.87499405e-03    -1.19078603e-03
06.01     2.55740374e-03    -1.30660478e-03
06.02     2.31921120e-03    -1.54131169e-03
06.03     2.18849376e-03    -1.84092641e-03
06.04     2.16815984e-03    -2.14803463e-03
06.05     2.24078346e-03    -2.41960022e-03
06.06     2.38013394e-03    -2.63540788e-03
06.07     2.56302374e-03    -2.79453622e-03
06.08     2.77547380e-03    -2.90375903e-03
06.09     3.01115604e-03    -2.96580192e-03
06.10     3.26484994e-03    -2.97460250e-03
06.11     3.52630960e-03    -2.91941174e-03
06.12     3.77891588e-03    -2.79320809e-03
06.13     4.00322239e-03    -2.59865402e-03
06.14     4.18199749e-03    -2.34757188e-03
06.15     4.30276387e-03    -2.05578824e-03
06.16     4.35657984e-03    -1.73896968e-03
06.17     4.33575081e-03    -1.41344294e-03
06.18     4.23405438e-03    -1.10131338e-03
06.19     4.05135673e-03    -8.34841756e-04
06.20     3.80083132e-03    -6.54593033e-04
06.21     3.51417591e-03    -5.99445197e-04
06.22     3.24050550e-03    -6.91505801e-04
06.23     3.03718299e-03    -9.22640058e-04
06.24     2.95486796e-03    -1.24957570e-03
06.25     3.02219557e-03    -1.60088473e-03
06.26     3.23587188e-03    -1.89408215e-03
06.27     3.55986839e-03    -2.05689248e-03
06.28     3.93390655e-03    -2.04563563e-03
06.29     4.28837169e-03    -1.85542451e-03
06.30     4.56126295e-03    -1.51971212e-03
06.31     4.71227434e-03    -1.09974503e-03
06.32     4.73028777e-03    -6.67077853e-04
06.33     4.63210833e-03    -2.84606364e-04
06.34     4.45352336e-03     7.57322593e-06
06.35     4.23643725e-03     1.96968142e-04
06.36     4.01734874e-03     2.93608175e-04
06.37     3.82116778e-03     3.19090911e-04
06.38     3.66155304e-03     2.96103648e-04
06.39     3.54493983e-03     2.43472552e-04
06.40     3.47441317e-03     1.77504514e-04
06.41     3.45014551e-03     1.16049453e-04
06.42     3.46681257e-03     8.00253751e-05
06.43     3.51075150e-03     8.95308790e-05
06.44     3.56052635e-03     1.56189997e-04
06.45     3.59212339e-03     2.76715022e-04
06.46     3.58670141e-03     4.32469970e-04
06.47     3.53698428e-03     5.96292697e-04
06.48     3.44863607e-03     7.43261868e-04
06.49     3.33603527e-03     8.59949119e-04
06.50     3.21464734e-03     9.47599533e-04
06.51     3.09395007e-03     1.01826693e-03
06.52     2.97419954e-03     1.08645486e-03
06.53     2.84797465e-03     1.16098999e-03
06.54     2.70509433e-03     1.24091679e-03
06.55     2.53775695e-03     1.31672164e-03
06.56     2.34353090e-03     1.37502558e-03
06.57     2.12525409e-03     1.40332645e-03
06.58     1.88919120e-03     1.39217379e-03
06.59     1.64331864e-03     1.33456154e-03
06.60     1.39711548e-03     1.22427099e-03
06.61     1.16267260e-03     1.05555530e-03
06.62     9.55654704e-04     8.25156743e-04
06.63     7.94777746e-04     5.35999211e-04
06.64     6.99118488e-04     2.00604964e-04
06.65     6.83668323e-04    -1.57638675e-04
06.66     7.54555807e-04    -5.06578215e-04
06.67     9.05539400e-04    -8.10606109e-04
06.68     1.11708151e-03    -1.03799647e-03
06.69     1.35867452e-03    -1.16856548e-03
06.70     1.59440189e-03    -1.19988180e-03
06.71     1.79099783e-03    -1.14987852e-03
06.72     1.92666817e-03    -1.05409014e-03
06.73     1.99771954e-03    -9.56567869e-04
06.74     2.01998985e-03    -8.96388281e-04
06.75     2.02345679e-03    -8.94548893e-04
06.76     2.04145307e-03    -9.46815371e-04
06.77     2.09840108e-03    -1.02592003e-03
06.78     2.20086579e-03    -1.09234038e-03
06.79     2.33521295e-03    -1.10927150e-03
06.80     2.47245290e-03    -1.05637164e-03
06.81     2.57839445e-03    -9.37801062e-04
06.82     2.62590570e-03    -7.82205158e-04
06.83     2.60525587e-03    -6.34426575e-04
06.84     2.52930415e-03    -5.41126644e-04
06.85     2.43098212e-03    -5.34327267e-04
06.86     2.35330839e-03    -6.18683630e-04
06.87     2.33477299e-03    -7.68225947e-04
06.88     2.39594079e-03    -9.35172049e-04
06.89     2.53319847e-03    -1.06755147e-03
06.90     2.72240926e-03    -1.12744969e-03
06.91     2.92997754e-03    -1.10099466e-03
06.92     3.12512878e-03    -9.96500552e-04
06.93     3.28760172e-03    -8.34462246e-04
06.94     3.40870765e-03    -6.36285908e-04
06.95     3.48752076e-03    -4.17325269e-04
06.96     3.52561432e-03    -1.85214908e-04
06.97     3.52258164e-03     5.78270933e-05
06.98     3.47387116e-03     3.10323691e-04
06.99     3.37145897e-03     5.65754893e-04
07.00     3.20790258e-03     8.08014937e-04
07.01     2.98234943e-03     1.01117794e-03
07.02     2.70570131e-03     1.14533483e-03
07.03     2.40150274e-03     1.18668994e-03
07.04     2.10131608e-03     1.12680060e-03
07.05     1.83654201e-03     9.75866848e-04
07.06     1.63060551e-03     7.58772522e-04
07.07     1.49488234e-03     5.06672361e-04
07.08     1.42904249e-03     2.48768683e-04
07.09     1.42441375e-03     7.32329246e-06
07.10     1.46802715e-03    -2.03838547e-04
07.11     1.54615145e-03    -3.78637603e-04
07.12     1.64680248e-03    -5.16850706e-04
07.13     1.76108453e-03    -6.21339754e-04
07.14     1.88292049e-03    -6.94965155e-04
07.15     2.00732640e-03    -7.38706604e-04
07.16     2.12839607e-03    -7.52452328e-04
07.17     2.23867584e-03    -7.38193448e-04
07.18     2.33103393e-03    -7.03197617e-04
07.19     2.40202574e-03    -6.60254439e-04
07.20     2.45469890e-03    -6.24008532e-04
07.21     2.49864320e-03    -6.05079203e-04
07.22     2.54689066e-03    -6.05268411e-04
07.23     2.61115686e-03    -6.16407283e-04
07.24     2.69747730e-03    -6.23253669e-04
07.25     2.80422144e-03    -6.08807912e-04
07.26     2.92284603e-03    -5.59535669e-04
07.27     3.04056641e-03    -4.68513183e-04
07.28     3.14349645e-03    -3.35860196e-04
07.29     3.21898009e-03    -1.67300217e-04
07.30     3.25667804e-03     2.75617338e-05
07.31     3.24903635e-03     2.35993798e-04
07.32     3.19211499e-03     4.42002517e-04
07.33     3.08723721e-03     6.26633682e-04
07.34     2.94275452e-03     7.70276201e-04
07.35     2.77451858e-03     8.57322775e-04
07.36     2.60370243e-03     8.81597889e-04
07.37     2.45190822e-03     8.49758428e-04
07.38     2.33532287e-03     7.80422912e-04
07.39     2.26017724e-03     6.98804096e-04
07.40     2.22157442e-03     6.29046085e-04
07.41     2.20592824e-03     5.87282634e-04
07.42     2.19593661e-03     5.78000645e-04
07.43     2.17597546e-03     5.94345318e-04
07.44     2.13633545e-03     6.21640417e-04
07.45     2.07523436e-03     6.42433960e-04
07.46     1.99852324e-03     6.41563852e-04
07.47     1.91753670e-03     6.10113834e-04
07.48     1.84562770e-03     5.47564502e-04
07.49     1.79437284e-03     4.61755800e-04
07.50     1.77018057e-03     3.66493719e-04
07.51     1.77253596e-03     2.77140667e-04
07.52     1.79457293e-03     2.05427709e-04
07.53     1.82613764e-03     1.55531641e-04
07.54     1.85810161e-03     1.23402162e-04
07.55     1.88599948e-03     9.98861150e-05
07.56     1.91108516e-03     7.60275040e-05
07.57     1.93858870e-03     4.76858236e-05
07.58     1.97423701e-03     1.71230673e-05
07.59     2.02109193e-03    -8.79629708e-06
07.60     2.07824360e-03    -2.21992005e-05
07.61     2.14143525e-03    -1.74121248e-05
07.62     2.20487544e-03     7.62490803e-06
07.63     2.26302229e-03     5.17299080e-05
07.64     2.31163387e-03     1.11793214e-04
07.65     2.34798561e-03     1.84090025e-04
07.66     2.37061553e-03     2.65129932e-04
07.67     2.37883919e-03     3.52025502e-04
07.68     2.37233675e-03     4.42520978e-04
07.69     2.35080095e-03     5.34839977e-04
07.70     2.31370951e-03     6.27466659e-04
07.71     2.26018349e-03     7.18873983e-04
07.72     2.18888044e-03     8.07193778e-04
07.73     2.09799842e-03     8.89668173e-04
07.74     1.98560496e-03     9.61786654e-04
07.75     1.85053502e-03     1.01629972e-03
07.76     1.69403502e-03     1.04270583e-03
07.77     1.52183404e-03     1.02814824e-03
07.78     1.34570679e-03     9.60196227e-04
07.79     1.18351268e-03     8.31370405e-04
07.80     1.05676059e-03     6.44030449e-04
07.81     9.85727922e-04     4.13395173e-04
07.82     9.83427809e-04     1.66615508e-04
07.83     1.05075300e-03    -6.30455373e-05
07.84     1.17534964e-03    -2.45342229e-04
07.85     1.33513088e-03    -3.61624958e-04
07.86     1.50514255e-03    -4.08756103e-04
07.87     1.66444423e-03    -3.96632307e-04
07.88     1.79988277e-03    -3.41343197e-04
07.89     1.90575833e-03    -2.58312701e-04
07.90     1.98083139e-03    -1.58980804e-04
07.91     2.02543203e-03    -5.15329198e-05
07.92     2.04035705e-03     5.65888219e-05
07.93     2.02758537e-03     1.57184623e-04
07.94     1.99136696e-03     2.41996573e-04
07.95     1.93838315e-03     3.04750219e-04
07.96     1.87665515e-03     3.42810139e-04
07.97     1.81395863e-03     3.57402450e-04
07.98     1.75650800e-03     3.52622672e-04
07.99     1.70833245e-03     3.34146944e-04
08.00     1.67110320e-03     3.08223779e-04
08.01     1.64412948e-03     2.80806476e-04
08.02     1.62459233e-03     2.56420408e-04
08.03     1.60835091e-03     2.36765990e-04
08.04     1.59155748e-03     2.19856408e-04
08.05     1.57251324e-03     2.00615887e-04
08.06     1.55291324e-03     1.73192502e-04
08.07     1.53762131e-03     1.34115532e-04
08.08     1.53272153e-03     8.46528978e-05
08.09     1.54287585e-03     3.10049854e-05
08.10     1.56914083e-03    -1.78913533e-05
08.11     1.60849643e-03    -5.38141205e-05
08.12     1.65509908e-03    -7.21362512e-05
08.13     1.70261015e-03    -7.27476618e-05
08.14     1.74619487e-03    -5.88046079e-05
08.15     1.78330084e-03    -3.43455207e-05
08.16     1.81306336e-03    -2.27637865e-06
08.17     1.83501414e-03     3.62032129e-05
08.18     1.84800706e-03     8.07036884e-05
08.19     1.85007941e-03     1.30108115e-04
08.20     1.83916638e-03     1.81474055e-04
08.21     1.81422166e-03     2.29996978e-04
08.22     1.77606243e-03     2.69941215e-04
08.23     1.72762035e-03     2.95969769e-04
08.24     1.67362381e-03     3.04307971e-04
08.25     1.61984164e-03     2.93509956e-04
08.26     1.57218390e-03     2.64796885e-04
08.27     1.53570705e-03     2.21962320e-04
08.28     1.51374829e-03     1.70748169e-04
08.29     1.50738340e-03     1.17739301e-04
08.30     1.51543050e-03     6.90830414e-05
08.31     1.53496408e-03     2.95083639e-05
08.32     1.56198811e-03     1.87382906e-06
08.33     1.59214374e-03    -1.28625207e-05
08.34     1.62126580e-03    -1.55656828e-05
08.35     1.64594494e-03    -8.81659813e-06
08.36     1.66416258e-03     3.44247612e-06
08.37     1.67571330e-03     1.67493566e-05
08.38     1.68226406e-03     2.73674854e-05
08.39     1.68668994e-03     3.34368897e-05
08.40     1.69206246e-03     3.54832563e-05
08.41     1.70056473e-03     3.60399615e-05
08.42     1.71281495e-03     3.86387120e-05
08.43     1.72773268e-03     4.66302880e-05
08.44     1.74292420e-03     6.22488990e-05
08.45     1.75530069e-03     8.60905953e-05
08.46     1.76179434e-03     1.17015904e-04
08.47     1.76001876e-03     1.52419181e-04
08.48     1.74869566e-03     1.88797950e-04
08.49     1.72781145e-03     2.22444888e-04
08.50     1.69847231e-03     2.50041632e-04
08.51     1.66263279e-03     2.68981333e-04
08.52     1.62281473e-03     2.77459541e-04
08.53     1.58192254e-03     2.74509842e-04
08.54     1.54306539e-03     2.60139428e-04
08.55     1.50924322e-03     2.35505215e-04
08.56     1.48292674e-03     2.02912479e-04
08.57     1.46571871e-03     1.65487134e-04
08.58     1.45813289e-03     1.26604539e-04
08.59     1.45972022e-03     8.93477728e-05
08.60     1.46930122e-03     5.62149722e-05
08.61     1.48525703e-03     2.91070547e-05
08.62     1.50562291e-03     9.40798538e-06
08.63     1.52812492e-03    -2.06388716e-06
08.64     1.55030723e-03    -5.29897537e-06
08.65     1.56981410e-03    -1.38834623e-06
08.66     1.58489492e-03     7.44730404e-06
08.67     1.59485111e-03     1.82756920e-05
08.68     1.60024935e-03     2.82737290e-05
08.69     1.60262132e-03     3.55773385e-05
08.70     1.60386263e-03     3.97322751e-05
08.71     1.60554242e-03     4.15134857e-05
08.72     1.60853184e-03     4.22896485e-05
08.73     1.61301797e-03     4.33558933e-05
08.74     1.61876821e-03     4.56332230e-05
08.75     1.62541286e-03     4.97784875e-05
08.76     1.63241037e-03     5.64346983e-05
08.77     1.63895664e-03     6.62587729e-05
08.78     1.64387906e-03     7.96201106e-05
08.79     1.64579176e-03     9.61741612e-05
08.80     1.64348706e-03     1.14655483e-04
08.81     1.63638528e-03     1.33095838e-04
08.82     1.62473394e-03     1.49380871e-04
08.83     1.60953197e-03     1.61839719e-04
08.84     1.59219123e-03     1.69595220e-04
08.85     1.57415310e-03     1.72548674e-04
08.86     1.55662152e-03     1.71135809e-04
08.87     1.54048822e-03     1.66039888e-04
08.88     1.52636291e-03     1.58008568e-04
08.89     1.51461462e-03     1.47777461e-04
08.90     1.50543549e-03     1.36021409e-04
08.91     1.49890060e-03     1.23296924e-04
08.92     1.49504846e-03     1.10017409e-04
08.93     1.49398115e-03     9.65245462e-05
08.94     1.49587653e-03     8.32670490e-05
08.95     1.50089554e-03     7.09665196e-05
08.96     1.50897250e-03     6.06692896e-05
08.97     1.51965468e-03     5.35978428e-05
08.98     1.53198778e-03     5.08555839e-05
08.99     1.54462932e-03     5.30999104e-05
09.00     1.55604748e-03     6.02968802e-05
09.01     1.56481339e-03     7.16728289e-05
09.02     1.56991616e-03     8.58726631e-05
09.03     1.57086901e-03     1.01273070e-04
09.04     1.56776319e-03     1.16308790e-04
09.05     1.56109160e-03     1.29705854e-04
09.06     1.55162445e-03     1.40562954e-04
09.07     1.54026222e-03     1.48332264e-04
09.08     1.52793284e-03     1.52775659e-04
09.09     1.51555342e-03     1.53940531e-04
09.10     1.50395350e-03     1.52156591e-04
09.11     1.49379993e-03     1.48006204e-04
09.12     1.48552830e-03     1.42251260e-04
09.13     1.47930374e-03     1.35712061e-04
09.14     1.47505542e-03     1.29131008e-04
09.15     1.47251179e-03     1.23066942e-04
09.16     1.47134970e-03     1.17879103e-04
09.17     1.47122054e-03     1.13780043e-04
09.18     1.47178505e-03     1.10920263e-04
09.19     1.47267209e-03     1.09410378e-04
09.20     1.47347261e-03     1.09258858e-04
09.21     1.47376903e-03     1.10269212e-04
09.22     1.47325679e-03     1.11993617e-04
09.23     1.47186098e-03     1.13811663e-04
09.24     1.46981764e-03     1.15138440e-04
09.25     1.46758461e-03     1.15658158e-04
09.26     1.46569162e-03     1.15472800e-04
09.27     1.46452585e-03     1.15075006e-04
09.28     1.46415644e-03     1.15151509e-04
09.29     1.46435740e-03     1.16323904e-04
09.30     1.46466253e-03     1.18960653e-04
09.31     1.46455880e-03     1.23132961e-04
09.32     1.46355856e-03     1.28708561e-04
09.33     1.46123521e-03     1.35459449e-04
09.34     1.45718906e-03     1.43093216e-04
09.35     1.45100923e-03     1.51163471e-04
09.36     1.44240385e-03     1.58947198e-04
09.37     1.43130396e-03     1.65407839e-04
09.38     1.41808433e-03     1.69344528e-04
09.39     1.40360377e-03     1.69704901e-04
09.40     1.38913823e-03     1.65932595e-04
09.41     1.37608146e-03     1.58200715e-04
09.42     1.36568546e-03     1.47436300e-04
09.43     1.35870429e-03     1.35142168e-04
09.44     1.35526715e-03     1.23075399e-04
09.45     1.35480119e-03     1.12867909e-04
09.46     1.35620235e-03     1.05663257e-04
09.47     1.35803432e-03     1.01845785e-04
09.48     1.35892952e-03     1.00952821e-04
09.49     1.35789568e-03     1.01804873e-04
09.50     1.35456637e-03     1.02843727e-04
09.51     1.34926186e-03     1.02578292e-04
09.52     1.34284095e-03     9.99805343e-05
09.53     1.33641732e-03     9.47165467e-05
09.54     1.33101653e-03     8.71393747e-05
09.55     1.32736136e-03     7.80711982e-05
09.56     1.32572069e-03     6.84900720e-05
09.57     1.32601373e-03     5.92461956e-05
09.58     1.32791571e-03     5.09140670e-05
09.59     1.33102255e-03     4.37979287e-05
09.60     1.33495840e-03     3.80260598e-05
09.61     1.33937208e-03     3.36391176e-05
09.62     1.34393308e-03     3.06099495e-05
09.63     1.34833890e-03     2.88107028e-05
09.64     1.35235456e-03     2.79903588e-05
09.65     1.35588039e-03     2.78214294e-05
09.66     1.35894948e-03     2.80105180e-05
09.67     1.36168370e-03     2.84050530e-05
09.68     1.36420611e-03     2.90202264e-05
09.69     1.36655129e-03     2.99595474e-05
09.70     1.36866944e-03     3.12824817e-05
09.71     1.37049059e-03     3.29204750e-05
09.72     1.37203533e-03     3.47195367e-05
09.73     1.37342307e-03     3.65964659e-05
09.74     1.37477899e-03     3.86922702e-05
09.75     1.37609342e-03     4.13694437e-05
09.76     1.37706488e-03     4.49923784e-05
09.77     1.37720969e-03     4.96042424e-05
09.78     1.37606230e-03     5.47369032e-05
09.79     1.37349736e-03     5.95362566e-05
09.80     1.36985387e-03     6.31653819e-05
09.81     1.36579390e-03     6.52351112e-05
09.82     1.36201949e-03     6.59811128e-05
09.83     1.35892820e-03     6.60918703e-05
09.84     1.35650430e-03     6.63258465e-05
09.85     1.35440905e-03     6.71683208e-05
09.86     1.35217722e-03     6.86916516e-05
09.87     1.34945912e-03     7.06334804e-05
09.88     1.34608412e-03     7.25786962e-05
09.89     1.34209883e-03     7.41299150e-05
09.90     1.33768485e-03     7.50143210e-05
09.91     1.33309954e-03     7.51281842e-05
09.92     1.32858544e-03     7.45309229e-05
09.93     1.32430307e-03     7.33908982e-05
09.94     1.32030064e-03     7.19025154e-05
09.95     1.31656131e-03     7.01941989e-05
09.96     1.31303995e-03     6.82915177e-05
09.97     1.30974045e-03     6.61569178e-05
09.98     1.30670958e-03     6.37804514e-05
09.99     1.30401755e-03     6.12444179e-05
10.00     1.30164568e-03     5.86999719e-05
10.01     1.29952299e-03     5.62656078e-05
10.02     1.29753134e-03     5.39301383e-05
10.03     1.29559560e-03     5.15472315e-05
10.04     1.29378045e-03     4.89380736e-05
10.05     1.29224622e-03     4.60306026e-05
10.06     1.29114684e-03     4.29347966e-05
10.07     1.29056870e-03     3.98994710e-05
10.08     1.29044410e-03     3.71831194e-05
10.09     1.29061189e-03     3.49239840e-05
10.10     1.29088204e-03     3.30878787e-05
10.11     1.29117724e-03     3.15193572e-05
10.12     1.29151428e-03     3.00585784e-05
10.13     1.29199014e-03     2.86554510e-05
10.14     1.29271447e-03     2.74172126e-05
10.15     1.29370113e-03     2.65660252e-05
10.16     1.29482868e-03     2.63321437e-05
10.17     1.29588318e-03     2.68416371e-05
10.18     1.29659255e-03     2.80554901e-05
10.19     1.29674849e-03     2.97798433e-05
10.20     1.29622942e-03     3.17281345e-05
10.21     1.29504114e-03     3.35959804e-05
10.22     1.29329035e-03     3.51207292e-05
10.23     1.29116088e-03     3.61210058e-05
10.24     1.28888011e-03     3.65255416e-05
10.25     1.28668332e-03     3.63924062e-05
10.26     1.28473958e-03     3.59061178e-05
10.27     1.28310957e-03     3.53335133e-05
10.28     1.28172749e-03     3.49364570e-05
10.29     1.28041214e-03     3.48686420e-05
10.30     1.27894653e-03     3.51058975e-05
10.31     1.27717272e-03     3.54520344e-05
10.32     1.27506719e-03     3.56246196e-05
10.33     1.27275705e-03     3.53805257e-05
10.34     1.27045336e-03     3.46182794e-05
10.35     1.26837608e-03     3.34111813e-05
10.36     1.26667066e-03     3.19668412e-05
10.37     1.26536983e-03     3.05408434e-05
10.38     1.26439181e-03     2.93490251e-05
10.39     1.26359342e-03     2.85104564e-05
10.40     1.26281958e-03     2.80355124e-05
10.41     1.26193713e-03     2.78539964e-05
10.42     1.26087192e-03     2.78619537e-05
10.43     1.25958622e-03     2.79633204e-05
10.44     1.25807154e-03     2.80852760e-05
10.45     1.25631560e-03     2.81628684e-05
10.46     1.25431174e-03     2.81099154e-05
10.47     1.25208505e-03     2.78028804e-05
10.48     1.24971511e-03     2.70990861e-05
10.49     1.24735321e-03     2.58872399e-05
10.50     1.24519029e-03     2.41457438e-05
10.51     1.24343238e-03     2.19762428e-05
10.52     1.24222075e-03     1.95940059e-05
10.53     1.24159725e-03     1.72805156e-05
10.54     1.24150003e-03     1.53206461e-05
10.55     1.24175855e-03     1.39423475e-05
10.56     1.24213152e-03     1.32702954e-05
10.57     1.24235553e-03     1.32960462e-05
10.58     1.24219444e-03     1.38730976e-05
10.59     1.24149058e-03     1.47467105e-05
10.60     1.24020141e-03     1.56175103e-05
10.61     1.23839801e-03     1.62189602e-05
10.62     1.23622684e-03     1.63736390e-05
10.63     1.23386091e-03     1.60044698e-05
10.64     1.23145234e-03     1.51052226e-05
10.65     1.22913843e-03     1.37007971e-05
10.66     1.22703709e-03     1.18282411e-05
10.67     1.22527618e-03     9.54664730e-06
10.68     1.22395941e-03     6.95774283e-06
10.69     1.22316929e-03     4.21266470e-06
10.70     1.22293316e-03     1.49451307e-06
10.71     1.22323325e-03    -1.01289859e-06
10.72     1.22398164e-03    -3.15272136e-06
10.73     1.22507984e-03    -4.80917888e-06
10.74     1.22638692e-03    -5.90974430e-06
10.75     1.22777726e-03    -6.42098711e-06
10.76     1.22910462e-03    -6.34285536e-06
10.77     1.23023773e-03    -5.70451971e-06
10.78     1.23104227e-03    -4.56740903e-06
10.79     1.23139799e-03    -3.03536351e-06
10.80     1.23120831e-03    -1.26558257e-06
10.81     1.23043092e-03     5.35936873e-07
10.82     1.22909216e-03     2.14379682e-06
10.83     1.22728414e-03     3.35914245e-06
10.84     1.22517947e-03     4.04935936e-06
10.85     1.22294410e-03     4.16248322e-06
10.86     1.22076445e-03     3.71735567e-06
10.87     1.21878310e-03     2.78689892e-06
10.88     1.21713837e-03     1.49029639e-06
10.89     1.21591385e-03    -7.66306385e-09
10.90     1.21512705e-03    -1.50657366e-06
10.91     1.21472896e-03    -2.80366790e-06
10.92     1.21459382e-03    -3.74546601e-06
10.93     1.21455663e-03    -4.27371582e-06
10.94     1.21446777e-03    -4.43517144e-06
10.95     1.21422498e-03    -4.34602845e-06
10.96     1.21378901e-03    -4.13032731e-06
10.97     1.21316444e-03    -3.87212014e-06
10.98     1.21237643e-03    -3.60958946e-06
10.99     1.21142100e-03    -3.36592512e-06
11.00     1.21029802e-03    -3.18339928e-06
11.01     1.20901513e-03    -3.12849650e-06
11.02     1.20761481e-03    -3.26685543e-06
11.03     1.20614272e-03    -3.63645299e-06
11.04     1.20465896e-03    -4.24665039e-06
11.05     1.20319699e-03    -5.10445927e-06
11.06     1.20180455e-03    -6.24261600e-06
11.07     1.20056169e-03    -7.71655874e-06
11.08     1.19959235e-03    -9.56171334e-06
11.09     1.19905184e-03    -1.17333988e-05
11.10     1.19909887e-03    -1.40713079e-05
11.11     1.19979367e-03    -1.63194547e-05
11.12     1.20112194e-03    -1.81931342e-05
11.13     1.20294599e-03    -1.94505542e-05
11.14     1.20508854e-03    -1.99276845e-05
11.15     1.20733097e-03    -1.95304289e-05
11.16     1.20942253e-03    -1.82212511e-05
11.17     1.21109875e-03    -1.60393487e-05
11.18     1.21209987e-03    -1.31486680e-05
11.19     1.21222963e-03    -9.86535865e-06
11.20     1.21143207e-03    -6.61377673e-06
11.21     1.20983737e-03    -3.81091926e-06
11.22     1.20772159e-03    -1.73541350e-06
11.23     1.20541242e-03    -4.49548654e-07
11.24     1.20319392e-03     1.91721169e-07
11.25     1.20124296e-03     4.61395612e-07
11.26     1.19956348e-03     6.52820725e-07
11.27     1.19805149e-03     9.82785051e-07
11.28     1.19653353e-03     1.52797366e-06
11.29     1.19484174e-03     2.20953950e-06
11.30     1.19288081e-03     2.83369613e-06
11.31     1.19068356e-03     3.17957967e-06
11.32     1.18837219e-03     3.09887300e-06
11.33     1.18612394e-03     2.57601540e-06
11.34     1.18404544e-03     1.71411137e-06
11.35     1.18219423e-03     6.55578679e-07
11.36     1.18053234e-03    -5.11597244e-07
11.37     1.17903753e-03    -1.80252144e-06
11.38     1.17771518e-03    -3.30998990e-06
11.39     1.17667210e-03    -5.12128417e-06
11.40     1.17608692e-03    -7.22367947e-06
11.41     1.17613552e-03    -9.44777392e-06
11.42     1.17689721e-03    -1.14779078e-05
11.43     1.17831762e-03    -1.29313625e-05
11.44     1.18017438e-03    -1.34778380e-05
11.45     1.18212926e-03    -1.29503540e-05
11.46     1.18381999e-03    -1.13965422e-05
11.47     1.18496854e-03    -9.04548057e-06
11.48     1.18541821e-03    -6.20851259e-06
11.49     1.18513984e-03    -3.16818122e-06
11.50     1.18418430e-03    -1.11945630e-07
11.51     1.18259250e-03     2.86325209e-06
11.52     1.18039031e-03     5.69266611e-06
11.53     1.17755821e-03     8.27498543e-06
11.54     1.17410754e-03     1.04350199e-05
11.55     1.17010512e-03     1.19367545e-05
11.56     1.16571540e-03     1.25375416e-05
11.57     1.16120282e-03     1.20576046e-05
11.58     1.15688703e-03     1.04368515e-05
11.59     1.15310879e-03     7.76347247e-06
11.60     1.15017778e-03     4.27437581e-06
11.61     1.14830185e-03     3.33964294e-07
11.62     1.14756387e-03    -3.60507577e-06
11.63     1.14789221e-03    -7.06222262e-06
11.64     1.14903479e-03    -9.60926255e-06
11.65     1.15061538e-03    -1.09561431e-05
11.66     1.15216134e-03    -1.10192429e-05
11.67     1.15321643e-03    -9.95178571e-06
11.68     1.15342429e-03    -8.12729452e-06
11.69     1.15258809e-03    -6.07667631e-06
11.70     1.15074521e-03    -4.38583223e-06
11.71     1.14815558e-03    -3.56810690e-06
11.72     1.14524799e-03    -3.93888623e-06
11.73     1.14253068e-03    -5.53024759e-06
11.74     1.14044848e-03    -8.08058059e-06
11.75     1.13927373e-03    -1.11143081e-05
11.76     1.13904729e-03    -1.40915732e-05
11.77     1.13958952e-03    -1.65749918e-05
11.78     1.14060200e-03    -1.83470110e-05
11.79     1.14179947e-03    -1.94273500e-05
11.80     1.14298243e-03    -1.99888254e-05
11.81     1.14409538e-03    -2.02211713e-05
11.82     1.14517107e-03    -2.02182584e-05
11.83     1.14624371e-03    -1.99447054e-05
11.84     1.14729671e-03    -1.92878344e-05
11.85     1.14820908e-03    -1.81527628e-05
11.86     1.14882075e-03    -1.65412471e-05
11.87     1.14897183e-03    -1.45780469e-05
11.88     1.14857429e-03    -1.24816701e-05
11.89     1.14763424e-03    -1.05046214e-05
11.90     1.14624633e-03    -8.86862367e-06
11.91     1.14459276e-03    -7.71265687e-06
11.92     1.14287480e-03    -7.06121946e-06
11.93     1.14128087e-03    -6.81920791e-06
11.94     1.13991987e-03    -6.79788753e-06
11.95     1.13881319e-03    -6.76970266e-06
11.96     1.13786152e-03    -6.53819702e-06
11.97     1.13691456e-03    -6.00072563e-06
11.98     1.13578120e-03    -5.18294744e-06
11.99     1.13431130e-03    -4.23468209e-06
12.00     1.13245779e-03    -3.38891637e-06
12.01     1.13025353e-03    -2.89629640e-06
12.02     1.12786140e-03    -2.95329661e-06
12.03     1.12549759e-03    -3.64400076e-06
12.04     1.12339629e-03    -4.91273804e-06
12.05     1.12173936e-03    -6.57623027e-06
12.06     1.12060923e-03    -8.37337077e-06
12.07     1.11997592e-03    -1.00383998e-05
12.08     1.11970174e-03    -1.13733327e-05
12.09     1.11962187e-03    -1.22977164e-05
12.10     1.11954647e-03    -1.28567455e-05
12.11     1.11938304e-03    -1.31874571e-05
12.12     1.11909668e-03    -1.34529736e-05
12.13     1.11875035e-03    -1.37716944e-05
12.14     1.11844209e-03    -1.41690829e-05
12.15     1.11823774e-03    -1.45732504e-05
12.16     1.11815875e-03    -1.48571065e-05
12.17     1.11813501e-03    -1.49064713e-05
12.18     1.11805484e-03    -1.46823880e-05
12.19     1.11780051e-03    -1.42473295e-05
12.20     1.11730875e-03    -1.37459943e-05
12.21     1.11659066e-03    -1.33514295e-05
12.22     1.11573371e-03    -1.32025241e-05
12.23     1.11488526e-03    -1.33555469e-05
12.24     1.11418838e-03    -1.37641852e-05
12.25     1.11374675e-03    -1.42892769e-05
12.26     1.11359298e-03    -1.47357732e-05
12.27     1.11365889e-03    -1.49090383e-05
12.28     1.11379679e-03    -1.46823169e-05
12.29     1.11382636e-03    -1.40521401e-05
12.30     1.11358663e-03    -1.31526288e-05
12.31     1.11301958e-03    -1.22064834e-05
12.32     1.11218624e-03    -1.14268711e-05
12.33     1.11122018e-03    -1.09206385e-05
12.34     1.11025977e-03    -1.06527583e-05
12.35     1.10938540e-03    -1.04933363e-05
12.36     1.10858785e-03    -1.03117852e-05
12.37     1.10780205e-03    -1.00526609e-05
12.38     1.10696379e-03    -9.75090993e-06
12.39     1.10604847e-03    -9.49095630e-06
12.40     1.10508140e-03    -9.34932051e-06
12.41     1.10412689e-03    -9.35707401e-06
12.42     1.10325516e-03    -9.49562671e-06
12.43     1.10250273e-03    -9.71340095e-06
12.44     1.10189232e-03    -9.94674775e-06
12.45     1.10142535e-03    -1.01345858e-05
12.46     1.10108402e-03    -1.02244072e-05
12.47     1.10083595e-03    -1.01734315e-05
12.48     1.10064417e-03    -9.94899311e-06
12.49     1.10045521e-03    -9.53016952e-06
12.50     1.10023207e-03    -8.91110493e-06
12.51     1.09990642e-03    -8.10405168e-06
12.52     1.09944381e-03    -7.13855239e-06
12.53     1.09880002e-03    -6.05690596e-06
12.54     1.09794882e-03    -4.90745432e-06
12.55     1.09688139e-03    -3.74107758e-06
12.56     1.09558835e-03    -2.61256488e-06
12.57     1.09407334e-03    -1.58400176e-06
12.58     1.09236313e-03    -7.23819765e-07
12.59     1.09049775e-03    -9.70991547e-08
12.60     1.08855358e-03     2.50679941e-07
12.61     1.08661192e-03     3.08940637e-07
12.62     1.08474732e-03     1.08654160e-07
12.63     1.08301576e-03    -2.83614838e-07
12.64     1.08144062e-03    -7.82478740e-07
12.65     1.08001381e-03    -1.30716706e-06
12.66     1.07868568e-03    -1.80546875e-06
12.67     1.07741659e-03    -2.27031651e-06
12.68     1.07615303e-03    -2.74012722e-06
12.69     1.07490303e-03    -3.27818865e-06
12.70     1.07369278e-03    -3.93777609e-06
12.71     1.07258103e-03    -4.73036716e-06
12.72     1.07162823e-03    -5.61548032e-06
12.73     1.07085860e-03    -6.51785808e-06
12.74     1.07026085e-03    -7.36089872e-06
12.75     1.06980320e-03    -8.09422604e-06
12.76     1.06944507e-03    -8.70074523e-06
12.77     1.06915572e-03    -9.18284458e-06
12.78     1.06891892e-03    -9.54187890e-06
12.79     1.06870120e-03    -9.76743129e-06
12.80     1.06848677e-03    -9.84400208e-06
12.81     1.06822755e-03    -9.76846057e-06
12.82     1.06788815e-03    -9.56315445e-06
12.83     1.06743480e-03    -9.27520284e-06
12.84     1.06685515e-03    -8.96181268e-06
12.85     1.06616223e-03    -8.67245725e-06
12.86     1.06538205e-03    -8.43838644e-06
12.87     1.06454633e-03    -8.27287725e-06
12.88     1.06367159e-03    -8.17776499e-06
12.89     1.06278250e-03    -8.15039613e-06
12.90     1.06188752e-03    -8.18713564e-06
12.91     1.06100601e-03    -8.28379629e-06
12.92     1.06014966e-03    -8.43514770e-06
12.93     1.05932132e-03    -8.63459196e-06
12.94     1.05854388e-03    -8.87394668e-06
12.95     1.05782067e-03    -9.14229860e-06
12.96     1.05716251e-03    -9.42397821e-06
12.97     1.05657699e-03    -9.69664214e-06
12.98     1.05606223e-03    -9.93159313e-06
12.99     1.05560124e-03    -1.00977066e-05
13.00     1.05517366e-03    -1.01690582e-05
13.01     1.05474131e-03    -1.01340362e-05
13.02     1.05426777e-03    -1.00023681e-05
13.03     1.05372257e-03    -9.80608034e-06
13.04     1.05309264e-03    -9.59175271e-06
13.05     1.05238047e-03    -9.40645940e-06
13.06     1.05161585e-03    -9.28287231e-06
13.07     1.05083141e-03    -9.23223394e-06
13.08     1.05004577e-03    -9.24802772e-06
13.09     1.04928614e-03    -9.31662042e-06
13.10     1.04855966e-03    -9.42558550e-06
13.11     1.04787971e-03    -9.56317624e-06
13.12     1.04726385e-03    -9.71093534e-06
13.13     1.04670919e-03    -9.83841117e-06
13.14     1.04620512e-03    -9.90820405e-06
13.15     1.04572547e-03    -9.89067539e-06
13.16     1.04523185e-03    -9.77961364e-06
13.17     1.04468929e-03    -9.59842451e-06
13.18     1.04407932e-03    -9.39168497e-06
13.19     1.04340763e-03    -9.20637433e-06
13.20     1.04269500e-03    -9.07296283e-06
13.21     1.04197932e-03    -8.99578021e-06
13.22     1.04128190e-03    -8.95621544e-06
13.23     1.04061899e-03    -8.92547453e-06
13.24     1.03998215e-03    -8.87845782e-06
13.25     1.03935344e-03    -8.80160101e-06
13.26     1.03873532e-03    -8.69173425e-06
13.27     1.03810604e-03    -8.54958135e-06
13.28     1.03746236e-03    -8.37444436e-06
13.29     1.03679478e-03    -8.16462982e-06
13.30     1.03608370e-03    -7.92280433e-06
13.31     1.03532177e-03    -7.66130869e-06
13.32     1.03448615e-03    -7.40280102e-06
13.33     1.03359236e-03    -7.17570652e-06
13.34     1.03264002e-03    -7.00755271e-06
13.35     1.03165526e-03    -6.91984673e-06
13.36     1.03065756e-03    -6.92521254e-06
13.37     1.02967519e-03    -7.02541323e-06
13.38     1.02873534e-03    -7.20942905e-06
13.39     1.02786203e-03    -7.45307356e-06
13.40     1.02706945e-03    -7.72242990e-06
13.41     1.02634803e-03    -7.98192236e-06
13.42     1.02568099e-03    -8.20443349e-06
13.43     1.02504947e-03    -8.37938259e-06
13.44     1.02442078e-03    -8.51559565e-06
13.45     1.02379052e-03    -8.63680052e-06
13.46     1.02316303e-03    -8.77121376e-06
13.47     1.02255133e-03    -8.93725071e-06
13.48     1.02198995e-03    -9.13088398e-06
13.49     1.02149337e-03    -9.32072265e-06
13.50     1.02106510e-03    -9.45680896e-06
13.51     1.02067777e-03    -9.49205462e-06
13.52     1.02028881e-03    -9.40721593e-06
13.53     1.01984451e-03    -9.22514419e-06
13.54     1.01931785e-03    -9.00286310e-06
13.55     1.01872207e-03    -8.80352601e-06
13.56     1.01809349e-03    -8.66342569e-06
13.57     1.01746530e-03    -8.57445178e-06
13.58     1.01687508e-03    -8.49278023e-06
13.59     1.01630185e-03    -8.36821127e-06
13.60     1.01571672e-03    -8.17544347e-06
13.61     1.01508463e-03    -7.92892866e-06
13.62     1.01438121e-03    -7.67417425e-06
13.63     1.01361552e-03    -7.46283008e-06
13.64     1.01282477e-03    -7.32668875e-06
13.65     1.01204117e-03    -7.26395383e-06
13.66     1.01129211e-03    -7.24303247e-06
13.67     1.01058720e-03    -7.21986042e-06
13.68     1.00990629e-03    -7.15927045e-06
13.69     1.00922252e-03    -7.05006015e-06
13.70     1.00851535e-03    -6.90702679e-06
13.71     1.00776256e-03    -6.76026076e-06
13.72     1.00697778e-03    -6.63827289e-06
13.73     1.00617817e-03    -6.55434653e-06
13.74     1.00537547e-03    -6.50276277e-06
13.75     1.00457639e-03    -6.46565964e-06
13.76     1.00377881e-03    -6.42584506e-06
13.77     1.00296111e-03    -6.37866258e-06
13.78     1.00211842e-03    -6.33758795e-06
13.79     1.00124097e-03    -6.33112627e-06
13.80     1.00033383e-03    -6.39245241e-06
13.81     9.99428388e-04    -6.54613213e-06
13.82     9.98561551e-04    -6.79758918e-06
13.83     9.97763975e-04    -7.12971189e-06
13.84     9.97059237e-04    -7.50766021e-06
13.85     9.96458250e-04    -7.88894348e-06
13.86     9.95955923e-04    -8.23412700e-06
13.87     9.95529108e-04    -8.51426244e-06
13.88     9.95152226e-04    -8.71378125e-06
13.89     9.94803801e-04    -8.82916847e-06
13.90     9.94461961e-04    -8.86583241e-06
13.91     9.94115751e-04    -8.83328730e-06
13.92     9.93750883e-04    -8.74090000e-06
13.93     9.93359509e-04    -8.59509749e-06
13.94     9.92937974e-04    -8.39968096e-06
13.95     9.92473502e-04    -8.15921688e-06
13.96     9.91962258e-04    -7.88253286e-06
13.97     9.91392456e-04    -7.58396092e-06
13.98     9.90761548e-04    -7.28065097e-06
13.99     9.90074764e-04    -6.98865239e-06
14.00     9.89329943e-04    -6.72079977e-06
14.01     9.88544220e-04    -6.48777764e-06
14.02     9.87716034e-04    -6.29984734e-06
14.03     9.86861093e-04    -6.16666959e-06
14.04     9.85995714e-04    -6.09457360e-06
14.05     9.85123607e-04    -6.08398694e-06
14.06     9.84270112e-04    -6.12947752e-06
14.07     9.83436971e-04    -6.22256522e-06
14.08     9.82639926e-04    -6.35479786e-06
14.09     9.81871060e-04    -6.51901713e-06
14.10     9.81143851e-04    -6.70829527e-06
14.11     9.80458591e-04    -6.91504915e-06
14.12     9.79810169e-04    -7.13220275e-06
14.13     9.79207544e-04    -7.35623861e-06
14.14     9.78641976e-04    -7.58904458e-06
14.15     9.78131348e-04    -7.83429513e-06
14.16     9.77688823e-04    -8.08767613e-06
14.17     9.77330109e-04    -8.32571722e-06
14.18     9.77068643e-04    -8.50222929e-06
14.19     9.76874159e-04    -8.55943205e-06
14.20     9.76713475e-04    -8.45139103e-06
14.21     9.76512800e-04    -8.16760355e-06
14.22     9.76216067e-04    -7.74228113e-06
14.23     9.75789893e-04    -7.24292876e-06
14.24     9.75225752e-04    -6.74495445e-06
14.25     9.74546229e-04    -6.30620002e-06
14.26     9.73810375e-04    -5.95284281e-06
14.27     9.73038521e-04    -5.67969149e-06
14.28     9.72267786e-04    -5.46053090e-06
14.29     9.71508784e-04    -5.26292471e-06
14.30     9.70743663e-04    -5.06225915e-06
14.31     9.69955168e-04    -4.85174794e-06
14.32     9.69127916e-04    -4.64502301e-06
14.33     9.68258494e-04    -4.47046484e-06
14.34     9.67349896e-04    -4.35915239e-06
14.35     9.66421164e-04    -4.33245171e-06
14.36     9.65513985e-04    -4.39479431e-06
14.37     9.64642011e-04    -4.53423258e-06
14.38     9.63828526e-04    -4.72834582e-06
14.39     9.63088237e-04    -4.95101977e-06
14.40     9.62420215e-04    -5.17653741e-06
14.41     9.61815320e-04    -5.38094081e-06
14.42     9.61270105e-04    -5.54276413e-06
14.43     9.60757220e-04    -5.64519118e-06
14.44     9.60264111e-04    -5.67935862e-06
14.45     9.59759471e-04    -5.64690986e-06
14.46     9.59226464e-04    -5.56009378e-06
14.47     9.58645863e-04    -5.43913532e-06
14.48     9.58020733e-04    -5.30820428e-06
14.49     9.57343561e-04    -5.19155135e-06
14.50     9.56629232e-04    -5.11012475e-06
14.51     9.55895402e-04    -5.07833098e-06
14.52     9.55159786e-04    -5.10105605e-06
14.53     9.54437247e-04    -5.17207988e-06
14.54     9.53752850e-04    -5.27548844e-06
14.55     9.53101500e-04    -5.39044492e-06
14.56     9.52482499e-04    -5.49778907e-06
14.57     9.51880789e-04    -5.58609641e-06
14.58     9.51294548e-04    -5.65443150e-06
14.59     9.50702338e-04    -5.71135198e-06
14.60     9.50105583e-04    -5.77064957e-06
14.61     9.49510313e-04    -5.84565449e-06
14.62     9.48921734e-04    -5.94419241e-06
14.63     9.48361630e-04    -6.06565861e-06
14.64     9.47830765e-04    -6.20075503e-06
14.65     9.47349057e-04    -6.33346431e-06
14.66     9.46907299e-04    -6.44414789e-06
14.67     9.46503889e-04    -6.51290182e-06
14.68     9.46126239e-04    -6.52333654e-06
14.69     9.45743522e-04    -6.46678304e-06
14.70     9.45345006e-04    -6.34655854e-06
14.71     9.44907529e-04    -6.17954167e-06
14.72     9.44418145e-04    -5.99241659e-06
14.73     9.43885263e-04    -5.81229400e-06
14.74     9.43325909e-04    -5.65605748e-06
14.75     9.42754121e-04    -5.52492827e-06
14.76     9.42169065e-04    -5.40801796e-06
14.77     9.41588470e-04    -5.29245161e-06
14.78     9.41002366e-04    -5.17299627e-06
14.79     9.40398734e-04    -5.05501485e-06
14.80     9.39788281e-04    -4.94972835e-06
14.81     9.39165098e-04    -4.86586160e-06
14.82     9.38553110e-04    -4.80322313e-06
14.83     9.37958811e-04    -4.75124308e-06
14.84     9.37377343e-04    -4.69261799e-06
14.85     9.36805120e-04    -4.61012505e-06
14.86     9.36233913e-04    -4.49406296e-06
14.87     9.35634190e-04    -4.34792528e-06
14.88     9.34995161e-04    -4.18992154e-06
14.89     9.34312120e-04    -4.04873084e-06
14.90     9.33599263e-04    -3.95400425e-06
14.91     9.32870023e-04    -3.92466156e-06
14.92     9.32164448e-04    -3.95989183e-06
14.93     9.31502607e-04    -4.03768874e-06
14.94     9.30888310e-04    -4.12291505e-06
14.95     9.30319875e-04    -4.18249996e-06
14.96     9.29768109e-04    -4.20050089e-06
14.97     9.29213022e-04    -4.18475050e-06
14.98     9.28640955e-04    -4.16046495e-06
14.99     9.28061229e-04    -4.15376558e-06
15.00     9.27487775e-04    -4.17537232e-06
15.01     9.26940351e-04    -4.21421472e-06
15.02     9.26430714e-04    -4.24470323e-06
15.03     9.25946317e-04    -4.24169966e-06
15.04     9.25471498e-04    -4.19317741e-06
15.05     9.24986797e-04    -4.10364763e-06
15.06     9.24479380e-04    -3.98866445e-06
15.07     9.23953338e-04    -3.86579579e-06
15.08     9.23402704e-04    -3.74752257e-06
15.09     9.22847303e-04    -3.63797775e-06
15.10     9.22292816e-04    -3.53289736e-06
15.11     9.21740415e-04    -3.42159435e-06
15.12     9.21192924e-04    -3.29083911e-06
15.13     9.20628401e-04    -3.13036888e-06
15.14     9.20042401e-04    -2.93866919e-06
15.15     9.19415132e-04    -2.72642070e-06
15.16     9.18732036e-04    -2.51574132e-06
15.17     9.17997812e-04    -2.33505242e-06
15.18     9.17223297e-04    -2.21150854e-06
15.19     9.16435382e-04    -2.16338955e-06
15.20     9.15654605e-04    -2.19488269e-06
15.21     9.14915020e-04    -2.29426831e-06
15.22     9.14235448e-04    -2.43596720e-06
15.23     9.13627395e-04    -2.58578311e-06
15.24     9.13074167e-04    -2.70843043e-06
15.25     9.12562183e-04    -2.77581904e-06
15.26     9.12068268e-04    -2.77430502e-06
15.27     9.11559319e-04    -2.70845748e-06
15.28     9.11006513e-04    -2.59958379e-06
15.29     9.10403765e-04    -2.47906613e-06
15.30     9.09755042e-04    -2.37912798e-06
15.31     9.09066898e-04    -2.32494986e-06
15.32     9.08364765e-04    -2.33104444e-06
15.33     9.07670370e-04    -2.40149755e-06
15.34     9.07002427e-04    -2.53170712e-06
15.35     9.06384296e-04    -2.70924622e-06
15.36     9.05833756e-04    -2.91343847e-06
15.37     9.05350507e-04    -3.11580148e-06
15.38     9.04942293e-04    -3.28363461e-06
15.39     9.04583843e-04    -3.38717029e-06
15.40     9.04254188e-04    -3.40795041e-06
15.41     9.03921815e-04    -3.34427283e-06
15.42     9.03562097e-04    -3.21058343e-06
15.43     9.03165043e-04    -3.03089575e-06
15.44     9.02723481e-04    -2.82944030e-06
15.45     9.02239437e-04    -2.62293943e-06
15.46     9.01724059e-04    -2.41800057e-06
15.47     9.01180417e-04    -2.21389730e-06
15.48     9.00608102e-04    -2.00887733e-06
15.49     9.00009494e-04    -1.80588700e-06
15.50     8.99372408e-04    -1.61476577e-06
15.51     8.98711626e-04    -1.44955157e-06
15.52     8.98028752e-04    -1.32297414e-06
15.53     8.97337446e-04    -1.24103075e-06
15.54     8.96661360e-04    -1.20059584e-06
15.55     8.96003742e-04    -1.19051048e-06
15.56     8.95375027e-04    -1.19509997e-06
15.57     8.94772397e-04    -1.19814078e-06
15.58     8.94193168e-04    -1.18617682e-06
15.59     8.93622645e-04    -1.15069394e-06
15.60     8.93051500e-04    -1.08951503e-06
15.61     8.92466096e-04    -1.00733002e-06
15.62     8.91864679e-04    -9.15132067e-07
15.63     8.91240463e-04    -8.27959213e-07
15.64     8.90594233e-04    -7.60975772e-07
15.65     8.89942198e-04    -7.24624885e-07
15.66     8.89295145e-04    -7.20409236e-07
15.67     8.88667245e-04    -7.39244792e-07
15.68     8.88069577e-04    -7.63627114e-07
15.69     8.87495433e-04    -7.73655895e-07
15.70     8.86923304e-04    -7.54970242e-07
15.71     8.86350772e-04    -7.05297872e-07
15.72     8.85761796e-04    -6.36258938e-07
15.73     8.85137922e-04    -5.68826374e-07
15.74     8.84490114e-04    -5.24557021e-07
15.75     8.83836988e-04    -5.16600751e-07
15.76     8.83192166e-04    -5.45115008e-07
15.77     8.82568004e-04    -5.98759540e-07
15.78     8.81967295e-04    -6.60673948e-07
15.79     8.81390508e-04    -7.15316502e-07
15.80     8.80830009e-04    -7.52932666e-07
15.81     8.80281710e-04    -7.70708837e-07
15.82     8.79726839e-04    -7.71568547e-07
15.83     8.79160223e-04    -7.62210221e-07
15.84     8.78583828e-04    -7.51128188e-07
15.85     8.78004547e-04    -7.46706058e-07
15.86     8.77412601e-04    -7.55377476e-07
15.87     8.76821057e-04    -7.80248644e-07
15.88     8.76242482e-04    -8.20603544e-07
15.89     8.75673207e-04    -8.72375396e-07
15.90     8.75118205e-04    -9.29202981e-07
15.91     8.74588048e-04    -9.83622091e-07
15.92     8.74066865e-04    -1.02826678e-06
15.93     8.73555994e-04    -1.05718362e-06
15.94     8.73052490e-04    -1.06723807e-06
15.95     8.72541070e-04    -1.05925861e-06
15.96     8.72026871e-04    -1.03822280e-06
15.97     8.71496858e-04    -1.01217269e-06
15.98     8.70957705e-04    -9.89844405e-07
15.99     8.70412074e-04    -9.77953896e-07
16.00     8.69869943e-04    -9.79204320e-07
16.01     8.69332446e-04    -9.91632640e-07
16.02     8.68809847e-04    -1.00912221e-06
16.03     8.68304977e-04    -1.02240634e-06
16.04     8.67811376e-04    -1.02021273e-06
16.05     8.67327830e-04    -9.91152970e-07
16.06     8.66839786e-04    -9.26859904e-07
16.07     8.66332291e-04    -8.26449816e-07
16.08     8.65795794e-04    -7.00044082e-07
16.09     8.65206662e-04    -5.68699134e-07
16.10     8.64579797e-04    -4.59043133e-07
16.11     8.63918492e-04    -3.94154833e-07
16.12     8.63248516e-04    -3.85124799e-07
16.13     8.62593217e-04    -4.27857068e-07
16.14     8.61956114e-04    -5.06686156e-07
16.15     8.61358020e-04    -6.02228026e-07
16.16     8.60779527e-04    -6.98781428e-07
16.17     8.60229883e-04    -7.87826634e-07
16.18     8.59693376e-04    -8.67250651e-07
16.19     8.59167786e-04    -9.38357071e-07
16.20     8.58649418e-04    -1.00309292e-06
16.21     8.58144663e-04    -1.06274049e-06
16.22     8.57636925e-04    -1.11777755e-06
16.23     8.57140361e-04    -1.16835188e-06
16.24     8.56651928e-04    -1.21441404e-06
16.25     8.56168222e-04    -1.25553017e-06
16.26     8.55688499e-04    -1.29041819e-06
16.27     8.55218532e-04    -1.31677819e-06
16.28     8.54755728e-04    -1.33146331e-06
16.29     8.54289444e-04    -1.33152968e-06
16.30     8.53825548e-04    -1.31542954e-06
16.31     8.53356644e-04    -1.28401861e-06
16.32     8.52871111e-04    -1.24073314e-06
16.33     8.52380752e-04    -1.19068851e-06
16.34     8.51871724e-04    -1.13927569e-06
16.35     8.51348499e-04    -1.09093360e-06
16.36     8.50820146e-04    -1.04877497e-06
16.37     8.50277073e-04    -1.01490248e-06
16.38     8.49735386e-04    -9.90961659e-07
16.39     8.49190585e-04    -9.78024397e-07
16.40     8.48643578e-04    -9.75815405e-07
16.41     8.48102944e-04    -9.82019585e-07
16.42     8.47567933e-04    -9.92295753e-07
16.43     8.47043746e-04    -1.00158128e-06
16.44     8.46515902e-04    -1.00617169e-06
16.45     8.45991697e-04    -1.00544737e-06
16.46     8.45461141e-04    -1.00234064e-06
16.47     8.44924617e-04    -1.00220112e-06
16.48     8.44383426e-04    -1.01052715e-06
16.49     8.43840252e-04    -1.03063882e-06
16.50     8.43305205e-04    -1.06236095e-06
16.51     8.42773057e-04    -1.10227986e-06
16.52     8.42257339e-04    -1.14529040e-06
16.53     8.41746332e-04    -1.18648277e-06
16.54     8.41244644e-04    -1.22245777e-06
16.55     8.40744998e-04    -1.25176015e-06
16.56     8.40245747e-04    -1.27479752e-06
16.57     8.39742467e-04    -1.29363462e-06
16.58     8.39239961e-04    -1.31166725e-06
16.59     8.38730065e-04    -1.33287400e-06
16.60     8.38220661e-04    -1.36062876e-06
16.61     8.37714659e-04    -1.39660762e-06
16.62     8.37212638e-04    -1.44033347e-06
16.63     8.36718303e-04    -1.48943426e-06
16.64     8.36232802e-04    -1.54026607e-06
16.65     8.35757011e-04    -1.58842173e-06
16.66     8.35293994e-04    -1.62943066e-06
16.67     8.34838064e-04    -1.65958385e-06
16.68     8.34377178e-04    -1.67702169e-06
16.69     8.33918677e-04    -1.68246896e-06
16.70     8.33452482e-04    -1.67933255e-06
16.71     8.32975960e-04    -1.67307249e-06
16.72     8.32494988e-04    -1.66985940e-06
16.73     8.32001490e-04    -1.67477301e-06
16.74     8.31512461e-04    -1.69014750e-06
16.75     8.31023316e-04    -1.71458192e-06
16.76     8.30541798e-04    -1.74366591e-06
16.77     8.30069268e-04    -1.77210666e-06
16.78     8.29601731e-04    -1.79629207e-06
16.79     8.29134789e-04    -1.81576808e-06
16.80     8.28672324e-04    -1.83262851e-06
16.81     8.28204713e-04    -1.84946692e-06
16.82     8.27746310e-04    -1.86709405e-06
16.83     8.27283127e-04    -1.88365654e-06
16.84     8.26829994e-04    -1.89536591e-06
16.85     8.26378794e-04    -1.89834194e-06
16.86     8.25924180e-04    -1.89060467e-06
16.87     8.25460920e-04    -1.87326264e-06
16.88     8.24990191e-04    -1.85080576e-06
16.89     8.24501328e-04    -1.83026014e-06
16.90     8.24003756e-04    -1.81957823e-06
16.91     8.23494627e-04    -1.82558245e-06
16.92     8.22988907e-04    -1.85202989e-06
16.93     8.22486794e-04    -1.89843887e-06
16.94     8.21999071e-04    -1.96022473e-06
16.95     8.21527090e-04    -2.03006710e-06
16.96     8.21078304e-04    -2.09999001e-06
16.97     8.20641433e-04    -2.16336919e-06
16.98     8.20218147e-04    -2.21601332e-06
16.99     8.19799307e-04    -2.25614239e-06
17.00     8.19387901e-04    -2.28357576e-06
17.01     8.18977738e-04    -2.29884203e-06
17.02     8.18565511e-04    -2.30289368e-06
17.03     8.18147312e-04    -2.29744682e-06
17.04     8.17721794e-04    -2.28557424e-06
17.05     8.17292124e-04    -2.27170858e-06
17.06     8.16851996e-04    -2.26091452e-06
17.07     8.16409800e-04    -2.25744167e-06
17.08     8.15970533e-04    -2.26307547e-06
17.09     8.15534393e-04    -2.27634865e-06
17.10     8.15105833e-04    -2.29269064e-06
17.11     8.14687118e-04    -2.30589084e-06
17.12     8.14278760e-04    -2.30997771e-06
17.13     8.13876071e-04    -2.30113173e-06
17.14     8.13466969e-04    -2.27862099e-06
17.15     8.13058384e-04    -2.24464921e-06
17.16     8.12634118e-04    -2.20327252e-06
17.17     8.12207434e-04    -2.15892933e-06
17.18     8.11771910e-04    -2.11529250e-06
17.19     8.11327853e-04    -2.07466139e-06
17.20     8.10883916e-04    -2.03809584e-06
17.21     8.10431048e-04    -2.00581223e-06
17.22     8.09975934e-04    -1.97748741e-06
17.23     8.09526243e-04    -1.95236640e-06
17.24     8.09072791e-04    -1.92935097e-06
17.25     8.08615554e-04    -1.90740683e-06
17.26     8.08160675e-04    -1.88640771e-06
17.27     8.07701456e-04    -1.86804843e-06
17.28     8.07244057e-04    -1.85600050e-06
17.29     8.06780941e-04    -1.85466362e-06
17.30     8.06321063e-04    -1.86670753e-06
17.31     8.05877414e-04    -1.89052779e-06
17.32     8.05447770e-04    -1.91919814e-06
17.33     8.05037036e-04    -1.94204469e-06
17.34     8.04642636e-04    -1.94835241e-06
17.35     8.04254728e-04    -1.93145154e-06
17.36     8.03862524e-04    -1.89101183e-06
17.37     8.03459351e-04    -1.83241279e-06
17.38     8.03045674e-04    -1.76387369e-06
17.39     8.02610848e-04    -1.69318595e-06
17.40     8.02170352e-04    -1.62570466e-06
17.41     8.01710859e-04    -1.56402968e-06
17.42     8.01251341e-04    -1.50904313e-06
17.43     8.00785316e-04    -1.46107203e-06
17.44     8.00314018e-04    -1.42066917e-06
17.45     7.99840085e-04    -1.38870470e-06
17.46     7.99363823e-04    -1.36595458e-06
17.47     7.98893920e-04    -1.35250520e-06
17.48     7.98423278e-04    -1.34725061e-06
17.49     7.97966834e-04    -1.34775303e-06
17.50     7.97510094e-04    -1.35052585e-06
17.51     7.97067743e-04    -1.35170286e-06
17.52     7.96629675e-04    -1.34785324e-06
17.53     7.96196277e-04    -1.33665292e-06
17.54     7.95762973e-04    -1.31721255e-06
17.55     7.95327119e-04    -1.29000669e-06
17.56     7.94889648e-04    -1.25656420e-06
17.57     7.94440530e-04    -1.21914792e-06
17.58     7.93990023e-04    -1.18056385e-06
17.59     7.93527400e-04    -1.14404994e-06
17.60     7.93054670e-04    -1.11305819e-06
17.61     7.92581395e-04    -1.09077043e-06
17.62     7.92103642e-04    -1.07939787e-06
17.63     7.91625809e-04    -1.07957142e-06
17.64     7.91156375e-04    -1.09016159e-06
17.65     7.90686222e-04    -1.10868947e-06
17.66     7.90223655e-04    -1.13215855e-06
17.67     7.89775301e-04    -1.15790222e-06
17.68     7.89329595e-04    -1.18410873e-06
17.69     7.88892418e-04    -1.20991380e-06
17.70     7.88453856e-04    -1.23520528e-06
17.71     7.88025449e-04    -1.26027802e-06
17.72     7.87605262e-04    -1.28539329e-06
17.73     7.87185517e-04    -1.31023211e-06
17.74     7.86772151e-04    -1.33340620e-06
17.75     7.86369899e-04    -1.35233629e-06
17.76     7.85970945e-04    -1.36378778e-06
17.77     7.85576974e-04    -1.36500057e-06
17.78     7.85184830e-04    -1.35493031e-06
17.79     7.84784350e-04    -1.33491750e-06
17.80     7.84379716e-04    -1.30837660e-06
17.81     7.83973832e-04    -1.27963150e-06
17.82     7.83555948e-04    -1.25251368e-06
17.83     7.83132785e-04    -1.22937933e-06
17.84     7.82707227e-04    -1.21083842e-06
17.85     7.82289927e-04    -1.19604819e-06
17.86     7.81871191e-04    -1.18323049e-06
17.87     7.81452030e-04    -1.17019589e-06
17.88     7.81038940e-04    -1.15488558e-06
17.89     7.80623918e-04    -1.13594669e-06
17.90     7.80209478e-04    -1.11318978e-06
17.91     7.79792205e-04    -1.08767621e-06
17.92     7.79375152e-04    -1.06127351e-06
17.93     7.78952699e-04    -1.03583866e-06
17.94     7.78526012e-04    -1.01246027e-06
17.95     7.78104091e-04    -9.91166492e-07
17.96     7.77680259e-04    -9.71219177e-07
17.97     7.77251802e-04    -9.51787731e-07
17.98     7.76827612e-04    -9.32546426e-07
17.99     7.76400695e-04    -9.13889278e-07
18.00     7.75973859e-04    -8.96664297e-07
18.01     7.75553258e-04    -8.81653848e-07
18.02     7.75125474e-04    -8.69121302e-07
18.03     7.74699338e-04    -8.58659525e-07
18.04     7.74279180e-04    -8.49403391e-07
18.05     7.73857032e-04    -8.40402881e-07
18.06     7.73442223e-04    -8.30921066e-07
18.07     7.73026251e-04    -8.20484142e-07
18.08     7.72613322e-04    -8.08727243e-07
18.09     7.72201180e-04    -7.95209287e-07
18.10     7.71788215e-04    -7.79393888e-07
18.11     7.71376423e-04    -7.60830598e-07
18.12     7.70962311e-04    -7.39443166e-07
18.13     7.70552341e-04    -7.15767643e-07
18.14     7.70131706e-04    -6.90992310e-07
18.15     7.69715238e-04    -6.66738383e-07
18.16     7.69293479e-04    -6.44615103e-07
18.17     7.68872048e-04    -6.25698612e-07
18.18     7.68450699e-04    -6.10148445e-07
18.19     7.68030283e-04    -5.97156583e-07
18.20     7.67611197e-04    -5.85270401e-07
18.21     7.67193468e-04    -5.72963492e-07
18.22     7.66777687e-04    -5.59150251e-07
18.23     7.66367568e-04    -5.43429432e-07
18.24     7.65951675e-04    -5.25991006e-07
18.25     7.65540118e-04    -5.07301841e-07
18.26     7.65125304e-04    -4.87797896e-07
18.27     7.64706723e-04    -4.67745165e-07
18.28     7.64292147e-04    -4.47298632e-07
18.29     7.63875449e-04    -4.26637655e-07
18.30     7.63460801e-04    -4.06064285e-07
18.31     7.63040674e-04    -3.85981202e-07
18.32     7.62617652e-04    -3.66777059e-07
18.33     7.62193723e-04    -3.48726567e-07
18.34     7.61776032e-04    -3.31959684e-07
18.35     7.61355247e-04    -3.16530806e-07
18.36     7.60929569e-04    -3.02532158e-07
18.37     7.60509642e-04    -2.90200804e-07
18.38     7.60088043e-04    -2.79909969e-07
18.39     7.59665833e-04    -2.72025942e-07
18.40     7.59245446e-04    -2.66665196e-07
18.41     7.58826306e-04    -2.63455083e-07
18.42     7.58414395e-04    -2.61462593e-07
18.43     7.58000040e-04    -2.59348210e-07
18.44     7.57595383e-04    -2.55676526e-07
18.45     7.57184329e-04    -2.49258637e-07
18.46     7.56781510e-04    -2.39399905e-07
18.47     7.56375855e-04    -2.26007970e-07
18.48     7.55969369e-04    -2.09601271e-07
18.49     7.55554658e-04    -1.91216965e-07
18.50     7.55147310e-04    -1.72216773e-07
18.51     7.54730369e-04    -1.53976291e-07
18.52     7.54311176e-04    -1.37555900e-07
18.53     7.53891994e-04    -1.23461937e-07
18.54     7.53474283e-04    -1.11643566e-07
18.55     7.53052337e-04    -1.01721992e-07
18.56     7.52631340e-04    -9.33453829e-08
18.57     7.52212017e-04    -8.64905041e-08
18.58     7.51791243e-04    -8.15751928e-08
18.59     7.51361575e-04    -7.93456571e-08
18.60     7.50938906e-04    -8.06077155e-08
18.61     7.50520601e-04    -8.59201269e-08
18.62     7.50099127e-04    -9.53650100e-08
18.63     7.49681514e-04    -1.08468308e-07
18.64     7.49268219e-04    -1.24291607e-07
18.65     7.48854267e-04    -1.41662724e-07
18.66     7.48450665e-04    -1.59467598e-07
18.67     7.48043884e-04    -1.76907796e-07
18.68     7.47641162e-04    -1.93637386e-07
18.69     7.47243332e-04    -2.09759143e-07
18.70     7.46845170e-04    -2.25702921e-07
18.71     7.46448023e-04    -2.42040943e-07
18.72     7.46051798e-04    -2.59294640e-07
18.73     7.45658191e-04    -2.77773594e-07
18.74     7.45270708e-04    -2.97461504e-07
18.75     7.44882117e-04    -3.17974120e-07
18.76     7.44495832e-04    -3.38600039e-07
18.77     7.44120230e-04    -3.58423554e-07
18.78     7.43745503e-04    -3.76474867e-07
18.79     7.43376895e-04    -3.91880712e-07
18.80     7.43004337e-04    -4.03963484e-07
18.81     7.42640060e-04    -4.12266391e-07
18.82     7.42275508e-04    -4.16540585e-07
18.83     7.41917310e-04    -4.16686923e-07
18.84     7.41553969e-04    -4.12692083e-07
18.85     7.41189683e-04    -4.04576090e-07
18.86     7.40832419e-04    -3.92391476e-07
18.87     7.40465443e-04    -3.76262196e-07
18.88     7.40101262e-04    -3.56445147e-07
18.89     7.39731251e-04    -3.33365085e-07
18.90     7.39363463e-04    -3.07611688e-07
18.91     7.38991274e-04    -2.79901005e-07
18.92     7.38612849e-04    -2.51014111e-07
18.93     7.38233710e-04    -2.21744200e-07
18.94     7.37851764e-04    -1.92837704e-07
18.95     7.37464777e-04    -1.64927707e-07
18.96     7.37079987e-04    -1.38472893e-07
18.97     7.36687389e-04    -1.13711335e-07
18.98     7.36301008e-04    -9.06387901e-08
18.99     7.35905274e-04    -6.90270608e-08
19.00     7.35515444e-04    -4.84959084e-08
19.01     7.35125486e-04    -2.86452584e-08
19.02     7.34725828e-04    -9.23199581e-09
19.03     7.34331721e-04     9.66841876e-09
19.04     7.33935851e-04     2.76040088e-08
19.05     7.33537373e-04     4.38497562e-08
19.06     7.33142824e-04     5.76520309e-08
19.07     7.32743936e-04     6.85082573e-08
19.08     7.32342841e-04     7.63546418e-08
19.09     7.31947147e-04     8.15836587e-08
19.10     7.31549865e-04     8.48951314e-08
19.11     7.31154880e-04     8.70567459e-08
19.12     7.30763892e-04     8.86727344e-08
19.13     7.30368850e-04     9.00431747e-08
19.14     7.29977493e-04     9.11489704e-08
19.15     7.29584703e-04     9.17399070e-08
19.16     7.29192711e-04     9.14684538e-08
19.17     7.28803542e-04     9.00083940e-08
19.18     7.28416397e-04     8.71249703e-08
19.19     7.28025402e-04     8.27004199e-08
19.20     7.27633929e-04     7.67357376e-08
19.21     7.27251375e-04     6.93482481e-08
19.22     7.26861866e-04     6.07692909e-08
19.23     7.26481845e-04     5.13339623e-08
19.24     7.26102788e-04     4.14490801e-08
19.25     7.25723248e-04     3.15372921e-08
19.26     7.25346481e-04     2.19709688e-08
19.27     7.24971482e-04     1.30231985e-08
19.28     7.24597636e-04     4.85552033e-09
19.29     7.24223303e-04    -2.45682047e-09
19.30     7.23852542e-04    -8.88704790e-09
19.31     7.23479085e-04    -1.44375480e-08
19.32     7.23111197e-04    -1.91503277e-08
19.33     7.22739907e-04    -2.31380724e-08
19.34     7.22370466e-04    -2.66054682e-08
19.35     7.22003857e-04    -2.98406482e-08
19.36     7.21630880e-04    -3.31749295e-08
19.37     7.21260117e-04    -3.69272307e-08
19.38     7.20891738e-04    -4.13524821e-08
19.39     7.20523735e-04    -4.65983390e-08
19.40     7.20155898e-04    -5.26617774e-08
19.41     7.19789312e-04    -5.93366940e-08
19.42     7.19431042e-04    -6.61728918e-08
19.43     7.19067357e-04    -7.24839879e-08
19.44     7.18703982e-04    -7.74422931e-08
19.45     7.18349968e-04    -8.02608996e-08
19.46     7.17993685e-04    -8.04197054e-08
19.47     7.17633434e-04    -7.78635734e-08
19.48     7.17276923e-04    -7.31028840e-08
19.49     7.16914826e-04    -6.71615739e-08
19.50     7.16552902e-04    -6.13489536e-08
19.51     7.16189905e-04    -5.68943355e-08
19.52     7.15824631e-04    -5.45616277e-08
19.53     7.15459624e-04    -5.44054385e-08
19.54     7.15095733e-04    -5.57879642e-08
19.55     7.14740534e-04    -5.76422737e-08
19.56     7.14380364e-04    -5.88508105e-08
19.57     7.14021612e-04    -5.85648683e-08
19.58     7.13666731e-04    -5.63600470e-08
19.59     7.13313274e-04    -5.22299294e-08
19.60     7.12951645e-04    -4.64863571e-08
19.61     7.12596111e-04    -3.96400456e-08
19.62     7.12238521e-04    -3.22933875e-08
19.63     7.11878579e-04    -2.50489413e-08
19.64     7.11517761e-04    -1.84268815e-08
19.65     7.11155304e-04    -1.27978687e-08
19.66     7.10792095e-04    -8.34571067e-09
19.67     7.10433079e-04    -5.07227368e-09
19.68     7.10071859e-04    -2.84134665e-09
19.69     7.09707648e-04    -1.44214299e-09
19.70     7.09351323e-04    -6.50134939e-10
19.71     7.08992518e-04    -2.68676741e-10
19.72     7.08631183e-04    -1.47276694e-10
19.73     7.08275297e-04    -1.81449764e-10
19.74     7.07916763e-04    -3.02512136e-10
19.75     7.07560931e-04    -4.64600938e-10
19.76     7.07204889e-04    -6.33659282e-10
19.77     7.06848926e-04    -7.81176746e-10
19.78     7.06492789e-04    -8.83661437e-10
19.79     7.06138872e-04    -9.26481709e-10
19.80     7.05787755e-04    -9.08427564e-10
19.81     7.05431340e-04    -8.42775009e-10
19.82     7.05076935e-04    -7.52714798e-10
19.83     7.04724997e-04    -6.62562202e-10
19.84     7.04375332e-04    -5.88756971e-10
19.85     7.04019599e-04    -5.34781307e-10
19.86     7.03653286e-04    -4.92132783e-10
19.87     7.03266675e-04    -4.46457514e-10
19.88     7.02792274e-04    -3.85761467e-10
19.89     7.02066390e-04    -3.06704982e-10
19.90     7.00675544e-04    -2.16082364e-10
19.91     6.97726137e-04    -1.27188225e-10
19.92     6.91528522e-04    -5.34618741e-11
19.93     6.79273459e-04    -2.99378081e-12
19.94     6.57066889e-04     2.35418064e-11
19.95     6.20523389e-04     3.13334312e-11
19.96     5.66174049e-04     2.79711729e-11
19.97     4.93314185e-04     2.02708782e-11
19.98     4.05477690e-04     1.26184184e-11
19.99     3.10469096e-04     6.91131456e-12
20.00     2.18535880e-04     3.37163640e-12
