00.00    -2.83546724e-04     0.00000000e+00
00.01    -2.97663111e-04     0.00000000e+00
00.02    -3.38658981e-04     0.00000000e+00
00.03    -4.02860886e-04     0.00000000e+00
00.04    -4.85232384e-04     0.00000000e+00
00.05    -5.80520499e-04     0.00000000e+00
00.06    -6.84162507e-04     0.00000000e+00
00.07    -7.92745405e-04     0.00000000e+00
00.08    -9.04038580e-04     0.00000000e+00
00.09    -1.01674960e-03     0.00000000e+00
00.10    -1.13022879e-03     0.00000000e+00
00.11    -1.24419175e-03     0.00000000e+00
00.12    -1.35852478e-03     0.00000000e+00
00.13    -1.47321202e-03     0.00000000e+00
00.14    -1.58827734e-03     0.00000000e+00
00.15    -1.70372286e-03     0.00000000e+00
00.16    -1.81959782e-03     0.00000000e+00
00.17    -1.93591233e-03     0.00000000e+00
00.18    -2.05271997e-03     0.00000000e+00
00.19    -2.17002847e-03     0.00000000e+00
00.20    -2.28787317e-03     0.00000000e+00
00.21    -2.40629732e-03     0.00000000e+00
00.22    -2.52532735e-03     0.00000000e+00
00.23    -2.64499368e-03     0.00000000e+00
00.24    -2.76533027e-03     0.00000000e+00
00.25    -2.88636388e-03     0.00000000e+00
00.26    -3.00814226e-03     0.00000000e+00
00.27    -3.13068802e-03     0.00000000e+00
00.28    -3.25403932e-03     0.00000000e+00
00.29    -3.37823803e-03     0.00000000e+00
00.30    -3.50331140e-03     0.00000000e+00
00.31    -3.62930217e-03     0.00000000e+00
00.32    -3.75625861e-03     0.00000000e+00
00.33    -3.88419656e-03     0.00000000e+00
00.34    -4.01317539e-03     0.00000000e+00
00.35    -4.14322784e-03     0.00000000e+00
00.36    -4.27439957e-03     0.00000000e+00
00.37    -4.40673502e-03     0.00000000e+00
00.38    -4.54027261e-03     0.00000000e+00
00.39    -4.67505313e-03     0.00000000e+00
00.40    -4.81113796e-03     0.00000000e+00
00.41    -4.94856426e-03     0.00000000e+00
00.42    -5.08737983e-03     0.00000000e+00
00.43    -5.22764376e-03     0.00000000e+00
00.44    -5.36939819e-03     0.00000000e+00
00.45    -5.51269793e-03     0.00000000e+00
00.46    -5.65760239e-03     0.00000000e+00
00.47    -5.80416936e-03     0.00000000e+00
00.48    -5.95244672e-03     0.00000000e+00
00.49    -6.10251570e-03     0.00000000e+00
00.50    -6.25440941e-03     0.00000000e+00
00.51    -6.40821061e-03     0.00000000e+00
00.52    -6.56397480e-03     0.00000000e+00
00.53    -6.72179063e-03     0.00000000e+00
00.54    -6.88169900e-03     0.00000000e+00
00.55    -7.04379949e-03     0.00000000e+00
00.56    -7.20815210e-03     0.00000000e+00
00.57    -7.37483794e-03     0.00000000e+00
00.58    -7.54393454e-03     0.00000000e+00
00.59    -7.71554293e-03     0.00000000e+00
00.60    -7.88973306e-03     0.00000000e+00
00.61    -8.06659717e-03     0.00000000e+00
00.62    -8.24623579e-03     0.00000000e+00
00.63    -8.42874730e-03     0.00000000e+00
00.64    -8.61422989e-03     0.00000000e+00
00.65    -8.80278659e-03     0.00000000e+00
00.66    -8.99452517e-03     0.00000000e+00
00.67    -9.18953071e-03     0.00000000e+00
00.68    -9.38799038e-03     0.00000000e+00
00.69    -9.59007760e-03     0.00000000e+00
00.70    -9.79574044e-03     0.00000000e+00
00.71    -1.00052757e-02     0.00000000e+00
00.72    -1.02187307e-02     0.00000000e+00
00.73    -1.04362390e-02     0.00000000e+00
00.74    -1.06581112e-02     0.00000000e+00
00.75    -1.08842940e-02     0.00000000e+00
00.76    -1.11151583e-02     0.00000000e+00
00.77    -1.13507760e-02     0.00000000e+00
00.78    -1.15913196e-02     0.00000000e+00
00.79    -1.18370705e-02     0.00000000e+00
00.80    -1.20881519e-02     0.00000000e+00
00.81    -1.23447969e-02     0.00000000e+00
00.82    -1.26072634e-02     0.00000000e+00
00.83    -1.28757851e-02     0.00000000e+00
00.84    -1.31506567e-02     0.00000000e+00
00.85    -1.34321360e-02     0.00000000e+00
00.86    -1.37204550e-02     0.00000000e+00
00.87    -1.40159728e-02     0.00000000e+00
00.88    -1.43189192e-02    -1.60759597e-15
00.89    -1.46297523e-02    -5.81752086e-14
00.90    -1.49488021e-02     2.21334450e-11
00.91    -1.52764633e-02     7.83020458e-11
00.92    -1.56131528e-02     2.31939945e-10
00.93    -1.59593509e-02     6.08235115e-10
00.94    -1.63154251e-02     1.46799130e-09
00.95    -1.66820032e-02     2.87424651e-09
00.96    -1.70595886e-02     3.34660275e-09
00.97    -1.74488702e-02    -3.96589648e-09
00.98    -1.78505380e-02    -3.89555029e-08
00.99    -1.82652270e-02    -1.45781692e-07
01.00    -1.86938154e-02    -4.03084063e-07
01.01    -1.91370818e-02    -9.18396597e-07
01.02    -1.95959578e-02    -1.79617783e-06
01.03    -2.00714373e-02    -3.08280413e-06
01.04    -2.05648141e-02    -4.74044704e-06
01.05    -2.10774617e-02    -6.74357729e-06
01.06    -2.16113854e-02    -9.38744954e-06
01.07    -2.21688197e-02    -1.37772469e-05
01.08    -2.27516553e-02    -2.22445119e-05
01.09    -2.33608751e-02    -3.82692137e-05
01.10    -2.39956152e-02    -6.55227905e-05
01.11    -2.46535670e-02    -1.06088344e-04
01.12    -2.53319304e-02    -1.58579840e-04
01.13    -2.60296977e-02    -2.17395181e-04
01.14    -2.67501920e-02    -2.74249580e-04
01.15    -2.75023018e-02    -3.22178807e-04
01.16    -2.82995956e-02    -3.60755069e-04
01.17    -2.91559535e-02    -4.00104720e-04
01.18    -3.00801985e-02    -4.61309599e-04
01.19    -3.10706119e-02    -5.72055634e-04
01.20    -3.21125025e-02    -7.58442165e-04
01.21    -3.31802398e-02    -1.03552448e-03
01.22    -3.42428790e-02    -1.39979618e-03
01.23    -3.52738569e-02    -1.82635511e-03
01.24    -3.62600511e-02    -2.27221751e-03
01.25    -3.72094872e-02    -2.68584759e-03
01.26    -3.81534076e-02    -3.02080885e-03
01.27    -3.91428773e-02    -3.25007684e-03
01.28    -4.02387691e-02    -3.37713373e-03
01.29    -4.14985701e-02    -3.44024943e-03
01.30    -4.29621477e-02    -3.50882273e-03
01.31    -4.46401633e-02    -3.67206270e-03
01.32    -4.65079795e-02    -4.02196367e-03
01.33    -4.85059860e-02    -4.63349589e-03
01.34    -5.05490351e-02    -5.54581526e-03
01.35    -5.25416964e-02    -6.74877936e-03
01.36    -5.43991600e-02    -8.17864713e-03
01.37    -5.60679423e-02    -9.72527352e-03
01.38    -5.75426612e-02    -1.12500585e-02
01.39    -5.88748563e-02    -1.26120181e-02
01.40    -6.01715675e-02    -1.36961187e-02
01.41    -6.15833575e-02    -1.44391205e-02
01.42    -6.32847826e-02    -1.48475754e-02
01.43    -6.54503517e-02    -1.50063656e-02
01.44    -6.82282504e-02    -1.50766508e-02
01.45    -7.17167978e-02    -1.52840916e-02
01.46    -7.59446002e-02    -1.58968457e-02
01.47    -8.08595245e-02    -1.71959529e-02
01.48    -8.63285756e-02    -1.94396394e-02
01.49    -9.21503798e-02    -2.28323014e-02
01.50    -9.80763956e-02    -2.75032302e-02
01.51    -1.03832141e-01    -3.34987196e-02
01.52    -1.09140024e-01    -4.07791714e-02
01.53    -1.13738548e-01    -4.92109188e-02
01.54    -1.17412957e-01    -5.85473107e-02
01.55    -1.20056794e-01    -6.84139873e-02
01.56    -1.21755123e-01    -7.83395466e-02
01.57    -1.22864016e-01    -8.78773644e-02
01.58    -1.24021768e-01    -9.68466260e-02
01.59    -1.26004170e-01    -1.05648985e-01
01.60    -1.29387125e-01    -1.15521317e-01
01.61    -1.34055339e-01    -1.28507994e-01
01.62    -1.38734248e-01    -1.46986216e-01
01.63    -1.40824808e-01    -1.72737492e-01
01.64    -1.36754817e-01    -2.05850127e-01
01.65    -1.22883555e-01    -2.43937036e-01
01.66    -9.66984063e-02    -2.82107695e-01
01.67    -5.78971623e-02    -3.13846149e-01
01.68    -8.91638260e-03    -3.32564981e-01
01.69     4.53041701e-02    -3.33314111e-01
01.70     9.82520242e-02    -3.14082010e-01
01.71     1.43159912e-01    -2.76311430e-01
01.72     1.74313288e-01    -2.24585005e-01
01.73     1.88035676e-01    -1.65703808e-01
01.74     1.83223038e-01    -1.07513032e-01
01.75     1.61450740e-01    -5.77304015e-02
01.76     1.26748735e-01    -2.28654280e-02
01.77     8.50407885e-02    -7.24117859e-03
01.78     4.32742662e-02    -1.22185646e-02
01.79     8.26978105e-03    -3.58675019e-02
01.80    -1.44651341e-02    -7.33161541e-02
01.81    -2.16397758e-02    -1.17764059e-01
01.82    -1.25569816e-02    -1.61836509e-01
01.83     1.10547664e-02    -1.98824592e-01
01.84     4.55649561e-02    -2.23535615e-01
01.85     8.60902620e-02    -2.32744372e-01
01.86     1.27155196e-01    -2.25422098e-01
01.87     1.63379182e-01    -2.02851229e-01
01.88     1.90229339e-01    -1.68550514e-01
01.89     2.04775478e-01    -1.27845055e-01
01.90     2.06262363e-01    -8.69627772e-02
01.91     1.96250920e-01    -5.17794554e-02
01.92     1.78195517e-01    -2.65531141e-02
01.93     1.56528594e-01    -1.30958119e-02
01.94     1.35549704e-01    -1.06894625e-02
01.95     1.18500207e-01    -1.67432826e-02
01.96     1.07111920e-01    -2.78698161e-02
01.97     1.01695169e-01    -4.09235545e-02
01.98     1.01602834e-01    -5.36534354e-02
01.99     1.05817954e-01    -6.48668944e-02
02.00     1.13443110e-01    -7.42083957e-02
02.01     1.23972326e-01    -8.17327570e-02
02.02     1.37328959e-01    -8.74333976e-02
02.03     1.53676969e-01    -9.08590372e-02
02.04     1.73087197e-01    -9.09444374e-02
02.05     1.95187636e-01    -8.61348361e-02
02.06     2.18939721e-01    -7.47637347e-02
02.07     2.42635608e-01    -5.55196188e-02
02.08     2.64082399e-01    -2.77956670e-02
02.09     2.80882878e-01     8.16236741e-03
02.10     2.90688487e-01     5.12575463e-02
02.11     2.91429585e-01     9.95787096e-02
02.12     2.81540603e-01     1.50439596e-01
02.13     2.60225595e-01     2.00497934e-01
02.14     2.27693988e-01     2.46051624e-01
02.15     1.85266278e-01     2.83531799e-01
02.16     1.35254476e-01     3.10041572e-01
02.17     8.06235240e-02     3.23768780e-01
02.18     2.45557727e-02     3.24084636e-01
02.19    -2.99171029e-02     3.11362574e-01
02.20    -8.01051803e-02     2.86657737e-01
02.21    -1.23685170e-01     2.51467803e-01
02.22    -1.58677542e-01     2.07677285e-01
02.23    -1.83483993e-01     1.57612395e-01
02.24    -1.97018976e-01     1.04044761e-01
02.25    -1.98855600e-01     5.00663618e-02
02.26    -1.89323231e-01    -1.13856401e-03
02.27    -1.69523809e-01    -4.65291814e-02
02.28    -1.41306831e-01    -8.34321691e-02
02.29    -1.07186110e-01    -1.09794339e-01
02.30    -7.01609461e-02    -1.24477350e-01
02.31    -3.34023570e-02    -1.27508219e-01
02.32     1.76752693e-04    -1.20146528e-01
02.33     2.83457696e-02    -1.04653702e-01
02.34     4.98328993e-02    -8.38097590e-02
02.35     6.43432191e-02    -6.03034850e-02
02.36     7.23081892e-02    -3.62339970e-02
02.37     7.44687978e-02    -1.29045171e-02
02.38     7.14751559e-02     9.01087384e-03
02.39     6.36890170e-02     2.90161752e-02
02.40     5.12882564e-02     4.63044051e-02
02.41     3.46175326e-02     5.95105364e-02
02.42     1.45940866e-02     6.68802363e-02
02.43    -7.06929921e-03     6.68134568e-02
02.44    -2.79786270e-02     5.85394358e-02
02.45    -4.55060692e-02     4.26012954e-02
02.46    -5.74015804e-02     2.09141798e-02
02.47    -6.23262225e-02    -3.63532978e-03
02.48    -6.01141854e-02    -2.78769542e-02
02.49    -5.16946463e-02    -4.90682341e-02
02.50    -3.87380771e-02    -6.53978473e-02
02.51    -2.31711617e-02    -7.61592922e-02
02.52    -6.72550443e-03    -8.15857347e-02
02.53     9.33376324e-03    -8.24295295e-02
02.54     2.42071329e-02    -7.94572547e-02
02.55     3.72977058e-02    -7.31092360e-02
02.56     4.78476946e-02    -6.35697921e-02
02.57     5.47638708e-02    -5.13098203e-02
02.58     5.68973888e-02    -3.78234362e-02
02.59     5.37955856e-02    -2.59796272e-02
02.60     4.65579574e-02    -1.94564988e-02
02.61     3.81866735e-02    -2.12358225e-02
02.62     3.29761927e-02    -3.18467837e-02
02.63     3.50208593e-02    -4.84106976e-02
02.64     4.64999721e-02    -6.52045310e-02
02.65     6.66055182e-02    -7.56043843e-02
02.66     9.16554876e-02    -7.44896592e-02
02.67     1.16316527e-01    -5.99876675e-02
02.68     1.35342930e-01    -3.38750116e-02
02.69     1.45080107e-01    -6.56804569e-04
02.70     1.44227784e-01     3.41002673e-02
02.71     1.33721366e-01     6.54213763e-02
02.72     1.15996692e-01     8.99834060e-02
02.73     9.40462593e-02     1.06376693e-01
02.74     7.06561926e-02     1.14735684e-01
02.75     4.80065317e-02     1.16105319e-01
02.76     2.76115063e-02     1.11901158e-01
02.77     1.04228046e-02     1.03630324e-01
02.78    -3.07779571e-03     9.28302692e-02
02.79    -1.28676141e-02     8.10299254e-02
02.80    -1.93922592e-02     6.95892767e-02
02.81    -2.34762742e-02     5.94215760e-02
02.82    -2.60755944e-02     5.07686584e-02
02.83    -2.79468597e-02     4.32226607e-02
02.84    -2.93969827e-02     3.60397199e-02
02.85    -3.02507383e-02     2.85903398e-02
02.86    -3.00407726e-02     2.07067897e-02
02.87    -2.83071097e-02     1.27703459e-02
02.88    -2.48534890e-02     5.55143731e-03
02.89    -1.98715804e-02    -6.82911935e-05
02.90    -1.39267683e-02    -3.36341148e-03
02.91    -7.84753961e-03    -3.95935261e-03
02.92    -2.55489953e-03    -1.94484850e-03
02.93     1.13667055e-03     2.11056300e-03
02.94     2.70960759e-03     7.26062987e-03
02.95     2.06224792e-03     1.24129374e-02
02.96    -5.01223574e-04     1.66202346e-02
02.97    -4.41687393e-03     1.93090725e-02
02.98    -9.07827872e-03     2.03357116e-02
02.99    -1.40175685e-02     1.98503325e-02
03.00    -1.89629866e-02     1.80604662e-02
03.01    -2.37604485e-02     1.50375483e-02
03.02    -2.82259208e-02     1.06795757e-02
03.03    -3.20301316e-02     4.83787451e-03
03.04    -3.46923263e-02    -2.47528533e-03
03.05    -3.56932190e-02    -1.09227250e-02
03.06    -3.46526108e-02    -1.98136405e-02
03.07    -3.14911482e-02    -2.82259248e-02
03.08    -2.65082110e-02    -3.52318569e-02
03.09    -2.03440300e-02    -4.01450072e-02
03.10    -1.38364963e-02    -4.27097054e-02
03.11    -7.81281385e-03    -4.31725241e-02
03.12    -2.87917445e-03    -4.22055807e-02
03.13     7.22032000e-04    -4.07008673e-02
03.14     3.13956329e-03    -3.95033267e-02
03.15     4.81942750e-03    -3.91827459e-02
03.16     6.33616845e-03    -3.99236622e-02
03.17     8.22026372e-03    -4.15534868e-02
03.18     1.08392006e-02    -4.36623350e-02
03.19     1.43517962e-02    -4.57431918e-02
03.20     1.87166721e-02    -4.73016298e-02
03.21     2.37267123e-02    -4.79275838e-02
03.22     2.90549227e-02    -4.73435354e-02
03.23     3.43069211e-02    -4.54372702e-02
03.24     3.90791270e-02    -4.22722464e-02
03.25     4.30121233e-02    -3.80721116e-02
03.26     4.58335723e-02    -3.31904359e-02
03.27     4.73911686e-02    -2.80794410e-02
03.28     4.76840980e-02    -2.32545500e-02
03.29     4.68905195e-02    -1.92381641e-02
03.30     4.53736405e-02    -1.64714488e-02
03.31     4.36490116e-02    -1.52101460e-02
03.32     4.23050649e-02    -1.54355194e-02
03.33     4.18870828e-02    -1.68151412e-02
03.34     4.27693656e-02    -1.87346572e-02
03.35     4.50484166e-02    -2.04083624e-02
03.36     4.84914741e-02    -2.10556061e-02
03.37     5.25691487e-02    -2.01024960e-02
03.38     5.65762000e-02    -1.73535011e-02
03.39     5.98202141e-02    -1.30712120e-02
03.40     6.18265514e-02    -7.91859146e-03
03.41     6.24897200e-02    -2.75510362e-03
03.42     6.21006220e-02     1.66034400e-03
03.43     6.12208535e-02     4.94351666e-03
03.44     6.04500855e-02     7.20321332e-03
03.45     6.01922565e-02     8.94175755e-03
03.46     6.05298817e-02     1.07971114e-02
03.47     6.12521061e-02     1.32716356e-02
03.48     6.19934707e-02     1.65823644e-02
03.49     6.23879677e-02     2.06701617e-02
03.50     6.21714615e-02     2.53047252e-02
03.51     6.12086651e-02     3.02026928e-02
03.52     5.94730225e-02     3.51058523e-02
03.53     5.70060485e-02     3.98169432e-02
03.54     5.38766426e-02     4.42039423e-02
03.55     5.01516373e-02     4.81777225e-02
03.56     4.58891311e-02     5.16520670e-02
03.57     4.11590699e-02     5.45131466e-02
03.58     3.60741914e-02     5.66326883e-02
03.59     3.07983832e-02     5.79255064e-02
03.60     2.55116097e-02     5.84107990e-02
03.61     2.03456508e-02     5.82146018e-02
03.62     1.53370547e-02     5.74957001e-02
03.63     1.04394153e-02     5.63328603e-02
03.64     5.59932568e-03     5.46542965e-02
03.65     8.49408925e-04     5.22648525e-02
03.66    -3.63919522e-03     4.89631205e-02
03.67    -7.58403067e-03     4.46777915e-02
03.68    -1.06825492e-02     3.95364948e-02
03.69    -1.27051053e-02     3.38214377e-02
03.70    -1.35266472e-02     2.78508230e-02
03.71    -1.30779167e-02     2.18919761e-02
03.72    -1.12770427e-02     1.62080070e-02
03.73    -8.04719945e-03     1.12334043e-02
03.74    -3.48548354e-03     7.72254381e-03
03.75     1.88346973e-03     6.65594494e-03
03.76     6.96414893e-03     8.80382475e-03
03.77     1.02555574e-02     1.41216429e-02
03.78     1.03584484e-02     2.13545194e-02
03.79     6.61786769e-03     2.81863656e-02
03.80    -4.38346893e-04     3.19580205e-02
03.81    -9.11059477e-03     3.06206307e-02
03.82    -1.69849148e-02     2.34666800e-02
03.83    -2.16153115e-02     1.13608320e-02
03.84    -2.11640279e-02    -3.49576197e-03
03.85    -1.48538312e-02    -1.80681184e-02
03.86    -3.19902711e-03    -2.91054317e-02
03.87     1.19963242e-02    -3.38433550e-02
03.88     2.79347273e-02    -3.07477759e-02
03.89     4.14560244e-02    -2.00985958e-02
03.90     4.99012443e-02    -4.10366820e-03
03.91     5.19190808e-02     1.36691915e-02
03.92     4.78639990e-02     2.94125377e-02
03.93     3.95821708e-02     4.03068498e-02
03.94     2.96708663e-02     4.53145281e-02
03.95     2.05508092e-02     4.52224786e-02
03.96     1.37519806e-02     4.20027317e-02
03.97     9.66503347e-03     3.78727340e-02
03.98     7.75564465e-03     3.45044636e-02
03.99     7.04004005e-03     3.26590955e-02
04.00     6.56098388e-03     3.22647570e-02
04.01     5.68825191e-03     3.27548547e-02
04.02     4.19651654e-03     3.34451367e-02
04.03     2.18325713e-03     3.38002569e-02
04.04    -8.28938445e-05     3.35478177e-02
04.05    -2.30874419e-03     3.26727030e-02
04.06    -4.28130340e-03     3.13419894e-02
04.07    -5.91959503e-03     2.98002390e-02
04.08    -7.27673722e-03     2.82611381e-02
04.09    -8.49540694e-03     2.68193547e-02
04.10    -9.73276729e-03     2.54033280e-02
04.11    -1.10732060e-02     2.37797052e-02
04.12    -1.24471973e-02     2.16086042e-02
04.13    -1.35762241e-02     1.85507156e-02
04.14    -1.39674035e-02     1.44279883e-02
04.15    -1.29986576e-02     9.41688519e-03
04.16    -1.01132552e-02     4.20525934e-03
04.17    -5.09946161e-03    -1.13933333e-05
04.18     1.65183600e-03    -1.78688148e-03
04.19     9.06039591e-03     8.67476450e-05
04.20     1.55446257e-02     6.04217806e-03
04.21     1.94608658e-02     1.54122938e-02
04.22     1.96326954e-02     2.65064453e-02
04.23     1.57476209e-02     3.70854623e-02
04.24     8.45823491e-03     4.50332005e-02
04.25    -8.33020333e-04     4.89488387e-02
04.26    -1.03936309e-02     4.84535529e-02
04.27    -1.86154684e-02     4.41697950e-02
04.28    -2.43749218e-02     3.74603218e-02
04.29    -2.72370927e-02     3.00513287e-02
04.30    -2.75002753e-02     2.36226612e-02
04.31    -2.60828941e-02     1.94210160e-02
04.32    -2.42686628e-02     1.79612780e-02
04.33    -2.33557965e-02     1.89130214e-02
04.34    -2.43125265e-02     2.12283220e-02
04.35    -2.75514600e-02     2.34684735e-02
04.36    -3.28797266e-02     2.41810599e-02
04.37    -3.95907485e-02     2.21779726e-02
04.38    -4.66043295e-02     1.66700761e-02
04.39    -5.25877333e-02     7.33308882e-03
04.40    -5.60765142e-02    -5.58446492e-03
04.41    -5.56713123e-02    -2.10984913e-02
04.42    -5.03588967e-02    -3.74047103e-02
04.43    -3.98916780e-02    -5.20528150e-02
04.44    -2.50525944e-02    -6.24604360e-02
04.45    -7.62831664e-03    -6.66308302e-02
04.46     9.97076507e-03    -6.37794331e-02
04.47     2.53251823e-02    -5.45789931e-02
04.48     3.66192023e-02    -4.09099441e-02
04.49     4.30171177e-02    -2.52378429e-02
04.50     4.46906801e-02    -9.89470701e-03
04.51     4.25421689e-02     3.45548876e-03
04.52     3.77834775e-02     1.40120238e-02
04.53     3.15540447e-02     2.17086450e-02
04.54     2.47003214e-02     2.69031746e-02
04.55     1.77390936e-02     3.00623407e-02
04.56     1.09456534e-02     3.15623333e-02
04.57     4.48094051e-03     3.16329663e-02
04.58    -1.51090881e-03     3.03983181e-02
04.59    -6.85582266e-03     2.79540698e-02
04.60    -1.13504508e-02     2.44335654e-02
04.61    -1.47902333e-02     2.00509713e-02
04.62    -1.70122567e-02     1.51153178e-02
04.63    -1.79399600e-02     1.00151262e-02
04.64    -1.76175695e-02     5.17307047e-03
04.65    -1.62208152e-02     9.77129619e-04
04.66    -1.40342652e-02    -2.29499683e-03
04.67    -1.13943605e-02    -4.52998189e-03
04.68    -8.61560001e-03    -5.78641810e-03
04.69    -5.92591734e-03    -6.24601566e-03
04.70    -3.43780792e-03    -6.12895658e-03
04.71    -1.16129262e-03    -5.61266136e-03
04.72     9.53499669e-04    -4.78050269e-03
04.73     2.96134780e-03    -3.60357307e-03
04.74     4.86247112e-03    -1.94559294e-03
04.75     6.54309368e-03     3.97342294e-04
04.76     7.73629213e-03     3.60337001e-03
04.77     8.03987601e-03     7.67939773e-03
04.78     7.01983505e-03     1.23221880e-02
04.79     4.38274145e-03     1.68760379e-02
04.80     1.48082025e-04     2.04509517e-02
04.81    -5.26667893e-03     2.21753371e-02
04.82    -1.11013067e-02     2.14838333e-02
04.83    -1.64357112e-02     1.83148337e-02
04.84    -2.04303591e-02     1.31397090e-02
04.85    -2.25334240e-02     6.82048958e-03
04.86    -2.25862696e-02     3.65012503e-04
04.87    -2.08074782e-02    -5.32238443e-03
04.88    -1.76829289e-02    -9.61222960e-03
04.89    -1.38211885e-02    -1.22091648e-02
04.90    -9.82460107e-03    -1.31187824e-02
04.91    -6.20414395e-03    -1.25748473e-02
04.92    -3.33050292e-03    -1.09673062e-02
04.93    -1.40455517e-03    -8.77817426e-03
04.94    -4.41555922e-04    -6.51177162e-03
04.95    -2.78397373e-04    -4.60298363e-03
04.96    -6.21454423e-04    -3.32296770e-03
04.97    -1.13464229e-03    -2.72128238e-03
04.98    -1.54112225e-03    -2.63895642e-03
04.99    -1.70027461e-03    -2.79629739e-03
05.00    -1.62725569e-03    -2.91904211e-03
05.01    -1.44974785e-03    -2.84814149e-03
05.02    -1.32360750e-03    -2.58794249e-03
05.03    -1.34810705e-03    -2.27518732e-03
05.04    -1.51934127e-03    -2.08935316e-03
05.05    -1.73938380e-03    -2.15172805e-03
05.06    -1.87243325e-03    -2.46485922e-03
05.07    -1.81270569e-03    -2.91908030e-03
05.08    -1.52882161e-03    -3.35334366e-03
05.09    -1.06529425e-03    -3.62772383e-03
05.10    -5.13560901e-04    -3.66766126e-03
05.11     2.57962812e-05    -3.46795930e-03
05.12     4.68153730e-04    -3.07377698e-03
05.13     7.58068300e-04    -2.56272813e-03
05.14     8.78343916e-04    -2.03446231e-03
05.15     8.61166531e-04    -1.59316612e-03
05.16     7.89086208e-04    -1.30777676e-03
05.17     7.67982062e-04    -1.15946139e-03
05.18     8.67987686e-04    -1.01602644e-03
05.19     1.05924076e-03    -6.75257338e-04
05.20     1.18769108e-03     2.18078347e-05
05.21     1.02563050e-03     1.06611650e-03
05.22     3.82914215e-04     2.22893806e-03
05.23    -7.79967870e-04     3.13211650e-03
05.24    -2.30463645e-03     3.40918609e-03
05.25    -3.88236406e-03     2.86798942e-03
05.26    -5.16907971e-03     1.56735580e-03
05.27    -5.90654531e-03    -2.19867934e-04
05.28    -5.99526639e-03    -2.12231006e-03
05.29    -5.49833595e-03    -3.80048629e-03
05.30    -4.58871547e-03    -5.03873767e-03
05.31    -3.47162238e-03    -5.77305849e-03
05.32    -2.31655978e-03    -6.05665272e-03
05.33    -1.22542203e-03    -5.98733123e-03
05.34    -2.45280035e-04    -5.63613072e-03
05.35     5.87712871e-04    -5.01657379e-03
05.36     1.20485164e-03    -4.11198758e-03
05.37     1.49395539e-03    -2.94328096e-03
05.38     1.33385895e-03    -1.63228099e-03
05.39     6.58751957e-04    -4.15066381e-04
05.40    -4.83694656e-04     4.11739696e-04
05.41    -1.91466838e-03     5.88497020e-04
05.42    -3.35892762e-03    -1.46087726e-05
05.43    -4.51534178e-03    -1.35212246e-03
05.44    -5.13252975e-03    -3.21701741e-03
05.45    -5.06394092e-03    -5.29557859e-03
05.46    -4.29348551e-03    -7.23626802e-03
05.47    -2.93470384e-03    -8.71615972e-03
05.48    -1.20794703e-03    -9.50027278e-03
05.49     6.02517705e-04    -9.48868310e-03
05.50     2.20763412e-03    -8.73964318e-03
05.51     3.37676071e-03    -7.45531003e-03
05.52     3.98713907e-03    -5.92890358e-03
05.53     4.04349762e-03    -4.46798281e-03
05.54     3.66224198e-03    -3.31863175e-03
05.55     3.02691314e-03    -2.61505326e-03
05.56     2.33257502e-03    -2.36846577e-03
05.57     1.73801600e-03    -2.49343455e-03
05.58     1.34117604e-03    -2.85550789e-03
05.59     1.17875887e-03    -3.31635403e-03
05.60     1.24198673e-03    -3.75933199e-03
05.61     1.49308436e-03    -4.09308964e-03
05.62     1.87341740e-03    -4.24560319e-03
05.63     2.30392690e-03    -4.16450684e-03
05.64     2.68725053e-03    -3.83085374e-03
05.65     2.92102297e-03    -3.27900040e-03
05.66     2.92368106e-03    -2.60603445e-03
05.67     2.66360979e-03    -1.95650087e-03
05.68     2.17595010e-03    -1.48178176e-03
05.69     1.55579521e-03    -1.28995841e-03
05.70     9.27484798e-04    -1.41004381e-03
05.71     4.03634206e-04    -1.78852069e-03
05.72     5.22717805e-05    -2.31841664e-03
05.73    -1.14512849e-04    -2.88405099e-03
05.74    -1.29609049e-04    -3.39925049e-03
05.75    -4.70289350e-05    -3.82499652e-03
05.76     8.21265989e-05    -4.16508667e-03
05.77     2.24920709e-04    -4.44848910e-03
05.78     3.70260880e-04    -4.70879194e-03
05.79     5.23315111e-04    -4.96940965e-03
05.80     6.95881345e-04    -5.23869311e-03
05.81     8.98624243e-04    -5.51452734e-03
05.82     1.13922597e-03    -5.79294925e-03
05.83     1.42603598e-03    -6.07290278e-03
05.84     1.77235040e-03    -6.35171175e-03
05.85     2.19496255e-03    -6.61393938e-03
05.86     2.70474208e-03    -6.82307802e-03
05.87     3.29362934e-03    -6.92587776e-03
05.88     3.92714182e-03    -6.87110974e-03
05.89     4.54951280e-03    -6.63327156e-03
05.90     5.10056480e-03    -6.22650157e-03
05.91     5.53557152e-03    -5.69912712e-03
05.92     5.83642175e-03    -5.11163962e-03
05.93     6.00818830e-03    -4.51206108e-03
05.94     6.06466756e-03    -3.92401494e-03
05.95     6.01336579e-03    -3.35391924e-03
05.96     5.85054771e-03    -2.81092024e-03
05.97     5.56979632e-03    -2.32451905e-03
05.98     5.17815039e-03    -1.94668089e-03
05.99     4.70886974e-03    -1.73554515e-03
06.00     4.22165089e-03    -1.72960013e-03
06.01     3.78870856e-03    -1.92695880e-03
06.02     3.47329169e-03    -2.28154526e-03
06.03     3.31125631e-03    -2.71805989e-03
06.04     3.30417959e-03    -3.15786018e-03
06.05     3.42643605e-03    -3.54288364e-03
06.06     3.64116355e-03    -3.84664429e-03
06.07     3.91644141e-03    -4.06880568e-03
06.08     4.23340100e-03    -4.21874107e-03
06.09     4.58348600e-03    -4.29911902e-03
06.10     4.95875279e-03    -4.29966452e-03
06.11     5.34302527e-03    -4.20382964e-03
06.12     5.71034749e-03    -4.00173471e-03
06.13     6.03089829e-03    -3.69924936e-03
06.14     6.27921530e-03    -3.31695117e-03
06.15     6.43847560e-03    -2.88153490e-03
06.16     6.49862801e-03    -2.41832315e-03
06.17     6.45229748e-03    -1.95141790e-03
06.18     6.29403363e-03    -1.51094901e-03
06.19     6.02612159e-03    -1.13994468e-03
06.20     5.66852731e-03    -8.92448899e-04
06.21     5.26621007e-03    -8.19754087e-04
06.22     4.88741904e-03    -9.49267056e-04
06.23     4.61051476e-03    -1.26590239e-03
06.24     4.50278493e-03    -1.70608583e-03
06.25     4.59924196e-03    -2.16880229e-03
06.26     4.88968491e-03    -2.54075330e-03
06.27     5.31912724e-03    -2.72674088e-03
06.28     5.80150683e-03    -2.67483872e-03
06.29     6.24199760e-03    -2.38868162e-03
06.30     6.56101991e-03    -1.92363863e-03
06.31     6.71252257e-03    -1.36877375e-03
06.32     6.69158205e-03    -8.20555338e-04
06.33     6.52934338e-03    -3.57166092e-04
06.34     6.27833638e-03    -2.20367484e-05
06.35     5.99435904e-03     1.78673595e-04
06.36     5.72219277e-03     2.65926006e-04
06.37     5.48954485e-03     2.71802747e-04
06.38     5.30961309e-03     2.26249560e-04
06.39     5.18753706e-03     1.52344290e-04
06.40     5.12551482e-03     6.98527215e-05
06.41     5.12260820e-03     1.51770641e-06
06.42     5.17048659e-03    -2.50593715e-05
06.43     5.24918578e-03     1.65919953e-05
06.44     5.32804300e-03     1.40712409e-04
06.45     5.37324542e-03     3.40254213e-04
06.46     5.35891689e-03     5.86506181e-04
06.47     5.27616203e-03     8.39039771e-04
06.48     5.13487702e-03     1.06120982e-03
06.49     4.95755460e-03     1.23343957e-03
06.50     4.76820428e-03     1.35778912e-03
06.51     4.58204948e-03     1.45243954e-03
06.52     4.40069707e-03     1.53962769e-03
06.53     4.21416882e-03     1.63382948e-03
06.54     4.00784945e-03     1.73555653e-03
06.55     3.76990607e-03     1.83271879e-03
06.56     3.49580839e-03     1.90700375e-03
06.57     3.18856167e-03     1.94052243e-03
06.58     2.85645709e-03     1.91912999e-03
06.59     2.51080376e-03     1.83205237e-03
06.60     2.16550785e-03     1.67008199e-03
06.61     1.83826627e-03     1.42543853e-03
06.62     1.55149906e-03     1.09449544e-03
06.63     1.33135963e-03     6.82544167e-04
06.64     1.20397894e-03     2.08109559e-04
06.65     1.18942666e-03    -2.95553810e-04
06.66     1.29526206e-03    -7.83450456e-04
06.67     1.51180254e-03    -1.20624916e-03
06.68     1.81100635e-03    -1.52053274e-03
06.69     2.14994930e-03    -1.69945485e-03
06.70     2.47880144e-03    -1.74113363e-03
06.71     2.75210474e-03    -1.67174833e-03
06.72     2.94079292e-03    -1.54115460e-03
06.73     3.04090394e-03    -1.41004011e-03
06.74     3.07512633e-03    -1.33150903e-03
06.75     3.08515040e-03    -1.33347889e-03
06.76     3.11688693e-03    -1.40923420e-03
06.77     3.20374768e-03    -1.52053844e-03
06.78     3.35440072e-03    -1.61231777e-03
06.79     3.54944544e-03    -1.63318521e-03
06.80     3.74794387e-03    -1.55456882e-03
06.81     3.90146299e-03    -1.38226370e-03
06.82     3.97135160e-03    -1.15683723e-03
06.83     3.94358273e-03    -9.42213759e-04
06.84     3.83641416e-03    -8.05265529e-04
06.85     3.69701071e-03    -7.92108722e-04
06.86     3.58720857e-03    -9.09560187e-04
06.87     3.56244350e-03    -1.12020221e-03
06.88     3.65231501e-03    -1.35492981e-03
06.89     3.85136840e-03    -1.53834568e-03
06.90     4.12419866e-03    -1.61525293e-03
06.91     4.42134878e-03    -1.56538721e-03
06.92     4.69714818e-03    -1.40113418e-03
06.93     4.92115070e-03    -1.15341040e-03
06.94     5.08014149e-03    -8.55439394e-04
06.95     5.17311610e-03    -5.32419577e-04
06.96     5.20403313e-03    -1.98515664e-04
06.97     5.17539342e-03     1.40698535e-04
06.98     5.08475305e-03     4.82474496e-04
06.99     4.92481078e-03     8.19352432e-04
07.00     4.68800357e-03     1.13275592e-03
07.01     4.37394993e-03     1.39176769e-03
07.02     3.99631974e-03     1.55964772e-03
07.03     3.58460694e-03     1.60624688e-03
07.04     3.17894258e-03     1.51997000e-03
07.05     2.82009568e-03     1.31268978e-03
07.06     2.53946715e-03     1.01559702e-03
07.07     2.35341365e-03     6.69094862e-04
07.08     2.26299614e-03     3.12393507e-04
07.09     2.25770882e-03    -2.33373317e-05
07.10     2.32042813e-03    -3.17704899e-04
07.11     2.43217224e-03    -5.61000885e-04
07.12     2.57584438e-03    -7.52153506e-04
07.13     2.73850476e-03    -8.94973365e-04
07.14     2.91125052e-03    -9.93603998e-04
07.15     3.08685275e-03    -1.04959702e-03
07.16     3.25682615e-03    -1.06288391e-03
07.17     3.41045015e-03    -1.03633919e-03
07.18     3.53738338e-03    -9.80426226e-04
07.19     3.63252330e-03    -9.13689981e-04
07.20     3.70014695e-03    -8.57587264e-04
07.21     3.75413416e-03    -8.28024090e-04
07.22     3.81364186e-03    -8.28287920e-04
07.23     3.89626774e-03    -8.47089864e-04
07.24     4.01159728e-03    -8.62449345e-04
07.25     4.15805791e-03    -8.49261733e-04
07.26     4.32372523e-03    -7.87033877e-04
07.27     4.49009299e-03    -6.64847871e-04
07.28     4.63676879e-03    -4.82381359e-04
07.29     4.74517020e-03    -2.47927888e-04
07.30     4.80035873e-03     2.43622247e-05
07.31     4.79173677e-03     3.16029071e-04
07.32     4.71400440e-03     6.04432997e-04
07.33     4.56920930e-03     8.63166702e-04
07.34     4.36904759e-03     1.06504001e-03
07.35     4.13555858e-03     1.18837477e-03
07.36     3.89818012e-03     1.22453435e-03
07.37     3.68696266e-03     1.18275718e-03
07.38     3.52440179e-03     1.08901876e-03
07.39     3.41903268e-03     9.78496538e-04
07.40     3.36380044e-03     8.84763684e-04
07.41     3.33955304e-03     8.29996159e-04
07.42     3.32209842e-03     8.19912877e-04
07.43     3.28983901e-03     8.44327579e-04
07.44     3.22968643e-03     8.82253072e-04
07.45     3.13981046e-03     9.09109018e-04
07.46     3.02907609e-03     9.03878721e-04
07.47     2.91390008e-03     8.54619575e-04
07.48     2.81327818e-03     7.61368122e-04
07.49     2.74342422e-03     6.35928909e-04
07.50     2.71303142e-03     4.98365859e-04
07.51     2.72089229e-03     3.70707257e-04
07.52     2.75678968e-03     2.69627369e-04
07.53     2.80588266e-03     2.00965735e-04
07.54     2.85481397e-03     1.58812797e-04
07.55     2.89685296e-03     1.29896003e-04
07.56     2.93344898e-03     1.00995055e-04
07.57     2.97189552e-03     6.54533635e-05
07.58     3.02055156e-03     2.55577872e-05
07.59     3.08440019e-03    -9.71977808e-06
07.60     3.16307719e-03    -2.95030926e-05
07.61     3.25149089e-03    -2.54007505e-05
07.62     3.34210148e-03     6.40349541e-06
07.63     3.42726484e-03     6.54010186e-05
07.64     3.50067247e-03     1.48289020e-04
07.65     3.55776426e-03     2.50554788e-04
07.66     3.59556080e-03     3.67500892e-04
07.67     3.61219879e-03     4.94697192e-04
07.68     3.60660883e-03     6.28071856e-04
07.69     3.57822181e-03     7.63895242e-04
07.70     3.52676348e-03     8.98785564e-04
07.71     3.45202292e-03     1.02970962e-03
07.72     3.35351326e-03     1.15382587e-03
07.73     3.23020304e-03     1.26789498e-03
07.74     3.08066280e-03     1.36712097e-03
07.75     2.90398800e-03     1.44374247e-03
07.76     2.70171461e-03     1.48621864e-03
07.77     2.48027229e-03     1.48022607e-03
07.78     2.25271902e-03     1.41186165e-03
07.79     2.03869905e-03     1.27265428e-03
07.80     1.86171817e-03     1.06460532e-03
07.81     1.74410195e-03     8.02917265e-04
07.82     1.70112802e-03     5.14797050e-04
07.83     1.73645742e-03     2.33881356e-04
07.84     1.84099417e-03    -7.99943126e-06
07.85     1.99570489e-03    -1.88443682e-04
07.86     2.17727778e-03    -2.98225238e-04
07.87     2.36388026e-03    -3.39880482e-04
07.88     2.53853717e-03    -3.22776894e-04
07.89     2.68939852e-03    -2.58163266e-04
07.90     2.80809221e-03    -1.56994983e-04
07.91     2.88847786e-03    -3.07261541e-05
07.92     2.92691697e-03     1.07113972e-04
07.93     2.92379235e-03     2.41029421e-04
07.94     2.88458413e-03     3.56069302e-04
07.95     2.81927886e-03     4.41320130e-04
07.96     2.74007860e-03     4.92190654e-04
07.97     2.65868634e-03     5.10359686e-04
07.98     2.58423114e-03     5.01938826e-04
07.99     2.52238788e-03     4.75281115e-04
08.00     2.47526350e-03     4.39319830e-04
08.01     2.44157855e-03     4.02274030e-04
08.02     2.41714834e-03     3.70109263e-04
08.03     2.39611188e-03     3.44723021e-04
08.04     2.37320226e-03     3.22871740e-04
08.05     2.34629993e-03     2.97106536e-04
08.06     2.31812077e-03     2.59061318e-04
08.07     2.29581993e-03     2.03887770e-04
08.08     2.28819866e-03     1.33540121e-04
08.09     2.30194477e-03     5.69927930e-05
08.10     2.33853640e-03    -1.29271537e-05
08.11     2.39361423e-03    -6.44808071e-05
08.12     2.45878947e-03    -9.11263892e-05
08.13     2.52499665e-03    -9.28239042e-05
08.14     2.58536606e-03    -7.42276134e-05
08.15     2.63633884e-03    -4.12604812e-05
08.16     2.67682108e-03     1.77774152e-06
08.17     2.70634485e-03     5.30386260e-05
08.18     2.72354258e-03     1.11854673e-04
08.19     2.72597185e-03     1.76569511e-04
08.20     2.71114412e-03     2.43036374e-04
08.21     2.67809765e-03     3.04684241e-04
08.22     2.62848974e-03     3.53989273e-04
08.23     2.56674548e-03     3.84453207e-04
08.24     2.49934970e-03     3.92145142e-04
08.25     2.43358134e-03     3.76412194e-04
08.26     2.37630842e-03     3.39800011e-04
08.27     2.33293371e-03     2.87448867e-04
08.28     2.30671782e-03     2.26119022e-04
08.29     2.29849319e-03     1.63018169e-04
08.30     2.30685750e-03     1.04686162e-04
08.31     2.32871938e-03     5.62547370e-05
08.32     2.35983565e-03     2.11258223e-05
08.33     2.39538838e-03     8.64720857e-07
08.34     2.43048374e-03    -4.99101582e-06
08.35     2.46085279e-03     8.84227769e-07
08.36     2.48379531e-03     1.38553792e-05
08.37     2.49886510e-03     2.83709640e-05
08.38     2.50808795e-03     3.96570979e-05
08.39     2.51512266e-03     4.53348814e-05
08.40     2.52393202e-03     4.61782140e-05
08.41     2.53730794e-03     4.56559862e-05
08.42     2.55593606e-03     4.85921951e-05
08.43     2.57818250e-03     5.95653992e-05
08.44     2.60060918e-03     8.16104268e-05
08.45     2.61881379e-03     1.15466110e-04
08.46     2.62843846e-03     1.59406456e-04
08.47     2.62612687e-03     2.09603638e-04
08.48     2.61014642e-03     2.60950769e-04
08.49     2.58062847e-03     3.08097089e-04
08.50     2.53932639e-03     3.46352573e-04
08.51     2.48917078e-03     3.72179536e-04
08.52     2.43379887e-03     3.83289225e-04
08.53     2.37725638e-03     3.78597383e-04
08.54     2.32375683e-03     3.58303637e-04
08.55     2.27731586e-03     3.24073080e-04
08.56     2.24123339e-03     2.79047404e-04
08.57     2.21766779e-03     2.27456917e-04
08.58     2.20732397e-03     1.73895319e-04
08.59     2.20959780e-03     1.22598999e-04
08.60     2.22286199e-03     7.70258343e-05
08.61     2.24486963e-03     3.98078240e-05
08.62     2.27288302e-03     1.28413203e-05
08.63     2.30374138e-03    -2.78476642e-06
08.64     2.33405230e-03    -7.11743269e-06
08.65     2.36058100e-03    -1.73535501e-06
08.66     2.38096457e-03     1.02225086e-05
08.67     2.39432262e-03     2.46450838e-05
08.68     2.40156019e-03     3.76050585e-05
08.69     2.40494237e-03     4.65600422e-05
08.70     2.40723183e-03     5.10069545e-05
08.71     2.41069508e-03     5.22493698e-05
08.72     2.41653137e-03     5.25005632e-05
08.73     2.42484680e-03     5.38888367e-05
08.74     2.43502175e-03     5.79288462e-05
08.75     2.44616873e-03     6.55679958e-05
08.76     2.45718039e-03     7.74913507e-05
08.77     2.46672225e-03     9.42155501e-05
08.78     2.47313779e-03     1.15800941e-04
08.79     2.47464704e-03     1.41400316e-04
08.80     2.46981798e-03     1.69057544e-04
08.81     2.45810011e-03     1.96015884e-04
08.82     2.44003058e-03     2.19434049e-04
08.83     2.41711530e-03     2.37129505e-04
08.84     2.39135781e-03     2.48006579e-04
08.85     2.36476838e-03     2.52008530e-04
08.86     2.33901128e-03     2.49782261e-04
08.87     2.31532481e-03     2.42297612e-04
08.88     2.29456412e-03     2.30610250e-04
08.89     2.27725016e-03     2.15763696e-04
08.90     2.26365744e-03     1.98721035e-04
08.91     2.25389826e-03     1.80280972e-04
08.92     2.24802884e-03     1.61043842e-04
08.93     2.24619287e-03     1.41512369e-04
08.94     2.24863529e-03     1.22341728e-04
08.95     2.25557227e-03     1.04563533e-04
08.96     2.26690460e-03     8.96534682e-05
08.97     2.28200281e-03     7.93297557e-05
08.98     2.29954387e-03     7.51628980e-05
08.99     2.31765824e-03     7.81472794e-05
09.00     2.33416264e-03     8.83595250e-05
09.01     2.34694245e-03     1.04848090e-04
09.02     2.35439161e-03     1.25770595e-04
09.03     2.35561230e-03     1.48754613e-04
09.04     2.35059062e-03     1.71339146e-04
09.05     2.34001901e-03     1.91379730e-04
09.06     2.32514505e-03     2.07302967e-04
09.07     2.30751298e-03     2.18207189e-04
09.08     2.28870528e-03     2.23846743e-04
09.09     2.27019203e-03     2.24543292e-04
09.10     2.25317126e-03     2.21065622e-04
09.11     2.23847217e-03     2.14475878e-04
09.12     2.22652419e-03     2.05957640e-04
09.13     2.21735764e-03     1.96628031e-04
09.14     2.21072743e-03     1.87365832e-04
09.15     2.20619831e-03     1.78705391e-04
09.16     2.20339851e-03     1.70881118e-04
09.17     2.20204411e-03     1.63986073e-04
09.18     2.20195199e-03     1.58181049e-04
09.19     2.20289395e-03     1.53784969e-04
09.20     2.20449123e-03     1.51178348e-04
09.21     2.20615194e-03     1.50562706e-04
09.22     2.20723404e-03     1.51733993e-04
09.23     2.20725940e-03     1.54036713e-04
09.24     2.20616460e-03     1.56584695e-04
09.25     2.20429931e-03     1.58638760e-04
09.26     2.20229663e-03     1.59955985e-04
09.27     2.20075736e-03     1.60901602e-04
09.28     2.19992481e-03     1.62259993e-04
09.29     2.19963929e-03     1.64869132e-04
09.30     2.19934793e-03     1.69294026e-04
09.31     2.19837460e-03     1.75686844e-04
09.32     2.19604393e-03     1.83867657e-04
09.33     2.19177419e-03     1.93464874e-04
09.34     2.18506662e-03     2.03992384e-04
09.35     2.17545453e-03     2.14781583e-04
09.36     2.16266673e-03     2.24864520e-04
09.37     2.14670634e-03     2.32940445e-04
09.38     2.12811172e-03     2.37544591e-04
09.39     2.10799426e-03     2.37400512e-04
09.40     2.08797581e-03     2.31818801e-04
09.41     2.06983707e-03     2.20985524e-04
09.42     2.05523250e-03     2.06030554e-04
09.43     2.04521679e-03     1.88863784e-04
09.44     2.04006099e-03     1.71812076e-04
09.45     2.03908281e-03     1.57133315e-04
09.46     2.04084096e-03     1.46496417e-04
09.47     2.04336845e-03     1.40550473e-04
09.48     2.04473961e-03     1.38746924e-04
09.49     2.04352265e-03     1.39487746e-04
09.50     2.03915687e-03     1.40595601e-04
09.51     2.03206519e-03     1.39959746e-04
09.52     2.02344666e-03     1.36117227e-04
09.53     2.01487731e-03     1.28597940e-04
09.54     2.00780566e-03     1.17926288e-04
09.55     2.00324024e-03     1.05314043e-04
09.56     2.00151373e-03     9.22067893e-05
09.57     2.00242807e-03     7.98548963e-05
09.58     2.00540780e-03     6.90647080e-05
09.59     2.00976090e-03     6.01728476e-05
09.60     2.01488760e-03     5.31767445e-05
09.61     2.02031347e-03     4.79005366e-05
09.62     2.02569483e-03     4.40961388e-05
09.63     2.03080801e-03     4.14690584e-05
09.64     2.03555241e-03     3.96881175e-05
09.65     2.03998312e-03     3.84456589e-05
09.66     2.04425858e-03     3.75713388e-05
09.67     2.04856007e-03     3.71239848e-05
09.68     2.05297081e-03     3.73756818e-05
09.69     2.05736310e-03     3.86618515e-05
09.70     2.06143330e-03     4.11705158e-05
09.71     2.06480654e-03     4.48004029e-05
09.72     2.06724485e-03     4.91873823e-05
09.73     2.06870621e-03     5.38936096e-05
09.74     2.06931913e-03     5.86390846e-05
09.75     2.06926027e-03     6.34079824e-05
09.76     2.06854018e-03     6.83436982e-05
09.77     2.06704363e-03     7.35059508e-05
09.78     2.06459190e-03     7.86838732e-05
09.79     2.06118113e-03     8.34300503e-05
09.80     2.05706241e-03     8.73077166e-05
09.81     2.05264228e-03     9.01706955e-05
09.82     2.04832522e-03     9.22642309e-05
09.83     2.04426221e-03     9.40788047e-05
09.84     2.04032436e-03     9.60666474e-05
09.85     2.03620791e-03     9.84163500e-05
09.86     2.03158051e-03     1.00993547e-04
09.87     2.02628161e-03     1.03448580e-04
09.88     2.02030901e-03     1.05381371e-04
09.89     2.01384774e-03     1.06474422e-04
09.90     2.00716761e-03     1.06562362e-04
09.91     2.00057133e-03     1.05653147e-04
09.92     1.99431973e-03     1.03910064e-04
09.93     1.98855642e-03     1.01590190e-04
09.94     1.98329445e-03     9.89614333e-05
09.95     1.97847289e-03     9.62052251e-05
09.96     1.97398675e-03     9.33785984e-05
09.97     1.96978210e-03     9.04505454e-05
09.98     1.96584761e-03     8.73911518e-05
09.99     1.96221848e-03     8.42379605e-05
10.00     1.95884591e-03     8.10807198e-05
10.01     1.95567891e-03     7.79746625e-05
10.02     1.95263178e-03     7.48609315e-05
10.03     1.94967132e-03     7.15739615e-05
10.04     1.94691222e-03     6.79463062e-05
10.05     1.94455321e-03     6.39389257e-05
10.06     1.94275877e-03     5.97026018e-05
10.07     1.94162759e-03     5.55234286e-05
10.08     1.94108597e-03     5.16898937e-05
10.09     1.94096726e-03     4.83652849e-05
10.10     1.94106198e-03     4.55384990e-05
10.11     1.94128539e-03     4.30752412e-05
10.12     1.94163200e-03     4.08313875e-05
10.13     1.94217411e-03     3.87640637e-05
10.14     1.94300549e-03     3.69803656e-05
10.15     1.94412691e-03     3.57010993e-05
10.16     1.94540149e-03     3.51608653e-05
10.17     1.94660500e-03     3.54975774e-05
10.18     1.94743256e-03     3.66848830e-05
10.19     1.94764114e-03     3.85297489e-05
10.20     1.94706775e-03     4.07231809e-05
10.21     1.94569156e-03     4.29122576e-05
10.22     1.94360862e-03     4.47681699e-05
10.23     1.94102498e-03     4.60428839e-05
10.24     1.93821166e-03     4.66182747e-05
10.25     1.93546692e-03     4.65413140e-05
10.26     1.93301490e-03     4.60272323e-05
10.27     1.93094567e-03     4.54074222e-05
10.28     1.92919098e-03     4.50207608e-05
10.29     1.92753031e-03     4.50817681e-05
10.30     1.92568020e-03     4.55859944e-05
10.31     1.92342389e-03     4.63066888e-05
10.32     1.92069938e-03     4.68926589e-05
10.33     1.91764054e-03     4.70224976e-05
10.34     1.91449178e-03     4.65376504e-05
10.35     1.91152216e-03     4.54935591e-05
10.36     1.90892203e-03     4.41181789e-05
10.37     1.90674592e-03     4.27083858e-05
10.38     1.90490501e-03     4.15197128e-05
10.39     1.90323853e-03     4.06911513e-05
10.40     1.90156727e-03     4.02257300e-05
10.41     1.89974301e-03     4.00232906e-05
10.42     1.89769756e-03     3.99408205e-05
10.43     1.89541822e-03     3.98517405e-05
10.44     1.89293689e-03     3.96753014e-05
10.45     1.89027635e-03     3.93656499e-05
10.46     1.88745206e-03     3.88760641e-05
10.47     1.88449316e-03     3.81284277e-05
10.48     1.88146406e-03     3.70166999e-05
10.49     1.87849566e-03     3.54483978e-05
10.50     1.87575150e-03     3.34023118e-05
10.51     1.87342759e-03     3.09685182e-05
10.52     1.87166046e-03     2.83495232e-05
10.53     1.87049376e-03     2.58241094e-05
10.54     1.86987345e-03     2.36923677e-05
10.55     1.86961972e-03     2.22131674e-05
10.56     1.86946211e-03     2.15438179e-05
10.57     1.86908807e-03     2.16881919e-05
10.58     1.86820815e-03     2.24738599e-05
10.59     1.86662359e-03     2.35803393e-05
10.60     1.86428411e-03     2.46204440e-05
10.61     1.86129153e-03     2.52468559e-05
10.62     1.85784807e-03     2.52324000e-05
10.63     1.85419059e-03     2.44886425e-05
10.64     1.85052005e-03     2.30262333e-05
10.65     1.84701310e-03     2.08975876e-05
10.66     1.84380868e-03     1.81644755e-05
10.67     1.84105982e-03     1.49047713e-05
10.68     1.83888542e-03     1.12377847e-05
10.69     1.83739036e-03     7.33756221e-06
10.70     1.83661799e-03     3.41828492e-06
10.71     1.83656750e-03    -2.98245341e-07
10.72     1.83714666e-03    -3.61331372e-06
10.73     1.83825989e-03    -6.36735043e-06
10.74     1.83974675e-03    -8.44205686e-06
10.75     1.84146283e-03    -9.75592184e-06
10.76     1.84321762e-03    -1.02613627e-05
10.77     1.84482428e-03    -9.94892376e-06
10.78     1.84607537e-03    -8.86305111e-06
10.79     1.84677264e-03    -7.12311626e-06
10.80     1.84674799e-03    -4.93796272e-06
10.81     1.84591208e-03    -2.59442903e-06
10.82     1.84426991e-03    -4.13761904e-07
10.83     1.84191939e-03     1.31002585e-06
10.84     1.83907875e-03     2.36169002e-06
10.85     1.83596765e-03     2.62599501e-06
10.86     1.83285081e-03     2.08153467e-06
10.87     1.82995048e-03     7.88207981e-07
10.88     1.82749618e-03    -1.11442528e-06
10.89     1.82565299e-03    -3.40176788e-06
10.90     1.82448618e-03    -5.77429273e-06
10.91     1.82396094e-03    -7.90325760e-06
10.92     1.82391069e-03    -9.50926434e-06
10.93     1.82408180e-03    -1.04438285e-05
10.94     1.82421433e-03    -1.07291271e-05
10.95     1.82410048e-03    -1.05313960e-05
10.96     1.82363888e-03    -1.00792261e-05
10.97     1.82282743e-03    -9.57327672e-06
10.98     1.82173666e-03    -9.13542687e-06
10.99     1.82042301e-03    -8.81430768e-06
11.00     1.81894010e-03    -8.62498274e-06
11.01     1.81731311e-03    -8.58333175e-06
11.02     1.81557602e-03    -8.71472151e-06
11.03     1.81374428e-03    -9.04730338e-06
11.04     1.81186026e-03    -9.61079454e-06
11.05     1.80994370e-03    -1.04486917e-05
11.06     1.80805603e-03    -1.16306938e-05
11.07     1.80630566e-03    -1.32395758e-05
11.08     1.80485266e-03    -1.53239954e-05
11.09     1.80388885e-03    -1.78341983e-05
11.10     1.80362405e-03    -2.05809042e-05
11.11     1.80413382e-03    -2.32532788e-05
11.12     1.80541254e-03    -2.54946191e-05
11.13     1.80728474e-03    -2.69954302e-05
11.14     1.80952067e-03    -2.75552404e-05
11.15     1.81184065e-03    -2.70909544e-05
11.16     1.81395097e-03    -2.56166764e-05
11.17     1.81558292e-03    -2.32341278e-05
11.18     1.81650557e-03    -2.01437648e-05
11.19     1.81655187e-03    -1.66519743e-05
11.20     1.81567557e-03    -1.31373985e-05
11.21     1.81398622e-03    -9.96983784e-06
11.22     1.81171180e-03    -7.41466365e-06
11.23     1.80913091e-03    -5.56787278e-06
11.24     1.80650507e-03    -4.34946960e-06
11.25     1.80402512e-03    -3.55156695e-06
11.26     1.80172530e-03    -2.92023990e-06
11.27     1.79954025e-03    -2.24524542e-06
11.28     1.79732655e-03    -1.43471196e-06
11.29     1.79492820e-03    -5.49124179e-07
11.30     1.79225031e-03     2.25417505e-07
11.31     1.78932874e-03     6.63010461e-07
11.32     1.78629678e-03     6.06296008e-07
11.33     1.78335491e-03     3.93372160e-08
11.34     1.78061813e-03    -9.19080591e-07
11.35     1.77815627e-03    -2.09840370e-06
11.36     1.77591405e-03    -3.38373345e-06
11.37     1.77385421e-03    -4.78114388e-06
11.38     1.77195280e-03    -6.40266321e-06
11.39     1.77031180e-03    -8.38099745e-06
11.40     1.76913431e-03    -1.07596636e-05
11.41     1.76865494e-03    -1.34117937e-05
11.42     1.76902841e-03    -1.60240471e-05
11.43     1.77028590e-03    -1.81570956e-05
11.44     1.77226198e-03    -1.93632103e-05
11.45     1.77461569e-03    -1.93182187e-05
11.46     1.77691724e-03    -1.79138090e-05
11.47     1.77876333e-03    -1.52717069e-05
11.48     1.77983614e-03    -1.16788032e-05
11.49     1.77995737e-03    -7.48173526e-06
11.50     1.77907498e-03    -2.99571072e-06
11.51     1.77717841e-03     1.53337142e-06
11.52     1.77429819e-03     5.90878839e-06
11.53     1.77043693e-03     9.92968189e-06
11.54     1.76565026e-03     1.33432466e-05
11.55     1.76004971e-03     1.58361388e-05
11.56     1.75387022e-03     1.70793624e-05
11.57     1.74748619e-03     1.68169201e-05
11.58     1.74135331e-03     1.49638306e-05
11.59     1.73595849e-03     1.16713282e-05
11.60     1.73171908e-03     7.33012726e-06
11.61     1.72885883e-03     2.50639284e-06
11.62     1.72739054e-03    -2.16905426e-06
11.63     1.72711625e-03    -6.12747998e-06
11.64     1.72763835e-03    -8.97058950e-06
11.65     1.72849691e-03    -1.05334979e-05
11.66     1.72921155e-03    -1.08908823e-05
11.67     1.72940139e-03    -1.03150449e-05
11.68     1.72883045e-03    -9.20806710e-06
11.69     1.72740678e-03    -8.02807845e-06
11.70     1.72522056e-03    -7.21810398e-06
11.71     1.72250514e-03    -7.13674555e-06
11.72     1.71959597e-03    -7.99396104e-06
11.73     1.71688088e-03    -9.80535738e-06
11.74     1.71469998e-03    -1.23838529e-05
11.75     1.71328175e-03    -1.53832270e-05
11.76     1.71269284e-03    -1.83895459e-05
11.77     1.71282881e-03    -2.10340800e-05
11.78     1.71347838e-03    -2.30859339e-05
11.79     1.71441595e-03    -2.44832949e-05
11.80     1.71543841e-03    -2.52933447e-05
11.81     1.71643703e-03    -2.56283443e-05
11.82     1.71736644e-03    -2.55692112e-05
11.83     1.71818563e-03    -2.51375455e-05
11.84     1.71885824e-03    -2.43223316e-05
11.85     1.71928484e-03    -2.31324472e-05
11.86     1.71938110e-03    -2.16338784e-05
11.87     1.71907647e-03    -1.99512949e-05
11.88     1.71836446e-03    -1.82371341e-05
11.89     1.71728715e-03    -1.66328089e-05
11.90     1.71591469e-03    -1.52394597e-05
11.91     1.71436456e-03    -1.41042969e-05
11.92     1.71273663e-03    -1.32165432e-05
11.93     1.71112312e-03    -1.25104670e-05
11.94     1.70955351e-03    -1.18784274e-05
11.95     1.70802044e-03    -1.11995422e-05
11.96     1.70642865e-03    -1.03816113e-05
11.97     1.70467822e-03    -9.40307294e-06
11.98     1.70263771e-03    -8.33700616e-06
11.99     1.70022570e-03    -7.34584559e-06
12.00     1.69746213e-03    -6.64548359e-06
12.01     1.69442167e-03    -6.44865726e-06
12.02     1.69130041e-03    -6.90337196e-06
12.03     1.68832414e-03    -8.04395532e-06
12.04     1.68572425e-03    -9.77036288e-06
12.05     1.68367041e-03    -1.18637708e-05
12.06     1.68222169e-03    -1.40381409e-05
12.07     1.68132177e-03    -1.60148981e-05
12.08     1.68080346e-03    -1.75957111e-05
12.09     1.68048999e-03    -1.87115222e-05
12.10     1.68016657e-03    -1.94264215e-05
12.11     1.67974814e-03    -1.98985284e-05
12.12     1.67919850e-03    -2.03080075e-05
12.13     1.67859746e-03    -2.07817370e-05
12.14     1.67805730e-03    -2.13424731e-05
12.15     1.67764879e-03    -2.19044288e-05
12.16     1.67740204e-03    -2.23193107e-05
12.17     1.67722964e-03    -2.24517078e-05
12.18     1.67700046e-03    -2.22512116e-05
12.19     1.67657179e-03    -2.17867543e-05
12.20     1.67586444e-03    -2.12297035e-05
12.21     1.67488552e-03    -2.07940386e-05
12.22     1.67374000e-03    -2.06605874e-05
12.23     1.67261849e-03    -2.09114318e-05
12.24     1.67171509e-03    -2.14943337e-05
12.25     1.67117600e-03    -2.22238780e-05
12.26     1.67105678e-03    -2.28235027e-05
12.27     1.67126334e-03    -2.30023883e-05
12.28     1.67158022e-03    -2.25570556e-05
12.29     1.67173217e-03    -2.14610623e-05
12.30     1.67145578e-03    -1.98971763e-05
12.31     1.67063231e-03    -1.81969959e-05
12.32     1.66932104e-03    -1.67052044e-05
12.33     1.66770386e-03    -1.56360464e-05
12.34     1.66599885e-03    -1.50051490e-05
12.35     1.66436966e-03    -1.46720159e-05
12.36     1.66286706e-03    -1.44552889e-05
12.37     1.66144865e-03    -1.42389293e-05
12.38     1.66004955e-03    -1.40109226e-05
12.39     1.65863332e-03    -1.38300178e-05
12.40     1.65720771e-03    -1.37631238e-05
12.41     1.65583270e-03    -1.38378748e-05
12.42     1.65457545e-03    -1.40320145e-05
12.43     1.65346415e-03    -1.42886551e-05
12.44     1.65251529e-03    -1.45389986e-05
12.45     1.65172731e-03    -1.47186697e-05
12.46     1.65107437e-03    -1.47735398e-05
12.47     1.65051775e-03    -1.46599786e-05
12.48     1.65001587e-03    -1.43452451e-05
12.49     1.64950281e-03    -1.38100461e-05
12.50     1.64894719e-03    -1.30529973e-05
12.51     1.64826540e-03    -1.20936440e-05
12.52     1.64743018e-03    -1.09693986e-05
12.53     1.64639466e-03    -9.72825881e-06
12.54     1.64513696e-03    -8.42003535e-06
12.55     1.64365300e-03    -7.09339815e-06
12.56     1.64193058e-03    -5.80001137e-06
12.57     1.63996782e-03    -4.60132175e-06
12.58     1.63779203e-03    -3.56925224e-06
12.59     1.63543635e-03    -2.77512905e-06
12.60     1.63298502e-03    -2.26980854e-06
12.61     1.63052053e-03    -2.06509617e-06
12.62     1.62811678e-03    -2.12682918e-06
12.63     1.62582677e-03    -2.38427986e-06
12.64     1.62366320e-03    -2.75264741e-06
12.65     1.62161249e-03    -3.16129239e-06
12.66     1.61961629e-03    -3.57878344e-06
12.67     1.61764867e-03    -4.02577827e-06
12.68     1.61566448e-03    -4.56746440e-06
12.69     1.61370934e-03    -5.28341995e-06
12.70     1.61184381e-03    -6.22512304e-06
12.71     1.61015751e-03    -7.38188110e-06
12.72     1.60873601e-03    -8.67545476e-06
12.73     1.60761049e-03    -9.98655361e-06
12.74     1.60675801e-03    -1.11982344e-05
12.75     1.60613081e-03    -1.22291257e-05
12.76     1.60566229e-03    -1.30417231e-05
12.77     1.60529250e-03    -1.36275175e-05
12.78     1.60497981e-03    -1.39864200e-05
12.79     1.60465296e-03    -1.41172911e-05
12.80     1.60428051e-03    -1.40254539e-05
12.81     1.60379664e-03    -1.37378806e-05
12.82     1.60316653e-03    -1.33099525e-05
12.83     1.60236535e-03    -1.28169933e-05
12.84     1.60139635e-03    -1.23330293e-05
12.85     1.60029332e-03    -1.19105163e-05
12.86     1.59909912e-03    -1.15720145e-05
12.87     1.59785341e-03    -1.13160628e-05
12.88     1.59657028e-03    -1.11303986e-05
12.89     1.59526970e-03    -1.10045538e-05
12.90     1.59394751e-03    -1.09359067e-05
12.91     1.59261890e-03    -1.09291840e-05
12.92     1.59129634e-03    -1.09920703e-05
12.93     1.58998252e-03    -1.11298818e-05
12.94     1.58871711e-03    -1.13412839e-05
12.95     1.58750961e-03    -1.16153385e-05
12.96     1.58638301e-03    -1.19301033e-05
12.97     1.58535120e-03    -1.22531716e-05
12.98     1.58441184e-03    -1.25450503e-05
12.99     1.58354625e-03    -1.27659415e-05
13.00     1.58273057e-03    -1.28850886e-05
13.01     1.58192083e-03    -1.28899665e-05
13.02     1.58107996e-03    -1.27917805e-05
13.03     1.58017483e-03    -1.26238887e-05
13.04     1.57919393e-03    -1.24318794e-05
13.05     1.57813503e-03    -1.22592484e-05
13.06     1.57702959e-03    -1.21343825e-05
13.07     1.57590469e-03    -1.20670745e-05
13.08     1.57476857e-03    -1.20548818e-05
13.09     1.57364866e-03    -1.20935680e-05
13.10     1.57255338e-03    -1.21817362e-05
13.11     1.57150464e-03    -1.23147929e-05
13.12     1.57053420e-03    -1.24734259e-05
13.13     1.56964278e-03    -1.26178965e-05
13.14     1.56882433e-03    -1.26965444e-05
13.15     1.56805091e-03    -1.26656716e-05
13.16     1.56727534e-03    -1.25092906e-05
13.17     1.56645228e-03    -1.22466354e-05
13.18     1.56555354e-03    -1.19220956e-05
13.19     1.56457695e-03    -1.15836017e-05
13.20     1.56352831e-03    -1.12623402e-05
13.21     1.56243874e-03    -1.09651872e-05
13.22     1.56131233e-03    -1.06832174e-05
13.23     1.56015682e-03    -1.04095509e-05
13.24     1.55895675e-03    -1.01530708e-05
13.25     1.55770818e-03    -9.93785583e-06
13.26     1.55644951e-03    -9.78751693e-06
13.27     1.55519116e-03    -9.70584727e-06
13.28     1.55396898e-03    -9.66847724e-06
13.29     1.55279016e-03    -9.63291177e-06
13.30     1.55162893e-03    -9.56078474e-06
13.31     1.55046435e-03    -9.43794595e-06
13.32     1.54924451e-03    -9.28053284e-06
13.33     1.54797475e-03    -9.12610544e-06
13.34     1.54663964e-03    -9.01786119e-06
13.35     1.54526953e-03    -8.99132485e-06
13.36     1.54388826e-03    -9.06712417e-06
13.37     1.54252942e-03    -9.24814011e-06
13.38     1.54122695e-03    -9.51870538e-06
13.39     1.54000869e-03    -9.84632784e-06
13.40     1.53888969e-03    -1.01879975e-05
13.41     1.53785124e-03    -1.05014242e-05
13.42     1.53686971e-03    -1.07575432e-05
13.43     1.53592187e-03    -1.09490654e-05
13.44     1.53496612e-03    -1.10918423e-05
13.45     1.53400135e-03    -1.12172210e-05
13.46     1.53303486e-03    -1.13589567e-05
13.47     1.53207913e-03    -1.15375478e-05
13.48     1.53117725e-03    -1.17485630e-05
13.49     1.53034150e-03    -1.19597386e-05
13.50     1.52957863e-03    -1.21213042e-05
13.51     1.52886539e-03    -1.21862931e-05
13.52     1.52816754e-03    -1.21320340e-05
13.53     1.52742959e-03    -1.19714602e-05
13.54     1.52662233e-03    -1.17463297e-05
13.55     1.52574735e-03    -1.15058948e-05
13.56     1.52482603e-03    -1.12829228e-05
13.57     1.52386529e-03    -1.10818385e-05
13.58     1.52290164e-03    -1.08853952e-05
13.59     1.52191165e-03    -1.06743439e-05
13.60     1.52088755e-03    -1.04461511e-05
13.61     1.51982077e-03    -1.02206490e-05
13.62     1.51870757e-03    -1.00297390e-05
13.63     1.51756992e-03    -9.89886675e-06
13.64     1.51644532e-03    -9.83198768e-06
13.65     1.51535150e-03    -9.80838311e-06
13.66     1.51429494e-03    -9.79213904e-06
13.67     1.51327150e-03    -9.74843731e-06
13.68     1.51225597e-03    -9.65845357e-06
13.69     1.51122247e-03    -9.52607778e-06
13.70     1.51016071e-03    -9.37374244e-06
13.71     1.50905273e-03    -9.23008543e-06
13.72     1.50791994e-03    -9.11588120e-06
13.73     1.50677966e-03    -9.03563974e-06
13.74     1.50563630e-03    -8.97867547e-06
13.75     1.50449075e-03    -8.92834821e-06
13.76     1.50333763e-03    -8.87401317e-06
13.77     1.50215216e-03    -8.81947377e-06
13.78     1.50094031e-03    -8.78458817e-06
13.79     1.49969387e-03    -8.79975470e-06
13.80     1.49841976e-03    -8.89598787e-06
13.81     1.49715682e-03    -9.09430636e-06
13.82     1.49594264e-03    -9.39791965e-06
13.83     1.49480728e-03    -9.78953380e-06
13.84     1.49377615e-03    -1.02345007e-05
13.85     1.49286563e-03    -1.06884356e-05
13.86     1.49207333e-03    -1.11068080e-05
13.87     1.49137553e-03    -1.14534050e-05
13.88     1.49074449e-03    -1.17057759e-05
13.89     1.49015502e-03    -1.18558360e-05
13.90     1.48957880e-03    -1.19075631e-05
13.91     1.48900512e-03    -1.18709390e-05
13.92     1.48841228e-03    -1.17560141e-05
13.93     1.48779138e-03    -1.15688810e-05
13.94     1.48713524e-03    -1.13121937e-05
13.95     1.48642690e-03    -1.09901922e-05
13.96     1.48566098e-03    -1.06137136e-05
13.97     1.48481752e-03    -1.02019386e-05
13.98     1.48389259e-03    -9.77838299e-06
13.99     1.48289402e-03    -9.36484439e-06
14.00     1.48181650e-03    -8.97791414e-06
14.01     1.48068463e-03    -8.63028509e-06
14.02     1.47949185e-03    -8.33405493e-06
14.03     1.47825574e-03    -8.10214470e-06
14.04     1.47699696e-03    -7.94609167e-06
14.05     1.47571519e-03    -7.87255977e-06
14.06     1.47444790e-03    -7.88152603e-06
14.07     1.47320165e-03    -7.96718562e-06
14.08     1.47200427e-03    -8.11981088e-06
14.09     1.47085042e-03    -8.32702215e-06
14.10     1.46976273e-03    -8.57381711e-06
14.11     1.46874343e-03    -8.84340879e-06
14.12     1.46778487e-03    -9.11995388e-06
14.13     1.46689675e-03    -9.39250983e-06
14.14     1.46606248e-03    -9.65695533e-06
14.15     1.46529771e-03    -9.91214209e-06
14.16     1.46460822e-03    -1.01502304e-05
14.17     1.46400193e-03    -1.03462696e-05
14.18     1.46348845e-03    -1.04556410e-05
14.19     1.46302471e-03    -1.04255813e-05
14.20     1.46258105e-03    -1.02177060e-05
14.21     1.46207728e-03    -9.82971696e-06
14.22     1.46146218e-03    -9.30254608e-06
14.23     1.46070725e-03    -8.70760268e-06
14.24     1.45980687e-03    -8.12094128e-06
14.25     1.45878449e-03    -7.59810387e-06
14.26     1.45771005e-03    -7.16064552e-06
14.27     1.45659100e-03    -6.79764885e-06
14.28     1.45546675e-03    -6.47820745e-06
14.29     1.45434257e-03    -6.16911255e-06
14.30     1.45318699e-03    -5.85131252e-06
14.31     1.45198075e-03    -5.53003996e-06
14.32     1.45070921e-03    -5.23445284e-06
14.33     1.44938134e-03    -5.00677049e-06
14.34     1.44800838e-03    -4.88529323e-06
14.35     1.44662287e-03    -4.88955493e-06
14.36     1.44528602e-03    -5.01428744e-06
14.37     1.44401029e-03    -5.23373688e-06
14.38     1.44282277e-03    -5.51194674e-06
14.39     1.44173550e-03    -5.81252807e-06
14.40     1.44074046e-03    -6.10347326e-06
14.41     1.43982243e-03    -6.35757953e-06
14.42     1.43897568e-03    -6.55187631e-06
14.43     1.43816242e-03    -6.66917015e-06
14.44     1.43736968e-03    -6.70173035e-06
14.45     1.43655677e-03    -6.65435140e-06
14.46     1.43570778e-03    -6.54426691e-06
14.47     1.43479833e-03    -6.39732662e-06
14.48     1.43383869e-03    -6.24237326e-06
14.49     1.43281930e-03    -6.10630516e-06
14.50     1.43175934e-03    -6.01064645e-06
14.51     1.43067809e-03    -5.96915163e-06
14.52     1.42959320e-03    -5.98571902e-06
14.53     1.42851823e-03    -6.05337526e-06
14.54     1.42748219e-03    -6.15603990e-06
14.55     1.42647403e-03    -6.27361941e-06
14.56     1.42549510e-03    -6.38909192e-06
14.57     1.42452672e-03    -6.49455388e-06
14.58     1.42357536e-03    -6.59318075e-06
14.59     1.42261895e-03    -6.69669441e-06
14.60     1.42166639e-03    -6.81970599e-06
14.61     1.42072893e-03    -6.97351712e-06
14.62     1.41981247e-03    -7.16157315e-06
14.63     1.41894915e-03    -7.37766457e-06
14.64     1.41813166e-03    -7.60671436e-06
14.65     1.41738626e-03    -7.82719136e-06
14.66     1.41669904e-03    -8.01418895e-06
14.67     1.41606747e-03    -8.14244475e-06
14.68     1.41547479e-03    -8.19019084e-06
14.69     1.41487987e-03    -8.14436401e-06
14.70     1.41426875e-03    -8.00668165e-06
14.71     1.41360914e-03    -7.79702137e-06
14.72     1.41287763e-03    -7.54990019e-06
14.73     1.41208373e-03    -7.30294924e-06
14.74     1.41124852e-03    -7.08247423e-06
14.75     1.41038947e-03    -6.89472199e-06
14.76     1.40950546e-03    -6.72875629e-06
14.77     1.40862528e-03    -6.56886595e-06
14.78     1.40773462e-03    -6.40775585e-06
14.79     1.40681936e-03    -6.25177963e-06
14.80     1.40589580e-03    -6.11583220e-06
14.81     1.40495335e-03    -6.01239283e-06
14.82     1.40402891e-03    -5.94230285e-06
14.83     1.40312943e-03    -5.89210863e-06
14.84     1.40225168e-03    -5.83870962e-06
14.85     1.40139351e-03    -5.75845039e-06
14.86     1.40054771e-03    -5.63670608e-06
14.87     1.39967650e-03    -5.47444560e-06
14.88     1.39876792e-03    -5.28943553e-06
14.89     1.39781112e-03    -5.11118263e-06
14.90     1.39682164e-03    -4.97088787e-06
14.91     1.39580597e-03    -4.88960024e-06
14.92     1.39480854e-03    -4.86912043e-06
14.93     1.39384514e-03    -4.89016250e-06
14.94     1.39292077e-03    -4.92000283e-06
14.95     1.39203653e-03    -4.92759093e-06
14.96     1.39116021e-03    -4.89898673e-06
14.97     1.39027509e-03    -4.84435408e-06
14.98     1.38936930e-03    -4.79133552e-06
14.99     1.38845467e-03    -4.76769455e-06
15.00     1.38754903e-03    -4.78407368e-06
15.01     1.38667662e-03    -4.82732439e-06
15.02     1.38585210e-03    -4.86837705e-06
15.03     1.38506069e-03    -4.87822087e-06
15.04     1.38429016e-03    -4.84141247e-06
15.05     1.38351586e-03    -4.75992565e-06
15.06     1.38272638e-03    -4.64775864e-06
15.07     1.38192399e-03    -4.52184766e-06
15.08     1.38109794e-03    -4.39465323e-06
15.09     1.38027186e-03    -4.27014337e-06
15.10     1.37945206e-03    -4.14271454e-06
15.11     1.37863585e-03    -3.99856418e-06
15.12     1.37782639e-03    -3.82016253e-06
15.13     1.37699142e-03    -3.59378577e-06
15.14     1.37612390e-03    -3.31781447e-06
15.15     1.37519561e-03    -3.00791138e-06
15.16     1.37418255e-03    -2.69623691e-06
15.17     1.37309289e-03    -2.42437708e-06
15.18     1.37193900e-03    -2.23268125e-06
15.19     1.37076043e-03    -2.14942174e-06
15.20     1.36958629e-03    -2.18319351e-06
15.21     1.36846457e-03    -2.32017308e-06
15.22     1.36742769e-03    -2.52677588e-06
15.23     1.36649349e-03    -2.75655972e-06
15.24     1.36564233e-03    -2.95989125e-06
15.25     1.36486150e-03    -3.09441357e-06
15.26     1.36412265e-03    -3.13449279e-06
15.27     1.36337860e-03    -3.07718390e-06
15.28     1.36258760e-03    -2.94263449e-06
15.29     1.36173039e-03    -2.76813262e-06
15.30     1.36080600e-03    -2.59776353e-06
15.31     1.35981332e-03    -2.47169349e-06
15.32     1.35878345e-03    -2.41888030e-06
15.33     1.35774445e-03    -2.45422751e-06
15.34     1.35672596e-03    -2.57857151e-06
15.35     1.35576245e-03    -2.77919091e-06
15.36     1.35488472e-03    -3.02983448e-06
15.37     1.35409350e-03    -3.29219180e-06
15.38     1.35340645e-03    -3.52118238e-06
15.39     1.35278913e-03    -3.67476487e-06
15.40     1.35221821e-03    -3.72537746e-06
15.41     1.35164997e-03    -3.66770427e-06
15.42     1.35105266e-03    -3.51833132e-06
15.43     1.35041311e-03    -3.30721971e-06
15.44     1.34972053e-03    -3.06527191e-06
15.45     1.34897340e-03    -2.81404998e-06
15.46     1.34818967e-03    -2.56226389e-06
15.47     1.34736949e-03    -2.30945997e-06
15.48     1.34651311e-03    -2.05401247e-06
15.49     1.34562537e-03    -1.80015594e-06
15.50     1.34468827e-03    -1.56028824e-06
15.51     1.34372341e-03    -1.35137758e-06
15.52     1.34273329e-03    -1.18811492e-06
15.53     1.34173016e-03    -1.07663595e-06
15.54     1.34074728e-03    -1.01209474e-06
15.55     1.33978265e-03    -9.80511728e-07
15.56     1.33884985e-03    -9.63397918e-07
15.57     1.33794151e-03    -9.42765580e-07
15.58     1.33705632e-03    -9.05061269e-07
15.59     1.33617388e-03    -8.43475586e-07
15.60     1.33528508e-03    -7.58933560e-07
15.61     1.33437730e-03    -6.59860664e-07
15.62     1.33345339e-03    -5.60569682e-07
15.63     1.33250938e-03    -4.77822389e-07
15.64     1.33154689e-03    -4.25894609e-07
15.65     1.33059074e-03    -4.11274549e-07
15.66     1.32964979e-03    -4.29003695e-07
15.67     1.32873830e-03    -4.62665793e-07
15.68     1.32786536e-03    -4.88894647e-07
15.69     1.32701453e-03    -4.85621789e-07
15.70     1.32615516e-03    -4.41151453e-07
15.71     1.32528559e-03    -3.60134702e-07
15.72     1.32438955e-03    -2.63121230e-07
15.73     1.32344462e-03    -1.79001762e-07
15.74     1.32247097e-03    -1.33656205e-07
15.75     1.32149550e-03    -1.40004673e-07
15.76     1.32053778e-03    -1.94273999e-07
15.77     1.31960847e-03    -2.79500287e-07
15.78     1.31871194e-03    -3.73560458e-07
15.79     1.31784666e-03    -4.57260865e-07
15.80     1.31700220e-03    -5.19134096e-07
15.81     1.31617656e-03    -5.56352878e-07
15.82     1.31534180e-03    -5.73098900e-07
15.83     1.31449393e-03    -5.78050528e-07
15.84     1.31363604e-03    -5.81705744e-07
15.85     1.31277979e-03    -5.93720978e-07
15.86     1.31191059e-03    -6.20605437e-07
15.87     1.31104198e-03    -6.64481621e-07
15.88     1.31019447e-03    -7.23268549e-07
15.89     1.30935719e-03    -7.91902995e-07
15.90     1.30853376e-03    -8.63671004e-07
15.91     1.30774327e-03    -9.31065172e-07
15.92     1.30695909e-03    -9.86412133e-07
15.93     1.30618668e-03    -1.02293850e-06
15.94     1.30542465e-03    -1.03657410e-06
15.95     1.30464947e-03    -1.02789923e-06
15.96     1.30387345e-03    -1.00295185e-06
15.97     1.30307615e-03    -9.71985031e-07
15.98     1.30226825e-03    -9.46138020e-07
15.99     1.30145310e-03    -9.33453264e-07
16.00     1.30064374e-03    -9.36128108e-07
16.01     1.29983819e-03    -9.50171663e-07
16.02     1.29905066e-03    -9.67166944e-07
16.03     1.29828124e-03    -9.76730811e-07
16.04     1.29751895e-03    -9.68436441e-07
16.05     1.29676361e-03    -9.33335457e-07
16.06     1.29600141e-03    -8.65870811e-07
16.07     1.29521844e-03    -7.66853005e-07
16.08     1.29441238e-03    -6.46075503e-07
16.09     1.29355269e-03    -5.22298996e-07
16.10     1.29266139e-03    -4.18908388e-07
16.11     1.29173623e-03    -3.56301818e-07
16.12     1.29080419e-03    -3.44705912e-07
16.13     1.28988536e-03    -3.81354492e-07
16.14     1.28897670e-03    -4.53444406e-07
16.15     1.28810780e-03    -5.44721273e-07
16.16     1.28725216e-03    -6.41690144e-07
16.17     1.28642839e-03    -7.36511358e-07
16.18     1.28561870e-03    -8.26304199e-07
16.19     1.28482355e-03    -9.10680515e-07
16.20     1.28403911e-03    -9.89623737e-07
16.21     1.28327576e-03    -1.06272500e-06
16.22     1.28250692e-03    -1.12939054e-06
16.23     1.28175396e-03    -1.18937989e-06
16.24     1.28101155e-03    -1.24282040e-06
16.25     1.28027320e-03    -1.28973982e-06
16.26     1.27953702e-03    -1.32932311e-06
16.27     1.27881361e-03    -1.35950578e-06
16.28     1.27809920e-03    -1.37710564e-06
16.29     1.27737868e-03    -1.37889461e-06
16.30     1.27666254e-03    -1.36293871e-06
16.31     1.27594342e-03    -1.32972546e-06
16.32     1.27520333e-03    -1.28243244e-06
16.33     1.27446267e-03    -1.22610087e-06
16.34     1.27369831e-03    -1.16629083e-06
16.35     1.27291703e-03    -1.10794499e-06
16.36     1.27212993e-03    -1.05509464e-06
16.37     1.27132185e-03    -1.01119123e-06
16.38     1.27051512e-03    -9.79448192e-07
16.39     1.26970377e-03    -9.62314261e-07
16.40     1.26888685e-03    -9.60209050e-07
16.41     1.26807830e-03    -9.70496883e-07
16.42     1.26727709e-03    -9.87612525e-07
16.43     1.26649256e-03    -1.00485904e-06
16.44     1.26570130e-03    -1.01714336e-06
16.45     1.26491905e-03    -1.02321485e-06
16.46     1.26412788e-03    -1.02627665e-06
16.47     1.26333144e-03    -1.03261910e-06
16.48     1.26253100e-03    -1.04888917e-06
16.49     1.26172702e-03    -1.07930164e-06
16.50     1.26093337e-03    -1.12403885e-06
16.51     1.26014318e-03    -1.17946855e-06
16.52     1.25937608e-03    -1.23983580e-06
16.53     1.25861452e-03    -1.29931403e-06
16.54     1.25786662e-03    -1.35341834e-06
16.55     1.25712567e-03    -1.39948423e-06
16.56     1.25638686e-03    -1.43667850e-06
16.57     1.25564623e-03    -1.46597244e-06
16.58     1.25490952e-03    -1.49002485e-06
16.59     1.25416437e-03    -1.51256473e-06
16.60     1.25341865e-03    -1.53723187e-06
16.61     1.25267576e-03    -1.56647581e-06
16.62     1.25193182e-03    -1.60108831e-06
16.63     1.25119129e-03    -1.64041254e-06
16.64     1.25045599e-03    -1.68274424e-06
16.65     1.24972649e-03    -1.72544769e-06
16.66     1.24901090e-03    -1.76516158e-06
16.67     1.24830237e-03    -1.79832597e-06
16.68     1.24758732e-03    -1.82228585e-06
16.69     1.24687980e-03    -1.83639331e-06
16.70     1.24616719e-03    -1.84260872e-06
16.71     1.24544625e-03    -1.84526581e-06
16.72     1.24472530e-03    -1.84987768e-06
16.73     1.24399062e-03    -1.86121679e-06
16.74     1.24326395e-03    -1.88138242e-06
16.75     1.24253483e-03    -1.90867052e-06
16.76     1.24181455e-03    -1.93836752e-06
16.77     1.24110453e-03    -1.96520518e-06
16.78     1.24039622e-03    -1.98623615e-06
16.79     1.23968631e-03    -2.00230089e-06
16.80     1.23898124e-03    -2.01701219e-06
16.81     1.23826703e-03    -2.03403842e-06
16.82     1.23756515e-03    -2.05434479e-06
16.83     1.23685609e-03    -2.07524337e-06
16.84     1.23616181e-03    -2.09154807e-06
16.85     1.23547010e-03    -2.09807058e-06
16.86     1.23477483e-03    -2.09214586e-06
16.87     1.23407024e-03    -2.07506810e-06
16.88     1.23335878e-03    -2.05224975e-06
16.89     1.23262380e-03    -2.03206231e-06
16.90     1.23188129e-03    -2.02384927e-06
16.91     1.23112316e-03    -2.03555294e-06
16.92     1.23037106e-03    -2.07159527e-06
16.93     1.22962342e-03    -2.13162343e-06
16.94     1.22889249e-03    -2.21067774e-06
16.95     1.22818112e-03    -2.30061102e-06
16.96     1.22749859e-03    -2.39225737e-06
16.97     1.22683201e-03    -2.47752780e-06
16.98     1.22618551e-03    -2.55062394e-06
16.99     1.22554509e-03    -2.60818489e-06
17.00     1.22491747e-03    -2.64866921e-06
17.01     1.22429319e-03    -2.67167395e-06
17.02     1.22366735e-03    -2.67780562e-06
17.03     1.22303360e-03    -2.66910192e-06
17.04     1.22239000e-03    -2.64960741e-06
17.05     1.22173995e-03    -2.62526653e-06
17.06     1.22107536e-03    -2.60299494e-06
17.07     1.22040561e-03    -2.58892857e-06
17.08     1.21973630e-03    -2.58642609e-06
17.09     1.21906858e-03    -2.59493233e-06
17.10     1.21840741e-03    -2.60990648e-06
17.11     1.21775851e-03    -2.62424226e-06
17.12     1.21712398e-03    -2.63038263e-06
17.13     1.21649883e-03    -2.62268685e-06
17.14     1.21586606e-03    -2.59891053e-06
17.15     1.21523687e-03    -2.56047568e-06
17.16     1.21458721e-03    -2.51154308e-06
17.17     1.21393817e-03    -2.45740937e-06
17.18     1.21327674e-03    -2.40301331e-06
17.19     1.21260434e-03    -2.35195184e-06
17.20     1.21193237e-03    -2.30630894e-06
17.21     1.21124812e-03    -2.26689556e-06
17.22     1.21055972e-03    -2.23348820e-06
17.23     1.20988267e-03    -2.20499920e-06
17.24     1.20920035e-03    -2.17961531e-06
17.25     1.20851452e-03    -2.15532935e-06
17.26     1.20783583e-03    -2.13093833e-06
17.27     1.20715202e-03    -2.10720981e-06
17.28     1.20647272e-03    -2.08728305e-06
17.29     1.20578257e-03    -2.07564140e-06
17.30     1.20509445e-03    -2.07569981e-06
17.31     1.20442171e-03    -2.08707370e-06
17.32     1.20375794e-03    -2.10421940e-06
17.33     1.20311292e-03    -2.11764529e-06
17.34     1.20248317e-03    -2.11740255e-06
17.35     1.20185846e-03    -2.09712948e-06
17.36     1.20123002e-03    -2.05643281e-06
17.37     1.20059150e-03    -2.00039301e-06
17.38     1.19994666e-03    -1.93677353e-06
17.39     1.19927896e-03    -1.87275946e-06
17.40     1.19861313e-03    -1.81292480e-06
17.41     1.19792612e-03    -1.75894634e-06
17.42     1.19724619e-03    -1.71070751e-06
17.43     1.19656072e-03    -1.66760994e-06
17.44     1.19587178e-03    -1.62950316e-06
17.45     1.19518007e-03    -1.59691156e-06
17.46     1.19448544e-03    -1.57070297e-06
17.47     1.19379749e-03    -1.55148860e-06
17.48     1.19310506e-03    -1.53901568e-06
17.49     1.19242797e-03    -1.53184997e-06
17.50     1.19174388e-03    -1.52747871e-06
17.51     1.19107625e-03    -1.52287371e-06
17.52     1.19041118e-03    -1.51527502e-06
17.53     1.18975016e-03    -1.50286621e-06
17.54     1.18908938e-03    -1.48505140e-06
17.55     1.18842730e-03    -1.46225883e-06
17.56     1.18776877e-03    -1.43546887e-06
17.57     1.18709738e-03    -1.40580783e-06
17.58     1.18643378e-03    -1.37443112e-06
17.59     1.18575831e-03    -1.34269456e-06
17.60     1.18507476e-03    -1.31237874e-06
17.61     1.18439249e-03    -1.28569133e-06
17.62     1.18370432e-03    -1.26490984e-06
17.63     1.18301289e-03    -1.25182135e-06
17.64     1.18232826e-03    -1.24724486e-06
17.65     1.18163479e-03    -1.25090170e-06
17.66     1.18094557e-03    -1.26169496e-06
17.67     1.18027113e-03    -1.27817397e-06
17.68     1.17959789e-03    -1.29894300e-06
17.69     1.17893313e-03    -1.32286715e-06
17.70     1.17826537e-03    -1.34912236e-06
17.71     1.17761167e-03    -1.37714215e-06
17.72     1.17697030e-03    -1.40642725e-06
17.73     1.17632815e-03    -1.43615193e-06
17.74     1.17569378e-03    -1.46467853e-06
17.75     1.17507322e-03    -1.48930932e-06
17.76     1.17445712e-03    -1.50664566e-06
17.77     1.17384743e-03    -1.51360448e-06
17.78     1.17324238e-03    -1.50868416e-06
17.79     1.17262774e-03    -1.49277274e-06
17.80     1.17201184e-03    -1.46900917e-06
17.81     1.17139779e-03    -1.44171888e-06
17.82     1.17076865e-03    -1.41500925e-06
17.83     1.17013405e-03    -1.39169502e-06
17.84     1.16949675e-03    -1.37289341e-06
17.85     1.16887037e-03    -1.35816004e-06
17.86     1.16824190e-03    -1.34584132e-06
17.87     1.16761368e-03    -1.33347554e-06
17.88     1.16699435e-03    -1.31832397e-06
17.89     1.16637298e-03    -1.29809803e-06
17.90     1.16575428e-03    -1.27170971e-06
17.91     1.16513267e-03    -1.23967952e-06
17.92     1.16451315e-03    -1.20390064e-06
17.93     1.16388358e-03    -1.16681824e-06
17.94     1.16324726e-03    -1.13046248e-06
17.95     1.16261647e-03    -1.09584709e-06
17.96     1.16198106e-03    -1.06300311e-06
17.97     1.16133688e-03    -1.03153546e-06
17.98     1.16069855e-03    -1.00124924e-06
17.99     1.16005490e-03    -9.72462573e-07
18.00     1.15941219e-03    -9.45837337e-07
18.01     1.15877893e-03    -9.21930108e-07
18.02     1.15813277e-03    -9.00816097e-07
18.03     1.15748871e-03    -8.82034316e-07
18.04     1.15685201e-03    -8.64889298e-07
18.05     1.15620986e-03    -8.48832021e-07
18.06     1.15557644e-03    -8.33640339e-07
18.07     1.15493988e-03    -8.19261905e-07
18.08     1.15430897e-03    -8.05464726e-07
18.09     1.15367754e-03    -7.91592059e-07
18.10     1.15304510e-03    -7.76649243e-07
18.11     1.15241542e-03    -7.59703108e-07
18.12     1.15178436e-03    -7.40368165e-07
18.13     1.15116032e-03    -7.19150615e-07
18.14     1.15052277e-03    -6.97460940e-07
18.15     1.14989261e-03    -6.77263704e-07
18.16     1.14925631e-03    -6.60458346e-07
18.17     1.14862333e-03    -6.48189858e-07
18.18     1.14799108e-03    -6.40362060e-07
18.19     1.14736129e-03    -6.35603410e-07
18.20     1.14673333e-03    -6.31729358e-07
18.21     1.14610984e-03    -6.26534600e-07
18.22     1.14548901e-03    -6.18517472e-07
18.23     1.14487700e-03    -6.07227747e-07
18.24     1.14425674e-03    -5.93125520e-07
18.25     1.14364345e-03    -5.77096238e-07
18.26     1.14302553e-03    -5.59939539e-07
18.27     1.14240371e-03    -5.42084787e-07
18.28     1.14178746e-03    -5.23620005e-07
18.29     1.14116981e-03    -5.04500277e-07
18.30     1.14055571e-03    -4.84763836e-07
18.31     1.13993515e-03    -4.64611211e-07
18.32     1.13931174e-03    -4.44339994e-07
18.33     1.13868553e-03    -4.24240809e-07
18.34     1.13807026e-03    -4.04533007e-07
18.35     1.13744902e-03    -3.85404101e-07
18.36     1.13682073e-03    -3.67109426e-07
18.37     1.13620096e-03    -3.50084812e-07
18.38     1.13557779e-03    -3.34944070e-07
18.39     1.13495266e-03    -3.22315490e-07
18.40     1.13432733e-03    -3.12552332e-07
18.41     1.13370413e-03    -3.05434798e-07
18.42     1.13309041e-03    -3.00070771e-07
18.43     1.13247005e-03    -2.95067509e-07
18.44     1.13186428e-03    -2.88904984e-07
18.45     1.13124638e-03    -2.80335549e-07
18.46     1.13064096e-03    -2.68661560e-07
18.47     1.13003234e-03    -2.53827817e-07
18.48     1.12942253e-03    -2.36393136e-07
18.49     1.12880236e-03    -2.17408263e-07
18.50     1.12819487e-03    -1.98205676e-07
18.51     1.12757425e-03    -1.80094188e-07
18.52     1.12695206e-03    -1.64039290e-07
18.53     1.12633201e-03    -1.50444080e-07
18.54     1.12571348e-03    -1.39168062e-07
18.55     1.12509068e-03    -1.29781303e-07
18.56     1.12446909e-03    -1.21936068e-07
18.57     1.12385063e-03    -1.15666151e-07
18.58     1.12323062e-03    -1.11476162e-07
18.59     1.12259765e-03    -1.10189723e-07
18.60     1.12197598e-03    -1.12641678e-07
18.61     1.12136128e-03    -1.19343993e-07
18.62     1.12074154e-03    -1.30251646e-07
18.63     1.12012586e-03    -1.44705569e-07
18.64     1.11951743e-03    -1.61572224e-07
18.65     1.11890463e-03    -1.79533459e-07
18.66     1.11830709e-03    -1.97426277e-07
18.67     1.11770295e-03    -2.14516196e-07
18.68     1.11710357e-03    -2.30606713e-07
18.69     1.11651005e-03    -2.45980890e-07
18.70     1.11591598e-03    -2.61223010e-07
18.71     1.11532257e-03    -2.77004973e-07
18.72     1.11472991e-03    -2.93893843e-07
18.73     1.11413851e-03    -3.12213951e-07
18.74     1.11355701e-03    -3.31961182e-07
18.75     1.11297201e-03    -3.52768549e-07
18.76     1.11238903e-03    -3.73943252e-07
18.77     1.11181990e-03    -3.94563473e-07
18.78     1.11125037e-03    -4.13606280e-07
18.79     1.11068990e-03    -4.30085570e-07
18.80     1.11012197e-03    -4.43162117e-07
18.81     1.10956532e-03    -4.52203731e-07
18.82     1.10900755e-03    -4.56819710e-07
18.83     1.10845950e-03    -4.56847190e-07
18.84     1.10790407e-03    -4.52305735e-07
18.85     1.10734631e-03    -4.43328823e-07
18.86     1.10680000e-03    -4.30113444e-07
18.87     1.10623905e-03    -4.12899575e-07
18.88     1.10568458e-03    -3.91977433e-07
18.89     1.10512166e-03    -3.67705441e-07
18.90     1.10456389e-03    -3.40529695e-07
18.91     1.10400141e-03    -3.11009108e-07
18.92     1.10343094e-03    -2.79834635e-07
18.93     1.10286103e-03    -2.47844244e-07
18.94     1.10228883e-03    -2.15985116e-07
18.95     1.10170817e-03    -1.85210575e-07
18.96     1.10113282e-03    -1.56335321e-07
18.97     1.10054583e-03    -1.29891458e-07
18.98     1.09996966e-03    -1.06028094e-07
18.99     1.09937953e-03    -8.44853251e-08
19.00     1.09879988e-03    -6.46564766e-08
19.01     1.09822047e-03    -4.57480434e-08
19.02     1.09762927e-03    -2.70280193e-08
19.03     1.09704626e-03    -8.10467715e-09
19.04     1.09646266e-03     1.08771725e-08
19.05     1.09587599e-03     2.92341681e-08
19.06     1.09529564e-03     4.59709757e-08
19.07     1.09470724e-03     6.01473473e-08
19.08     1.09411563e-03     7.12201468e-08
19.09     1.09353033e-03     7.92103399e-08
19.10     1.09294261e-03     8.46367582e-08
19.11     1.09235750e-03     8.82733984e-08
19.12     1.09177742e-03     9.08554257e-08
19.13     1.09119079e-03     9.28602863e-08
19.14     1.09061070e-03     9.44335790e-08
19.15     1.09002781e-03     9.54466456e-08
19.16     1.08944707e-03     9.56178038e-08
19.17     1.08887062e-03     9.46246712e-08
19.18     1.08829613e-03     9.21703276e-08
19.19     1.08771547e-03     8.80151112e-08
19.20     1.08713332e-03     8.20037975e-08
19.21     1.08656525e-03     7.41082120e-08
19.22     1.08598483e-03     6.44755025e-08
19.23     1.08541849e-03     5.34534413e-08
19.24     1.08485307e-03     4.15611286e-08
19.25     1.08428668e-03     2.94020272e-08
19.26     1.08372492e-03     1.75479668e-08
19.27     1.08316496e-03     6.44444857e-09
19.28     1.08260674e-03    -3.62422809e-09
19.29     1.08204836e-03    -1.25068535e-08
19.30     1.08149365e-03    -2.01299684e-08
19.31     1.08093639e-03    -2.64654040e-08
19.32     1.08038613e-03    -3.15424630e-08
19.33     1.07983222e-03    -3.54950942e-08
19.34     1.07928012e-03    -3.85992803e-08
19.35     1.07873167e-03    -4.12662164e-08
19.36     1.07817394e-03    -4.39822345e-08
19.37     1.07761944e-03    -4.72171822e-08
19.38     1.07706861e-03    -5.13356605e-08
19.39     1.07651812e-03    -5.65289453e-08
19.40     1.07596740e-03    -6.27674758e-08
19.41     1.07541739e-03    -6.97613232e-08
19.42     1.07488049e-03    -7.69423393e-08
19.43     1.07433348e-03    -8.34975424e-08
19.44     1.07378794e-03    -8.84876558e-08
19.45     1.07325477e-03    -9.10494651e-08
19.46     1.07271773e-03    -9.06371746e-08
19.47     1.07217657e-03    -8.72305529e-08
19.48     1.07164005e-03    -8.14357080e-08
19.49     1.07109654e-03    -7.44196127e-08
19.50     1.07055426e-03    -6.76523687e-08
19.51     1.07000916e-03    -6.24999079e-08
19.52     1.06946298e-03    -5.97976798e-08
19.53     1.06891705e-03    -5.95840327e-08
19.54     1.06837142e-03    -6.11245347e-08
19.55     1.06783968e-03    -6.32090871e-08
19.56     1.06729789e-03    -6.45757293e-08
19.57     1.06676028e-03    -6.42681201e-08
19.58     1.06622672e-03    -6.18103059e-08
19.59     1.06569566e-03    -5.72007398e-08
19.60     1.06515227e-03    -5.08000419e-08
19.61     1.06461885e-03    -4.31938477e-08
19.62     1.06408309e-03    -3.50673496e-08
19.63     1.06354504e-03    -2.70977680e-08
19.64     1.06300552e-03    -1.98591872e-08
19.65     1.06246481e-03    -1.37490061e-08
19.66     1.06192141e-03    -8.95130655e-09
19.67     1.06138648e-03    -5.44857973e-09
19.68     1.06084697e-03    -3.07570117e-09
19.69     1.06030368e-03    -1.59298187e-09
19.70     1.05977167e-03    -7.52971082e-10
19.71     1.05923559e-03    -3.43892999e-10
19.72     1.05869563e-03    -2.06691073e-10
19.73     1.05816394e-03    -2.32437620e-10
19.74     1.05762808e-03    -3.49943501e-10
19.75     1.05709629e-03    -5.11504208e-10
19.76     1.05656430e-03    -6.81468972e-10
19.77     1.05603227e-03    -8.30038825e-10
19.78     1.05549898e-03    -9.32879847e-10
19.79     1.05497016e-03    -9.74977715e-10
19.80     1.05444576e-03    -9.55081773e-10
19.81     1.05391200e-03    -8.86604840e-10
19.82     1.05338161e-03    -7.92929218e-10
19.83     1.05285599e-03    -6.98556019e-10
19.84     1.05233304e-03    -6.20083222e-10
19.85     1.05180023e-03    -5.61114482e-10
19.86     1.05125281e-03    -5.13250600e-10
19.87     1.05067462e-03    -4.62270159e-10
19.88     1.04996517e-03    -3.96399450e-10
19.89     1.04888017e-03    -3.12620823e-10
19.90     1.04680153e-03    -2.18092953e-10
19.91     1.04239448e-03    -1.26393078e-10
19.92     1.03313418e-03    -5.10503685e-11
19.93     1.01482505e-03    -1.91131964e-14
19.94     9.81648537e-04     2.63301243e-11
19.95     9.27052010e-04     3.35414538e-11
19.96     8.45855203e-04     2.95042564e-11
19.97     7.37003680e-04     2.12200704e-11
19.98     6.05776825e-04     1.31470102e-11
19.99     4.63835609e-04     7.17737220e-12
20.00     3.26488878e-04     3.49299639e-12
