# RiF 1e-20 (cm^2/W)
# 1w RpP RpS RsP RsS
# Gaussian absolute broadening  0.04 [eV]
   0.0100000  3.627667e-08  5.090762e-09  1.945902e-11  2.702984e-09  
   0.0200000  4.907565e-08  6.891256e-09  2.632944e-11  3.658908e-09  
   0.0300000  6.670612e-08  9.373545e-09  3.579577e-11  4.976779e-09  
   0.0400000  9.091819e-08  1.278573e-08  4.879960e-11  6.788297e-09  
   0.0500000  1.239779e-07  1.744973e-08  6.656087e-11  9.264328e-09  
   0.0600000  1.687379e-07  2.377180e-08  9.061641e-11  1.262048e-08  
   0.0700000  2.286796e-07  3.224919e-08  1.228433e-10  1.712066e-08  
   0.0800000  3.079170e-07  4.347168e-08  1.654625e-10  2.307782e-08  
   0.0900000  4.111676e-07  5.811840e-08  2.210234e-10  3.085231e-08  
   0.1000000  5.437006e-07  7.695180e-08  2.923778e-10  4.084860e-08  
   0.1100000  7.112901e-07  1.008124e-07  3.826569e-10  5.351254e-08  
   0.1200000  9.201902e-07  1.306166e-07  4.952579e-10  6.933012e-08  
   0.1300000  1.177139e-06  1.673588e-07  6.338492e-10  8.882859e-08  
   0.1400000  1.489384e-06  2.121166e-07  8.023839e-10  1.125793e-07  
   0.1500000  1.864714e-06  2.660579e-07  1.005123e-09  1.412011e-07  
   0.1600000  2.311490e-06  3.304465e-07  1.246649e-09  1.753637e-07  
   0.1700000  2.838661e-06  4.066472e-07  1.531880e-09  2.157903e-07  
   0.1800000  3.455768e-06  4.961290e-07  1.866074e-09  2.632588e-07  
   0.1900000  4.172937e-06  6.004674e-07  2.254829e-09  3.186033e-07  
   0.2000000  5.000883e-06  7.213461e-07  2.704083e-09  3.827152e-07  
   0.2100000  5.950890e-06  8.605592e-07  3.220112e-09  4.565441e-07  
   0.2200000  7.034809e-06  1.020014e-06  3.809532e-09  5.410991e-07  
   0.2300000  8.265061e-06  1.201735e-06  4.479296e-09  6.374503e-07  
   0.2400000  9.654616e-06  1.407862e-06  5.236696e-09  7.467297e-07  
   0.2500000  1.121701e-05  1.640663e-06  6.089366e-09  8.701355e-07  
   0.2600000  1.296631e-05  1.902527e-06  7.045287e-09  1.008930e-06  
   0.2700000  1.491716e-05  2.195979e-06  8.112782e-09  1.164448e-06  
   0.2800000  1.708472e-05  2.523675e-06  9.300518e-09  1.338090e-06  
   0.2900000  1.948472e-05  2.888413e-06  1.061752e-08  1.531332e-06  
   0.3000000  2.213341e-05  3.293138e-06  1.207315e-08  1.745731e-06  
   0.3100000  2.504758e-05  3.740942e-06  1.367715e-08  1.982915e-06  
   0.3200000  2.824455e-05  4.235076e-06  1.543959e-08  2.244597e-06  
   0.3300000  3.174219e-05  4.778955e-06  1.737092e-08  2.532578e-06  
   0.3400000  3.555886e-05  5.376158e-06  1.948195e-08  2.848743e-06  
   0.3500000  3.971348e-05  6.030441e-06  2.178385e-08  3.195069e-06  
   0.3600000  4.422545e-05  6.745754e-06  2.428816e-08  3.573634e-06  
   0.3700000  4.911471e-05  7.526222e-06  2.700678e-08  3.986605e-06  
   0.3800000  5.440170e-05  8.376175e-06  2.995199e-08  4.436264e-06  
   0.3900000  6.010738e-05  9.300158e-06  3.313646e-08  4.924997e-06  
   0.4000000  6.625323e-05  1.030293e-05  3.657323e-08  5.455302e-06  
   0.4100000  7.286116e-05  1.138947e-05  4.027568e-08  6.029794e-06  
   0.4200000  7.995370e-05  1.256499e-05  4.425765e-08  6.651216e-06  
   0.4300000  8.755377e-05  1.383499e-05  4.853331e-08  7.322437e-06  
   0.4400000  9.568479e-05  1.520518e-05  5.311722e-08  8.046460e-06  
   0.4500000  1.043707e-04  1.668157e-05  5.802435e-08  8.826438e-06  
   0.4600000  1.136359e-04  1.827046e-05  6.327009e-08  9.665662e-06  
   0.4700000  1.235054e-04  1.997843e-05  6.887016e-08  1.056758e-05  
   0.4800000  1.340044e-04  2.181241e-05  7.484071e-08  1.153582e-05  
   0.4900000  1.451589e-04  2.377964e-05  8.119832e-08  1.257417e-05  
   0.5000000  1.569950e-04  2.588769e-05  8.795991e-08  1.368658e-05  
   0.5100000  1.695398e-04  2.814455e-05  9.514287e-08  1.487723e-05  
   0.5200000  1.828203e-04  3.055856e-05  1.027649e-07  1.615048e-05  
   0.5300000  1.968642e-04  3.313848e-05  1.108441e-07  1.751089e-05  
   0.5400000  2.117000e-04  3.589353e-05  1.193993e-07  1.896328e-05  
   0.5500000  2.273560e-04  3.883331e-05  1.284491e-07  2.051265e-05  
   0.5600000  2.438613e-04  4.196797e-05  1.380132e-07  2.216431e-05  
   0.5700000  2.612455e-04  4.530816e-05  1.481111e-07  2.392378e-05  
   0.5800000  2.795387e-04  4.886505e-05  1.587631e-07  2.579688e-05  
   0.5900000  2.987713e-04  5.265038e-05  1.699897e-07  2.778975e-05  
   0.6000000  3.189744e-04  5.667654e-05  1.818120e-07  2.990879e-05  
   0.6100000  3.401789e-04  6.095644e-05  1.942513e-07  3.216074e-05  
   0.6200000  3.624170e-04  6.550379e-05  2.073292e-07  3.455274e-05  
   0.6300000  3.857209e-04  7.033299e-05  2.210678e-07  3.709224e-05  
   0.6400000  4.101233e-04  7.545916e-05  2.354898e-07  3.978711e-05  
   0.6500000  4.356576e-04  8.089826e-05  2.506178e-07  4.264563e-05  
   0.6600000  4.623575e-04  8.666718e-05  2.664752e-07  4.567657e-05  
   0.6700000  4.902567e-04  9.278359e-05  2.830853e-07  4.888906e-05  
   0.6800000  5.193900e-04  9.926625e-05  3.004718e-07  5.229287e-05  
   0.6900000  5.497930e-04  1.061350e-04  3.186591e-07  5.589822e-05  
   0.7000000  5.815006e-04  1.134106e-04  3.376716e-07  5.971596e-05  
   0.7100000  6.145493e-04  1.211152e-04  3.575338e-07  6.375746e-05  
   0.7200000  6.489760e-04  1.292723e-04  3.782707e-07  6.803493e-05  
   0.7300000  6.848170e-04  1.379065e-04  3.999072e-07  7.256106e-05  
   0.7400000  7.221107e-04  1.470440e-04  4.224685e-07  7.734944e-05  
   0.7500000  7.608952e-04  1.567127e-04  4.459802e-07  8.241440e-05  
   0.7600000  8.012091e-04  1.669419e-04  4.704673e-07  8.777122e-05  
   0.7700000  8.430919e-04  1.777630e-04  4.959556e-07  9.343601e-05  
   0.7800000  8.865835e-04  1.892092e-04  5.224700e-07  9.942590e-05  
   0.7900000  9.317248e-04  2.013159e-04  5.500359e-07  1.057593e-04  
   0.8000000  9.785570e-04  2.141206e-04  5.786781e-07  1.124554e-04  
   0.8100000  1.027122e-03  2.276634e-04  6.084207e-07  1.195349e-04  
   0.8200000  1.077462e-03  2.419872e-04  6.392883e-07  1.270200e-04  
   0.8300000  1.129620e-03  2.571376e-04  6.713037e-07  1.349341e-04  
   0.8400000  1.183642e-03  2.731633e-04  7.044897e-07  1.433024e-04  
   0.8500000  1.239573e-03  2.901166e-04  7.388682e-07  1.521518e-04  
   0.8600000  1.297457e-03  3.080532e-04  7.744588e-07  1.615109e-04  
   0.8700000  1.357342e-03  3.270334e-04  8.112810e-07  1.714107e-04  
   0.8800000  1.419276e-03  3.471214e-04  8.493508e-07  1.818846e-04  
   0.8900000  1.483309e-03  3.683869e-04  8.886834e-07  1.929680e-04  
   0.9000000  1.549490e-03  3.909047e-04  9.292904e-07  2.046995e-04  
   0.9100000  1.617873e-03  4.147558e-04  9.711802e-07  2.171210e-04  
   0.9200000  1.688508e-03  4.400274e-04  1.014356e-06  2.302772e-04  
   0.9300000  1.761452e-03  4.668149e-04  1.058817e-06  2.442170e-04  
   0.9400000  1.836759e-03  4.952215e-04  1.104556e-06  2.589935e-04  
   0.9500000  1.914490e-03  5.253599e-04  1.151558e-06  2.746647e-04  
   0.9600000  1.994701e-03  5.573532e-04  1.199800e-06  2.912938e-04  
   0.9700000  2.077457e-03  5.913367e-04  1.249248e-06  3.089503e-04  
   0.9800000  2.162821e-03  6.274589e-04  1.299859e-06  3.277106e-04  
   0.9900000  2.250861e-03  6.658841e-04  1.351575e-06  3.476590e-04  
   1.0000000  2.341646e-03  7.067934e-04  1.404324e-06  3.688885e-04  
   1.0100000  2.435251e-03  7.503880e-04  1.458019e-06  3.915025e-04  
   1.0200000  2.531754e-03  7.968881e-04  1.512552e-06  4.156139e-04  
   1.0300000  2.631241e-03  8.465348e-04  1.567799e-06  4.413467e-04  
   1.0400000  2.733799e-03  8.995879e-04  1.623620e-06  4.688342e-04  
   1.0500000  2.839522e-03  9.563243e-04  1.679860e-06  4.982182e-04  
   1.0599999  2.948505e-03  1.017035e-03  1.736363e-06  5.296481e-04  
   1.0700001  3.060846e-03  1.082027e-03  1.792980e-06  5.632808e-04  
   1.0800000  3.176635e-03  1.151626e-03  1.849587e-06  5.992826e-04  
   1.0900000  3.295963e-03  1.226191e-03  1.906100e-06  6.378381e-04  
   1.1000000  3.418919e-03  1.306136e-03  1.962497e-06  6.791580e-04  
   1.1100000  3.545586e-03  1.391948e-03  2.018819e-06  7.234915e-04  
   1.1200000  3.676057e-03  1.484205e-03  2.075182e-06  7.711348e-04  
   1.1300000  3.810431e-03  1.583572e-03  2.131774e-06  8.224290e-04  
   1.1400000  3.948830e-03  1.690779e-03  2.188850e-06  8.777469e-04  
   1.1500000  4.091401e-03  1.806549e-03  2.246759e-06  9.374598e-04  
   1.1600000  4.238321e-03  1.931520e-03  2.305985e-06  1.001893e-03  
   1.1700000  4.389788e-03  2.066148e-03  2.367245e-06  1.071276e-03  
   1.1799999  4.546019e-03  2.210639e-03  2.431637e-06  1.145711e-03  
   1.1900001  4.707242e-03  2.364957e-03  2.500826e-06  1.225172e-03  
   1.2000000  4.873665e-03  2.528895e-03  2.577245e-06  1.309545e-03  
   1.2100000  5.045475e-03  2.702294e-03  2.664249e-06  1.398740e-03  
   1.2200000  5.222823e-03  2.885310e-03  2.766155e-06  1.492828e-03  
   1.2300000  5.405808e-03  3.078731e-03  2.888082e-06  1.592206e-03  
   1.2400000  5.594472e-03  3.284245e-03  3.035560e-06  1.697733e-03  
   1.2500000  5.788805e-03  3.504578e-03  3.213876e-06  1.810806e-03  
   1.2600000  5.988752e-03  3.743417e-03  3.427232e-06  1.933314e-03  
   1.2700000  6.194239e-03  4.005093e-03  3.677817e-06  2.067479e-03  
   1.2800000  6.405211e-03  4.294027e-03  3.965055e-06  2.215564e-03  
   1.2900000  6.621680e-03  4.614021e-03  4.285208e-06  2.379516e-03  
   1.3000000  6.843782e-03  4.967540e-03  4.631651e-06  2.560589e-03  
   1.3099999  7.071819e-03  5.355147e-03  4.996034e-06  2.759055e-03  
   1.3200001  7.306301e-03  5.775293e-03  5.370428e-06  2.974099e-03  
   1.3300000  7.547930e-03  6.224563e-03  5.750495e-06  3.203942e-03  
   1.3400000  7.797568e-03  6.698533e-03  6.139577e-06  3.446284e-03  
   1.3500000  8.056149e-03  7.193129e-03  6.553366e-06  3.699001e-03  
   1.3600000  8.324525e-03  7.706391e-03  7.024855e-06  3.961051e-03  
   1.3700000  8.603310e-03  8.240430e-03  7.609107e-06  4.233480e-03  
   1.3800000  8.892663e-03  8.803260e-03  8.387336e-06  4.520353e-03  
   1.3900000  9.192092e-03  9.410134e-03  9.469947e-06  4.829440e-03  
   1.4000000  9.500313e-03  1.008416e-02  1.099815e-05  5.172521e-03  
   1.4100000  9.815183e-03  1.085590e-02  1.314385e-05  5.565186e-03  
   1.4200000  1.013376e-02  1.176190e-02  1.610776e-05  6.026063e-03  
   1.4299999  1.045267e-02  1.284217e-02  2.011549e-05  6.575529e-03  
   1.4400001  1.076857e-02  1.413688e-02  2.541160e-05  7.234015e-03  
   1.4500000  1.107906e-02  1.568232e-02  3.225088e-05  8.019957e-03  
   1.4600000  1.138377e-02  1.750717e-02  4.088699e-05  8.947843e-03  
   1.4700000  1.168564e-02  1.962878e-02  5.155646e-05  1.002638e-02  
   1.4800000  1.199229e-02  2.205084e-02  6.445744e-05  1.125725e-02  
   1.4900000  1.231737e-02  2.476268e-02  7.972213e-05  1.263483e-02  
   1.5000000  1.268162e-02  2.774153e-02  9.738264e-05  1.414725e-02  
   1.5100000  1.311362e-02  3.095811e-02  1.173322e-04  1.577937e-02  
   1.5200000  1.364999e-02  3.438722e-02  1.392863e-04  1.751803e-02  
   1.5300000  1.433490e-02  3.802253e-02  1.627532e-04  1.935965e-02  
   1.5400000  1.521882e-02  4.189517e-02  1.870224e-04  2.131962e-02  
   1.5500000  1.635609e-02  4.609276e-02  2.111911e-04  2.344197e-02  
   1.5599999  1.780131e-02  5.077374e-02  2.342420e-04  2.580656e-02  
   1.5700001  1.960428e-02  5.617011e-02  2.551940e-04  2.853051e-02  
   1.5800000  2.180397e-02  6.257102e-02  2.733419e-04  3.175984e-02  
   1.5900000  2.442235e-02  7.028337e-02  2.886023e-04  3.564952e-02  
   1.6000000  2.745958e-02  7.956818e-02  3.019607e-04  4.033127e-02  
   1.6100000  3.089229e-02  9.056079e-02  3.159991e-04  4.587316e-02  
   1.6200000  3.467627e-02  1.031885e-01  3.354361e-04  5.223814e-02  
   1.6300000  3.875344e-02  1.171062e-01  3.675555e-04  5.925139e-02  
   1.6400000  4.306066e-02  1.316682e-01  4.223402e-04  6.658647e-02  
   1.6500000  4.753664e-02  1.459539e-01  5.120917e-04  7.377829e-02  
   1.6600000  5.212180e-02  1.588504e-01  6.503306e-04  8.026507e-02  
   1.6700000  5.674826e-02  1.691867e-01  8.498778e-04  8.545611e-02  
   1.6799999  6.132036e-02  1.758989e-01  1.120226e-03  8.881550e-02  
   1.6900001  6.569111e-02  1.781999e-01  1.464587e-03  8.994731e-02  
   1.7000000  6.964462e-02  1.757219e-01  1.877253e-03  8.866754e-02  
   1.7100000  7.289502e-02  1.686057e-01  2.342142e-03  8.504871e-02  
   1.7200000  7.510953e-02  1.575187e-01  2.833206e-03  7.942848e-02  
   1.7300000  7.595624e-02  1.435960e-01  3.317110e-03  7.237983e-02  
   1.7400000  7.516874e-02  1.283135e-01  3.757957e-03  6.464638e-02  
   1.7500000  7.261264e-02  1.133094e-01  4.123165e-03  5.705276e-02  
   1.7600000  6.833590e-02  1.001823e-01  4.389132e-03  5.040259e-02  
   1.7700000  6.258915e-02  9.029114e-02  4.545261e-03  4.537831e-02  
   1.7800000  5.580811e-02  8.458540e-02  4.595235e-03  4.245588e-02  
   1.7900000  4.856221e-02  8.348653e-02  4.555277e-03  4.184583e-02  
   1.8000000  4.147967e-02  8.683625e-02  4.449892e-03  4.346774e-02  
   1.8099999  3.516509e-02  9.391941e-02  4.306308e-03  4.696224e-02  
   1.8200001  3.012345e-02  1.035598e-01  4.149002e-03  5.173952e-02  
   1.8300000  2.670201e-02  1.142768e-01  3.995576e-03  5.705801e-02  
   1.8400000  2.505366e-02  1.244840e-01  3.854622e-03  6.212411e-02  
   1.8500000  2.512465e-02  1.326993e-01  3.725737e-03  6.619728e-02  
   1.8600000  2.666420e-02  1.377381e-01  3.601289e-03  6.868618e-02  
   1.8700000  2.925568e-02  1.388580e-01  3.469305e-03  6.922112e-02  
   1.8800000  3.236787e-02  1.358363e-01  3.316790e-03  6.769192e-02  
   1.8900000  3.542337e-02  1.289680e-01  3.132860e-03  6.424676e-02  
   1.9000000  3.787760e-02  1.189912e-01  2.911229e-03  5.925438e-02  
   1.9100000  3.929765e-02  1.069547e-01  2.651665e-03  5.323787e-02  
   1.9200000  3.942655e-02  9.405561e-02  2.360284e-03  4.679362e-02  
   1.9299999  3.821987e-02  8.147641e-02  2.048672e-03  4.050992e-02  
   1.9400001  3.584582e-02  7.024728e-02  1.732062e-03  3.489856e-02  
   1.9500000  3.264879e-02  6.115446e-02  1.427016e-03  3.034941e-02  
   1.9600000  2.908454e-02  5.470022e-02  1.149081e-03  2.711057e-02  
   1.9700000  2.564246e-02  5.111258e-02  9.109468e-04  2.529354e-02  
   1.9800000  2.277128e-02  5.039059e-02  7.213544e-04  2.489587e-02  
   1.9900000  2.082203e-02  5.236718e-02  5.848354e-04  2.583257e-02  
   2.0000000  2.001557e-02  5.677253e-02  5.021008e-04  2.796781e-02  
   2.0100000  2.043553e-02  6.328434e-02  4.708002e-04  3.113997e-02  
   2.0200000  2.204151e-02  7.155956e-02  4.863750e-04  3.517757e-02  
   2.0300000  2.469586e-02  8.124828e-02  5.428226e-04  3.990627e-02  
   2.0400000  2.819634e-02  9.199563e-02  6.333300e-04  4.514977e-02  
   2.0500000  3.230928e-02  1.034383e-01  7.508011e-04  5.072837e-02  
   2.0599999  3.679911e-02  1.152021e-01  8.883285e-04  5.645750e-02  
   2.0699999  4.145145e-02  1.269014e-01  1.039601e-03  6.214771e-02  
   2.0799999  4.608826e-02  1.381424e-01  1.199177e-03  6.760602e-02  
   2.0899999  5.057398e-02  1.485272e-01  1.362534e-03  7.263827e-02  
   2.0999999  5.481371e-02  1.576616e-01  1.525852e-03  7.705261e-02  
   2.1099999  5.874549e-02  1.651663e-01  1.685585e-03  8.066514e-02  
   2.1199999  6.233166e-02  1.706970e-01  1.838016e-03  8.330946e-02  
   2.1300001  6.555329e-02  1.739720e-01  1.978998e-03  8.485013e-02  
   2.1400001  6.841159e-02  1.748071e-01  2.104104e-03  8.519940e-02  
   2.1500001  7.093770e-02  1.731499e-01  2.209254e-03  8.433390e-02  
   2.1600001  7.320649e-02  1.691043e-01  2.291645e-03  8.230609e-02  
   2.1700001  7.534900e-02  1.629339e-01  2.350698e-03  7.924616e-02  
   2.1800001  7.755597e-02  1.550422e-01  2.388631e-03  7.535194e-02  
   2.1900001  8.006594e-02  1.459279e-01  2.410334e-03  7.086711e-02  
   2.2000000  8.313552e-02  1.361243e-01  2.422409e-03  6.605191e-02  
   2.2100000  8.699431e-02  1.261359e-01  2.431563e-03  6.115208e-02  
   2.2200000  9.179115e-02  1.163833e-01  2.442698e-03  5.637215e-02  
   2.2300000  9.754232e-02  1.071668e-01  2.457265e-03  5.185819e-02  
   2.2400000  1.040931e-01  9.865422e-02  2.472358e-03  4.769155e-02  
   2.2500000  1.111028e-01  9.088895e-02  2.480885e-03  4.389323e-02  
   2.2600000  1.180604e-01  8.381640e-02  2.472842e-03  4.043663e-02  
   2.2700000  1.243326e-01  7.731985e-02  2.437467e-03  3.726501e-02  
   2.2800000  1.292402e-01  7.125940e-02  2.365795e-03  3.431036e-02  
   2.2900000  1.321523e-01  6.550802e-02  2.253069e-03  3.151086e-02  
   2.3000000  1.325809e-01  5.997936e-02  2.100505e-03  2.882420e-02  
   2.3099999  1.302611e-01  5.464436e-02  1.916106e-03  2.623563e-02  
   2.3199999  1.251983e-01  4.953473e-02  1.714428e-03  2.375956e-02  
   2.3299999  1.176765e-01  4.473346e-02  1.515470e-03  2.143498e-02  
   2.3399999  1.082259e-01  4.035522e-02  1.342934e-03  1.931604e-02  
   2.3499999  9.756191e-02  3.652072e-02  1.222196e-03  1.745982e-02  
   2.3599999  8.650988e-02  3.333104e-02  1.178172e-03  1.591395e-02  
   2.3699999  7.593141e-02  3.084682e-02  1.233201e-03  1.470679e-02  
   2.3800001  6.666331e-02  2.907693e-02  1.404974e-03  1.384199e-02  
   2.3900001  5.947265e-02  2.797809e-02  1.704496e-03  1.329833e-02  
   2.4000001  5.502051e-02  2.746427e-02  2.134280e-03  1.303427e-02  
   2.4100001  5.382974e-02  2.742349e-02  2.686932e-03  1.299597e-02  
   2.4200001  5.624685e-02  2.773673e-02  3.344515e-03  1.312630e-02  
   2.4300001  6.239758e-02  2.829432e-02  4.078965e-03  1.337268e-02  
   2.4400001  7.214228e-02  2.900648e-02  4.853729e-03  1.369207e-02  
   2.4500000  8.504323e-02  2.980599e-02  5.626529e-03  1.405231e-02  
   2.4600000  1.003585e-01  3.064417e-02  6.352992e-03  1.443015e-02  
   2.4700000  1.170731e-01  3.148251e-02  6.990603e-03  1.480736e-02  
   2.4800000  1.339717e-01  3.228382e-02  7.502505e-03  1.516648e-02  
   2.4900000  1.497490e-01  3.300588e-02  7.860589e-03  1.548782e-02  
   2.5000000  1.631428e-01  3.359942e-02  8.047572e-03  1.574850e-02  
   2.5100000  1.730771e-01  3.401154e-02  8.057874e-03  1.592395e-02  
   2.5200000  1.787937e-01  3.419407e-02  7.897406e-03  1.599186e-02  
   2.5300000  1.799607e-01  3.411727e-02  7.582603e-03  1.593843e-02  
   2.5400000  1.767418e-01  3.378789e-02  7.139082e-03  1.576674e-02  
   2.5500000  1.698172e-01  3.327050e-02  6.600350e-03  1.550655e-02  
   2.5599999  1.603406e-01  3.270785e-02  6.006720e-03  1.522362e-02  
   2.5699999  1.498277e-01  3.233342e-02  5.404221e-03  1.502542e-02  
   2.5799999  1.399731e-01  3.246711e-02  4.843001e-03  1.505915e-02  
   2.5899999  1.324130e-01  3.348675e-02  4.374611e-03  1.549847e-02  
   2.5999999  1.284677e-01  3.577224e-02  4.047758e-03  1.651785e-02  
   2.6099999  1.289177e-01  3.962900e-02  3.902708e-03  1.825733e-02  
   2.6199999  1.338683e-01  4.520541e-02  3.965252e-03  2.078457e-02  
   2.6300001  1.427445e-01  5.242578e-02  4.241667e-03  2.406424e-02  
   2.6400001  1.544266e-01  6.095840e-02  4.716177e-03  2.794346e-02  
   2.6500001  1.674967e-01  7.023435e-02  5.352052e-03  3.216071e-02  
   2.6600001  1.805326e-01  7.951409e-02  6.096317e-03  3.637659e-02  
   2.6700001  1.923706e-01  8.799052e-02  6.887073e-03  4.022142e-02  
   2.6800001  2.022758e-01  9.490564e-02  7.661684e-03  4.334870e-02  
   2.6900001  2.099865e-01  9.965479e-02  8.363794e-03  4.548296e-02  
   2.7000000  2.156413e-01  1.018591e-01  8.947879e-03  4.645271e-02  
   2.7100000  2.196331e-01  1.013955e-01  9.380925e-03  4.620404e-02  
   2.7200000  2.224430e-01  9.838536e-02  9.641930e-03  4.479482e-02  
   2.7300000  2.245042e-01  9.315100e-02  9.720483e-03  4.237454e-02  
   2.7400000  2.261281e-01  8.615376e-02  9.615777e-03  3.915574e-02  
   2.7500000  2.274961e-01  7.792760e-02  9.336596e-03  3.538336e-02  
   2.7600000  2.287049e-01  6.901805e-02  8.902145e-03  3.130676e-02  
   2.7700000  2.298422e-01  5.993275e-02  8.342748e-03  2.715729e-02  
   2.7800000  2.310618e-01  5.110577e-02  7.699206e-03  2.313198e-02  
   2.7900000  2.326356e-01  4.287507e-02  7.019974e-03  1.938372e-02  
   2.8000000  2.349626e-01  3.547240e-02  6.356074e-03  1.601671e-02  
   2.8099999  2.385263e-01  2.902406e-02  5.754492e-03  1.308718e-02  
   2.8199999  2.438050e-01  2.356116e-02  5.251489e-03  1.060817e-02  
   2.8299999  2.511522e-01  1.903805e-02  4.867397e-03  8.558012e-03  
   2.8399999  2.606754e-01  1.535582e-02  4.604117e-03  6.891131e-03  
   2.8499999  2.721472e-01  1.238783e-02  4.445872e-03  5.549481e-03  
   2.8599999  2.849797e-01  1.000281e-02  4.362987e-03  4.473095e-03  
   2.8699999  2.982761e-01  8.082687e-03  4.317816e-03  3.608013e-03  
   2.8800001  3.109608e-01  6.532718e-03  4.271534e-03  2.910868e-03  
   2.8900001  3.219596e-01  5.284264e-03  4.190594e-03  2.350129e-03  
   2.9000001  3.303970e-01  4.291266e-03  4.051682e-03  1.904491e-03  
   2.9100001  3.357607e-01  3.523700e-03  3.844652e-03  1.559962e-03  
   2.9200001  3.379988e-01  2.960243e-03  3.573088e-03  1.306547e-03  
   2.9300001  3.375281e-01  2.582468e-03  3.252777e-03  1.135652e-03  
   2.9400001  3.351508e-01  2.371646e-03  2.908517e-03  1.038632e-03  
   2.9500000  3.319036e-01  2.308151e-03  2.569980e-03  1.006490e-03  
   2.9600000  3.288730e-01  2.372640e-03  2.267322e-03  1.030387e-03  
   2.9700000  3.270150e-01  2.547812e-03  2.027147e-03  1.102405e-03  
   2.9800000  3.270163e-01  2.819564e-03  1.869313e-03  1.216056e-03  
   2.9900000  3.292163e-01  3.176770e-03  1.804817e-03  1.366205e-03  
   3.0000000  3.335932e-01  3.609524e-03  1.834843e-03  1.548322e-03  
   3.0100000  3.398078e-01  4.106281e-03  1.950952e-03  1.757262e-03  
   3.0200000  3.472837e-01  4.650808e-03  2.136278e-03  1.985964e-03  
   3.0300000  3.553044e-01  5.220000e-03  2.367550e-03  2.224509e-03  
   3.0400000  3.631090e-01  5.783502e-03  2.617705e-03  2.459966e-03  
   3.0500000  3.699736e-01  6.305655e-03  2.858793e-03  2.677211e-03  
   3.0599999  3.752732e-01  6.749737e-03  3.064869e-03  2.860716e-03  
   3.0699999  3.785264e-01  7.083741e-03  3.214580e-03  2.996990e-03  
   3.0799999  3.794220e-01  7.286556e-03  3.293201e-03  3.077167e-03  
   3.0899999  3.778378e-01  7.352980e-03  3.293982e-03  3.099093e-03  
   3.0999999  3.738450e-01  7.296222e-03  3.218627e-03  3.068358e-03  
   3.1099999  3.677017e-01  7.146979e-03  3.076865e-03  2.997867e-03  
   3.1199999  3.598269e-01  6.948974e-03  2.885027e-03  2.905949e-03  
   3.1300001  3.507521e-01  6.751699e-03  2.663696e-03  2.813296e-03  
   3.1400001  3.410544e-01  6.601899e-03  2.434693e-03  2.739420e-03  
   3.1500001  3.312741e-01  6.535518e-03  2.217758e-03  2.699298e-03  
   3.1600001  3.218395e-01  6.571837e-03  2.027632e-03  2.700978e-03  
   3.1700001  3.130119e-01  6.710795e-03  1.872069e-03  2.744511e-03  
   3.1800001  3.048658e-01  6.933819e-03  1.751260e-03  2.822348e-03  
   3.1900001  2.973101e-01  7.207645e-03  1.658747e-03  2.920961e-03  
   3.2000000  2.901422e-01  7.490133e-03  1.583589e-03  3.023283e-03  
   3.2100000  2.831210e-01  7.736892e-03  1.513196e-03  3.111423e-03  
   3.2200000  2.760382e-01  7.907554e-03  1.436152e-03  3.169220e-03  
   3.2300000  2.687742e-01  7.970919e-03  1.344412e-03  3.184304e-03  
   3.2400000  2.613268e-01  7.908503e-03  1.234499e-03  3.149465e-03  
   3.2500000  2.538150e-01  7.716337e-03  1.107607e-03  3.063310e-03  
   3.2600000  2.464612e-01  7.405101e-03  9.687846e-04  2.930245e-03  
   3.2700000  2.395657e-01  6.998786e-03  8.255325e-04  2.759884e-03  
   3.2800000  2.334783e-01  6.532100e-03  6.862091e-04  2.565964e-03  
   3.2900000  2.285765e-01  6.046868e-03  5.585810e-04  2.364913e-03  
   3.3000000  2.252497e-01  5.587701e-03  4.487529e-04  2.174150e-03  
   3.3099999  2.238833e-01  5.197308e-03  3.605870e-04  2.010282e-03  
   3.3199999  2.248385e-01  4.911982e-03  2.956008e-04  1.887392e-03  
   3.3299999  2.284189e-01  4.757784e-03  2.532447e-04  1.815609e-03  
   3.3399999  2.348202e-01  4.748081e-03  2.314019e-04  1.800202e-03  
   3.3499999  2.440677e-01  4.882843e-03  2.269494e-04  1.841344e-03  
   3.3599999  2.559500e-01  5.149993e-03  2.362343e-04  1.934624e-03  
   3.3699999  2.699723e-01  5.528588e-03  2.553941e-04  2.072256e-03  
   3.3800001  2.853452e-01  5.993355e-03  2.805145e-04  2.244763e-03  
   3.3900001  3.010286e-01  6.519594e-03  3.076907e-04  2.442808e-03  
   3.4000001  3.158386e-01  7.087614e-03  3.331002e-04  2.658834e-03  
   3.4100001  3.286038e-01  7.685458e-03  3.531653e-04  2.888094e-03  
   3.4200001  3.383440e-01  8.309479e-03  3.648449e-04  3.128876e-03  
   3.4300001  3.444391e-01  8.962655e-03  3.660135e-04  3.381899e-03  
   3.4400001  3.467447e-01  9.651138e-03  3.558244e-04  3.649059e-03  
   3.4500000  3.456318e-01  1.038007e-02  3.349375e-04  3.931899e-03  
   3.4600000  3.419400e-01  1.114986e-02  3.055240e-04  4.230238e-03  
   3.4700000  3.368562e-01  1.195375e-02  2.710293e-04  4.541283e-03  
   3.4800000  3.317481e-01  1.277738e-02  2.357542e-04  4.859455e-03  
   3.4900000  3.279836e-01  1.359997e-02  2.043667e-04  5.176814e-03  
   3.5000000  3.267718e-01  1.439668e-02  1.814695e-04  5.483944e-03  
   3.5100000  3.290427e-01  1.514133e-02  1.713181e-04  5.770932e-03  
   3.5200000  3.353778e-01  1.580880e-02  1.777215e-04  6.028258e-03  
   3.5300000  3.459897e-01  1.637669e-02  2.041030e-04  6.247421e-03  
   3.5400000  3.607415e-01  1.682641e-02  2.536442e-04  6.421324e-03  
   3.5500000  3.791960e-01  1.714365e-02  3.294271e-04  6.544485e-03  
   3.5599999  4.006794e-01  1.731885e-02  4.344924e-04  6.613194e-03  
   3.5699999  4.243472e-01  1.734726e-02  5.717729e-04  6.625597e-03  
   3.5799999  4.492425e-01  1.722897e-02  7.439081e-04  6.581684e-03  
   3.5899999  4.743385e-01  1.696823e-02  9.529953e-04  6.483048e-03  
   3.5999999  4.985661e-01  1.657220e-02  1.200377e-03  6.332429e-03  
   3.6099999  5.208330e-01  1.604923e-02  1.486572e-03  6.133048e-03  
   3.6199999  5.400489e-01  1.540737e-02  1.811441e-03  5.888025e-03  
   3.6300001  5.551698e-01  1.465360e-02  2.174609e-03  5.600081e-03  
   3.6400001  5.652719e-01  1.379469e-02  2.576025e-03  5.271857e-03  
   3.6500001  5.696622e-01  1.283938e-02  3.016653e-03  4.906753e-03  
   3.6600001  5.680056e-01  1.180185e-02  3.498927e-03  4.510222e-03  
   3.6700001  5.604533e-01  1.070511e-02  4.026997e-03  4.091076e-03  
   3.6800001  5.477384e-01  9.583361e-03  4.606736e-03  3.662400e-03  
   3.6900001  5.312095e-01  8.482458e-03  5.245674e-03  3.241716e-03  
   3.7000000  5.127815e-01  7.457957e-03  5.953048e-03  2.850248e-03  
   3.7100000  4.947970e-01  6.570808e-03  6.740111e-03  2.511273e-03  
   3.7200000  4.798066e-01  5.881143e-03  7.620405e-03  2.247758e-03  
   3.7300000  4.702948e-01  5.441028e-03  8.609417e-03  2.079584e-03  
   3.7400000  4.683826e-01  5.287284e-03  9.722731e-03  2.020805e-03  
   3.7500000  4.755446e-01  5.435898e-03  1.097182e-02  2.077514e-03  
   3.7600000  4.923718e-01  5.879690e-03  1.235739e-02  2.246939e-03  
   3.7700000  5.184092e-01  6.590529e-03  1.386103e-02  2.518297e-03  
   3.7800000  5.520964e-01  7.526420e-03  1.543750e-02  2.875497e-03  
   3.7900000  5.908357e-01  8.642168e-03  1.701046e-02  3.301210e-03  
   3.8000000  6.312109e-01  9.900522e-03  1.847490e-02  3.781141e-03  
   3.8099999  6.693655e-01  1.127991e-02  1.970815e-02  4.306972e-03  
   3.8199999  7.015128e-01  1.277506e-02  2.058921e-02  4.876615e-03  
   3.8299999  7.245137e-01  1.438902e-02  2.102295e-02  5.491182e-03  
   3.8399999  7.364065e-01  1.611810e-02  2.096366e-02  6.149236e-03  
   3.8499999  7.367610e-01  1.793417e-02  2.043082e-02  6.840040e-03  
   3.8599999  7.267376e-01  1.977047e-02  1.951129e-02  7.538169e-03  
   3.8699999  7.088076e-01  2.151687e-02  1.834550e-02  8.201682e-03  
   3.8800001  6.861831e-01  2.302785e-02  1.709959e-02  8.775190e-03  
   3.8900001  6.621032e-01  2.414298e-02  1.593067e-02  9.197653e-03  
   3.9000001  6.391609e-01  2.471618e-02  1.495410e-02  9.413528e-03  
   3.9100001  6.188678e-01  2.464637e-02  1.422235e-02  9.384437e-03  
   3.9200001  6.015437e-01  2.390207e-02  1.372089e-02  9.098483e-03  
   3.9300001  5.865330e-01  2.253301e-02  1.338105e-02  8.574701e-03  
   3.9400001  5.726300e-01  2.066541e-02  1.310493e-02  7.861202e-03  
   3.9500000  5.585583e-01  1.848111e-02  1.279379e-02  7.027237e-03  
   3.9600000  5.433593e-01  1.618562e-02  1.237162e-02  6.151010e-03  
   3.9700000  5.266010e-01  1.397235e-02  1.179792e-02  5.306109e-03  
   3.9800000  5.084031e-01  1.199170e-02  1.106864e-02  4.549760e-03  
   3.9900000  4.893233e-01  1.033174e-02  1.020794e-02  3.915500e-03  
   4.0000000  4.701794e-01  9.013820e-03  9.255754e-03  3.411512e-03  
   4.0100002  4.518609e-01  8.002328e-03  8.256165e-03  3.024360e-03  
   4.0200000  4.351681e-01  7.224708e-03  7.249945e-03  2.726576e-03  
   4.0300002  4.206833e-01  6.594995e-03  6.271284e-03  2.485577e-03  
   4.0400000  4.086892e-01  6.035667e-03  5.348418e-03  2.271947e-03  
   4.0500002  3.991248e-01  5.492163e-03  4.504503e-03  2.064926e-03  
   4.0599999  3.916043e-01  4.939127e-03  3.758436e-03  1.854766e-03  
   4.0700002  3.854903e-01  4.377941e-03  3.123537e-03  1.641804e-03  
   4.0799999  3.800272e-01  3.829003e-03  2.605908e-03  1.433540e-03  
   4.0900002  3.744975e-01  3.321301e-03  2.202562e-03  1.240702e-03  
   4.0999999  3.683766e-01  2.883454e-03  1.901414e-03  1.073862e-03  
   4.1100001  3.614346e-01  2.537576e-03  1.682886e-03  9.411015e-04  
   4.1199999  3.537772e-01  2.297461e-03  1.523450e-03  8.473222e-04  
   4.1300001  3.458034e-01  2.169731e-03  1.399696e-03  7.946559e-04  
   4.1399999  3.381114e-01  2.156781e-03  1.292146e-03  7.835819e-04  
   4.1500001  3.313681e-01  2.259283e-03  1.187625e-03  8.138933e-04  
   4.1599998  3.261845e-01  2.476958e-03  1.079981e-03  8.850559e-04  
   4.1700001  3.230134e-01  2.807036e-03  9.691262e-04  9.957284e-04  
   4.1799998  3.220910e-01  3.240766e-03  8.590949e-04  1.142576e-03  
   4.1900001  3.234193e-01  3.759600e-03  7.556521e-04  1.318949e-03  
   4.1999998  3.267826e-01  4.332294e-03  6.642456e-04  1.513871e-03  
   4.2100000  3.317871e-01  4.915060e-03  5.885254e-04  1.712095e-03  
   4.2199998  3.379061e-01  5.454859e-03  5.297338e-04  1.895236e-03  
   4.2300000  3.445249e-01  5.896409e-03  4.867520e-04  2.044200e-03  
   4.2399998  3.509753e-01  6.190850e-03  4.567176e-04  2.142171e-03  
   4.2500000  3.565665e-01  6.304844e-03  4.358754e-04  2.177730e-03  
   4.2600002  3.606129e-01  6.227334e-03  4.204883e-04  2.147148e-03  
   4.2700000  3.624717e-01  5.972720e-03  4.075704e-04  2.055444e-03  
   4.2800002  3.615936e-01  5.579384e-03  3.953237e-04  1.915807e-03  
   4.2900000  3.575870e-01  5.104248e-03  3.832197e-04  1.747686e-03  
   4.3000002  3.502884e-01  4.614334e-03  3.717392e-04  1.573851e-03  
   4.3099999  3.398288e-01  4.177821e-03  3.618975e-04  1.417295e-03  
   4.3200002  3.266714e-01  3.855852e-03  3.547078e-04  1.298434e-03  
   4.3299999  3.116182e-01  3.697149e-03  3.507891e-04  1.233277e-03  
   4.3400002  2.957604e-01  3.735363e-03  3.502413e-04  1.232563e-03  
   4.3499999  2.803944e-01  3.989205e-03  3.528519e-04  1.301877e-03  
   4.3600001  2.668911e-01  4.464035e-03  3.585618e-04  1.442284e-03  
   4.3699999  2.565579e-01  5.153524e-03  3.680359e-04  1.651024e-03  
   4.3800001  2.504957e-01  6.040657e-03  3.831401e-04  1.921996e-03  
   4.3899999  2.494874e-01  7.097060e-03  4.071296e-04  2.245690e-03  
   4.4000001  2.539238e-01  8.282191e-03  4.444436e-04  2.609021e-03  
   4.4099998  2.637853e-01  9.542375e-03  5.000622e-04  2.995072e-03  
   4.4200001  2.786830e-01  1.081267e-02  5.785422e-04  3.383667e-03  
   4.4299998  2.979456e-01  1.202090e-02  6.828425e-04  3.752589e-03  
   4.4400001  3.207516e-01  1.309556e-02  8.132665e-04  4.079971e-03  
   4.4499998  3.462646e-01  1.397463e-02  9.666658e-04  4.346978e-03  
   4.4600000  3.737755e-01  1.461488e-02  1.136311e-03  4.540611e-03  
   4.4699998  4.027958e-01  1.499784e-02  1.312385e-03  4.655512e-03  
   4.4800000  4.331294e-01  1.513196e-02  1.483311e-03  4.694570e-03  
   4.4899998  4.648771e-01  1.504957e-02  1.637454e-03  4.667959e-03  
   4.5000000  4.984267e-01  1.479984e-02  1.765051e-03  4.590945e-03  
   4.5100002  5.343913e-01  1.443939e-02  1.859659e-03  4.480983e-03  
   4.5200000  5.735440e-01  1.402255e-02  1.918952e-03  4.354724e-03  
   4.5300002  6.167362e-01  1.359317e-02  1.944585e-03  4.225516e-03  
   4.5400000  6.647801e-01  1.317949e-02  1.941358e-03  4.101852e-03  
   4.5500002  7.183413e-01  1.279216e-02  1.916076e-03  3.986767e-03  
   4.5599999  7.777947e-01  1.242570e-02  1.876639e-03  3.878316e-03  
   4.5700002  8.431405e-01  1.206217e-02  1.831657e-03  3.770710e-03  
   4.5799999  9.139457e-01  1.167675e-02  1.790677e-03  3.656047e-03  
   4.5900002  9.894398e-01  1.124348e-02  1.764628e-03  3.526078e-03  
   4.5999999  1.068694e+00  1.074089e-02  1.765961e-03  3.373950e-03  
   4.6100001  1.150972e+00  1.015604e-02  1.807900e-03  3.195494e-03  
   4.6199999  1.236057e+00  9.487395e-03  1.902559e-03  2.990100e-03  
   4.6300001  1.324599e+00  8.745417e-03  2.058153e-03  2.760955e-03  
   4.6399999  1.418211e+00  7.952219e-03  2.275906e-03  2.514954e-03  
   4.6500001  1.519395e+00  7.139630e-03  2.547750e-03  2.262123e-03  
   4.6599998  1.631138e+00  6.347458e-03  2.855466e-03  2.015115e-03  
   4.6700001  1.756417e+00  5.621338e-03  3.172140e-03  1.788548e-03  
   4.6799998  1.897574e+00  5.011840e-03  3.465491e-03  1.598748e-03  
   4.6900001  2.055906e+00  4.573692e-03  3.702892e-03  1.463516e-03  
   4.6999998  2.231379e+00  4.365867e-03  3.856605e-03  1.402156e-03  
   4.7100000  2.422743e+00  4.450817e-03  3.908464e-03  1.435219e-03  
   4.7199998  2.627755e+00  4.892234e-03  3.852718e-03  1.583764e-03  
   4.7300000  2.843670e+00  5.750061e-03  3.696643e-03  1.867709e-03  
   4.7399998  3.067615e+00  7.071845e-03  3.458858e-03  2.302997e-03  
   4.7500000  3.297039e+00  8.881696e-03  3.165685e-03  2.897960e-03  
   4.7600002  3.529898e+00  1.116742e-02  2.846598e-03  3.649093e-03  
   4.7700000  3.764800e+00  1.387006e-02  2.529520e-03  4.537588e-03  
   4.7800002  4.001038e+00  1.687926e-02  2.236932e-03  5.527772e-03  
   4.7900000  4.238421e+00  2.003553e-02  1.983692e-03  6.567789e-03  
   4.8000002  4.477148e+00  2.314384e-02  1.776470e-03  7.593974e-03  
   4.8099999  4.717411e+00  2.599283e-02  1.615126e-03  8.537115e-03  
   4.8200002  4.959109e+00  2.838043e-02  1.495156e-03  9.330765e-03  
   4.8299999  5.201374e+00  3.013648e-02  1.410835e-03  9.918682e-03  
   4.8400002  5.442381e+00  3.114184e-02  1.357986e-03  1.026109e-02  
   4.8499999  5.679191e+00  3.133778e-02  1.335891e-03  1.033783e-02  
   4.8600001  5.908043e+00  3.072771e-02  1.347817e-03  1.014907e-02  
   4.8699999  6.124749e+00  2.937137e-02  1.400138e-03  9.713450e-03  
   4.8800001  6.325439e+00  2.737431e-02  1.500353e-03  9.064827e-03  
   4.8899999  6.507105e+00  2.487616e-02  1.654564e-03  8.248514e-03  
   4.9000001  6.668160e+00  2.203701e-02  1.865212e-03  7.316899e-03  
   4.9099998  6.808488e+00  1.902576e-02  2.129651e-03  6.325624e-03  
   4.9200001  6.929281e+00  1.600630e-02  2.440297e-03  5.329040e-03  
   4.9299998  7.032489e+00  1.312640e-02  2.786153e-03  4.376456e-03  
   4.9400001  7.120203e+00  1.050556e-02  3.155829e-03  3.507990e-03  
   4.9499998  7.194012e+00  8.227486e-03  3.540862e-03  2.751996e-03  
   4.9600000  7.254642e+00  6.334887e-03  3.938850e-03  2.123190e-03  
   4.9699998  7.301828e+00  4.831272e-03  4.354842e-03  1.623171e-03  
   4.9800000  7.334548e+00  3.686444e-03  4.800800e-03  1.242203e-03  
   4.9899998  7.351432e+00  2.847380e-03  5.292381e-03  9.628265e-04  
   5.0000000  7.351313e+00  2.249905e-03  5.844194e-03  7.637650e-04  
   5.0100002  7.333663e+00  1.830428e-03  6.464067e-03  6.238820e-04  
   5.0200000  7.298829e+00  1.534321e-03  7.148417e-03  5.250126e-04  
   5.0300002  7.247994e+00  1.320386e-03  7.880066e-03  4.534753e-04  
   5.0400000  7.182847e+00  1.161335e-03  8.629042e-03  4.002404e-04  
   5.0500002  7.105023e+00  1.041087e-03  9.357197e-03  3.600149e-04  
   5.0599999  7.015572e+00  9.508052e-04  1.002472e-02  3.299018e-04  
   5.0700002  6.914443e+00  8.850158e-04  1.059780e-02  3.080869e-04  
   5.0799999  6.800371e+00  8.390938e-04  1.105443e-02  2.929962e-04  
   5.0900002  6.670997e+00  8.083728e-04  1.138768e-02  2.830075e-04  
   5.0999999  6.523482e+00  7.887196e-04  1.160470e-02  2.766632e-04  
   5.1100001  6.355296e+00  7.778343e-04  1.172254e-02  2.731291e-04  
   5.1199999  6.165335e+00  7.765465e-04  1.176160e-02  2.726463e-04  
   5.1300001  5.954886e+00  7.894735e-04  1.173910e-02  2.767582e-04  
   5.1399999  5.728552e+00  8.247329e-04  1.166411e-02  2.882098e-04  
   5.1500001  5.494598e+00  8.927489e-04  1.153579e-02  3.105294e-04  
   5.1599998  5.264868e+00  1.004400e-03  1.134503e-02  3.473878e-04  
   5.1700001  5.053790e+00  1.169001e-03  1.107869e-02  4.019059e-04  
   5.1799998  4.876882e+00  1.392459e-03  1.072529e-02  4.760275e-04  
   5.1900001  4.748591e+00  1.676078e-03  1.028006e-02  5.701283e-04  
   5.1999998  4.680173e+00  2.015962e-03  9.748395e-03  6.828315e-04  
   5.2100000  4.677780e+00  2.403283e-03  9.146333e-03  8.111221e-04  
   5.2199998  4.741413e+00  2.824889e-03  8.498687e-03  9.505718e-04  
   5.2300000  4.864895e+00  3.264503e-03  7.834747e-03  1.095756e-03  
   5.2399998  5.036920e+00  3.703826e-03  7.183586e-03  1.240622e-03  
   5.2500000  5.243003e+00  4.123996e-03  6.569244e-03  1.378969e-03  
   5.2600002  5.467804e+00  4.506804e-03  6.007839e-03  1.504839e-03  
   5.2700000  5.697426e+00  4.836133e-03  5.506355e-03  1.612971e-03  
   5.2800002  5.921223e+00  5.099354e-03  5.063428e-03  1.699259e-03  
   5.2900000  6.132706e+00  5.288522e-03  4.671824e-03  1.761126e-03  
   5.3000002  6.329759e+00  5.401568e-03  4.321213e-03  1.797929e-03  
   5.3099999  6.513985e+00  5.443169e-03  4.001176e-03  1.811238e-03  
   5.3200002  6.689795e+00  5.425679e-03  3.703304e-03  1.805162e-03  
   5.3299999  6.863283e+00  5.370112e-03  3.422839e-03  1.786682e-03  
   5.3400002  7.041379e+00  5.307353e-03  3.159382e-03  1.766067e-03  
   5.3499999  7.231225e+00  5.279310e-03  2.917298e-03  1.757272e-03  
   5.3600001  7.439935e+00  5.339150e-03  2.705304e-03  1.778021e-03  
   5.3699999  7.674418e+00  5.549472e-03  2.535526e-03  1.849206e-03  
   5.3800001  7.941296e+00  5.977178e-03  2.421422e-03  1.993172e-03  
   5.3899999  8.246531e+00  6.684195e-03  2.374987e-03  2.230627e-03  
   5.4000001  8.595011e+00  7.714955e-03  2.403367e-03  2.576441e-03  
   5.4099998  8.989821e+00  9.081800e-03  2.505861e-03  3.034776e-03  
   5.4200001  9.431779e+00  1.075279e-02  2.672183e-03  3.594987e-03  
   5.4299998  9.918937e+00  1.264400e-02  2.882666e-03  4.229045e-03  
   5.4400001  1.044676e+01  1.462200e-02  3.110788e-03  4.892323e-03  
   5.4499998  1.100840e+01  1.651544e-02  3.327335e-03  5.527504e-03  
   5.4600000  1.159560e+01  1.813822e-02  3.505467e-03  6.072268e-03  
   5.4699998  1.219942e+01  1.931745e-02  3.625095e-03  6.468696e-03  
   5.4800000  1.281126e+01  1.992358e-02  3.675701e-03  6.673332e-03  
   5.4899998  1.342318e+01  1.989387e-02  3.656758e-03  6.665074e-03  
   5.5000000  1.402832e+01  1.924514e-02  3.575983e-03  6.449472e-03  
   5.5100002  1.462061e+01  1.807205e-02  3.446023e-03  6.058159e-03  
   5.5200000  1.519455e+01  1.653130e-02  3.280756e-03  5.543593e-03  
   5.5300002  1.574499e+01  1.481480e-02  3.092141e-03  4.970079e-03  
   5.5400000  1.626685e+01  1.311885e-02  2.888602e-03  4.403430e-03  
   5.5500002  1.675554e+01  1.161354e-02  2.674825e-03  3.900707e-03  
   5.5599999  1.720730e+01  1.042031e-02  2.453014e-03  3.502665e-03  
   5.5700002  1.762015e+01  9.598596e-03  2.224592e-03  3.229253e-03  
   5.5799999  1.799457e+01  9.144709e-03  1.991968e-03  3.079225e-03  
   5.5900002  1.833431e+01  9.000027e-03  1.759511e-03  3.032866e-03  
   5.5999999  1.864667e+01  9.067258e-03  1.533838e-03  3.057454e-03  
   5.6100001  1.894243e+01  9.230644e-03  1.323205e-03  3.114050e-03  
   5.6199999  1.923504e+01  9.377212e-03  1.136627e-03  3.164653e-03  
   5.6300001  1.953946e+01  9.415870e-03  9.827242e-04  3.178630e-03  
   5.6399999  1.987028e+01  9.291646e-03  8.688513e-04  3.137538e-03  
   5.6500001  2.023983e+01  8.993144e-03  8.003029e-04  3.037624e-03  
   5.6599998  2.065617e+01  8.552137e-03  7.798119e-04  2.889718e-03  
   5.6700001  2.112171e+01  8.035381e-03  8.071213e-04  2.716451e-03  
   5.6799998  2.163234e+01  7.530732e-03  8.787384e-04  2.547581e-03  
   5.6900001  2.217775e+01  7.130015e-03  9.879182e-04  2.414200e-03  
   5.6999998  2.274232e+01  6.913153e-03  1.124975e-03  2.343363e-03  
   5.7100000  2.330718e+01  6.936282e-03  1.278102e-03  2.354064e-03  
   5.7199998  2.385215e+01  7.226699e-03  1.434540e-03  2.455520e-03  
   5.7300000  2.435838e+01  7.784705e-03  1.582091e-03  2.647774e-03  
   5.7399998  2.481014e+01  8.590776e-03  1.710473e-03  2.924128e-03  
   5.7500000  2.519652e+01  9.615715e-03  1.812405e-03  3.274559e-03  
   5.7600002  2.551223e+01  1.083000e-02  1.883970e-03  3.688889e-03  
   5.7700000  2.575793e+01  1.221066e-02  1.924388e-03  4.159122e-03  
   5.7800002  2.593996e+01  1.374447e-02  1.935276e-03  4.680541e-03  
   5.7900000  2.606960e+01  1.542673e-02  1.919703e-03  5.251310e-03  
   5.8000002  2.616222e+01  1.725821e-02  1.881420e-03  5.871488e-03  
   5.8099999  2.623621e+01  1.923943e-02  1.824459e-03  6.541105e-03  
   5.8200002  2.631189e+01  2.136572e-02  1.753129e-03  7.258503e-03  
   5.8299999  2.641040e+01  2.362104e-02  1.672349e-03  8.018275e-03  
   5.8400002  2.655246e+01  2.597426e-02  1.588005e-03  8.810009e-03  
   5.8499999  2.675696e+01  2.837553e-02  1.507189e-03  9.617022e-03  
   5.8600001  2.703941e+01  3.075665e-02  1.438073e-03  1.041648e-02  
   5.8699999  2.741013e+01  3.303260e-02  1.389478e-03  1.117990e-02  
   5.8800001  2.787269e+01  3.510782e-02  1.370080e-03  1.187523e-02  
   5.8899999  2.842265e+01  3.688320e-02  1.387478e-03  1.246919e-02  
   5.9000001  2.904748e+01  3.826571e-02  1.447209e-03  1.293054e-02  
   5.9099998  2.972750e+01  3.917681e-02  1.551877e-03  1.323288e-02  
   5.9200001  3.043862e+01  3.956120e-02  1.700591e-03  1.335765e-02  
   5.9299998  3.115573e+01  3.939390e-02  1.888730e-03  1.329645e-02  
   5.9400001  3.185694e+01  3.868673e-02  2.108331e-03  1.305331e-02  
   5.9499998  3.252703e+01  3.749370e-02  2.348940e-03  1.264644e-02  
   5.9600000  3.316006e+01  3.591356e-02  2.599214e-03  1.210911e-02  
   5.9699998  3.375970e+01  3.408915e-02  2.848871e-03  1.148943e-02  
   5.9800000  3.433848e+01  3.219960e-02  3.091092e-03  1.084768e-02  
   5.9899998  3.491499e+01  3.044720e-02  3.324644e-03  1.025193e-02  
   6.0000000  3.551119e+01  2.903720e-02  3.555598e-03  9.771195e-03  
   6.0100002  3.614915e+01  2.815639e-02  3.797791e-03  9.468280e-03  
   6.0200000  3.684877e+01  2.795230e-02  4.071901e-03  9.392795e-03  
   6.0300002  3.762630e+01  2.851844e-02  4.402898e-03  9.576233e-03  
   6.0400000  3.849320e+01  2.988753e-02  4.815993e-03  1.002973e-02  
   6.0500002  3.945610e+01  3.203274e-02  5.332087e-03  1.074451e-02  
   6.0599999  4.051619e+01  3.487410e-02  5.963151e-03  1.169406e-02  
   6.0700002  4.166938e+01  3.828872e-02  6.709175e-03  1.283762e-02  
   6.0799999  4.290580e+01  4.211949e-02  7.556629e-03  1.412299e-02  
   6.0900002  4.420994e+01  4.618450e-02  8.479688e-03  1.548969e-02  
   6.0999999  4.556042e+01  5.028300e-02  9.442770e-03  1.687086e-02  
   6.1100001  4.693089e+01  5.420466e-02  1.040493e-02  1.819628e-02  
   6.1199999  4.829040e+01  5.773779e-02  1.132370e-02  1.939504e-02  
   6.1300001  4.960538e+01  6.068422e-02  1.215904e-02  2.040046e-02  
   6.1399999  5.084095e+01  6.287501e-02  1.287538e-02  2.115539e-02  
   6.1500001  5.196362e+01  6.419186e-02  1.344322e-02  2.161938e-02  
   6.1599998  5.294348e+01  6.458753e-02  1.383947e-02  2.177572e-02  
   6.1700001  5.375707e+01  6.410550e-02  1.404799e-02  2.163807e-02  
   6.1799998  5.438994e+01  6.289138e-02  1.406010e-02  2.125459e-02  
   6.1900001  5.483898e+01  6.119202e-02  1.387553e-02  2.070767e-02  
   6.1999998  5.511398e+01  5.933774e-02  1.350336e-02  2.010813e-02  
   6.2100000  5.523814e+01  5.770466e-02  1.296218e-02  1.958253e-02  
   6.2199998  5.524721e+01  5.666259e-02  1.227946e-02  1.925552e-02  
   6.2300000  5.518699e+01  5.651372e-02  1.148903e-02  1.922912e-02  
   6.2399998  5.510949e+01  5.743713e-02  1.062782e-02  1.956386e-02  
   6.2500000  5.506809e+01  5.945084e-02  9.731472e-03  2.026578e-02  
   6.2600002  5.511250e+01  6.240208e-02  8.830832e-03  2.128310e-02  
   6.2700000  5.528389e+01  6.598979e-02  7.949227e-03  2.251382e-02  
   6.2800002  5.561160e+01  6.981695e-02  7.101487e-03  2.382338e-02  
   6.2900000  5.611111e+01  7.345810e-02  6.295260e-03  2.506764e-02  
   6.3000002  5.678421e+01  7.653213e-02  5.533051e-03  2.611753e-02  
   6.3099999  5.762056e+01  7.875980e-02  4.815525e-03  2.687862e-02  
   6.3200002  5.860100e+01  8.000033e-02  4.143917e-03  2.730351e-02  
   6.3299999  5.970113e+01  8.025837e-02  3.522072e-03  2.739421e-02  
   6.3400002  6.089560e+01  7.966652e-02  2.956675e-03  2.719615e-02  
   6.3499999  6.216123e+01  7.844941e-02  2.456713e-03  2.678600e-02  
   6.3600001  6.347992e+01  7.687858e-02  2.031615e-03  2.625626e-02  
   6.3699999  6.483919e+01  7.522816e-02  1.689369e-03  2.570030e-02  
   6.3800001  6.623208e+01  7.373592e-02  1.434407e-03  2.519895e-02  
   6.3899999  6.765509e+01  7.257529e-02  1.266296e-03  2.481114e-02  
   6.4000001  6.910586e+01  7.183781e-02  1.179019e-03  2.456783e-02  
   6.4099998  7.058025e+01  7.152841e-02  1.161367e-03  2.447040e-02  
   6.4200001  7.207085e+01  7.157189e-02  1.198171e-03  2.449285e-02  
   6.4299998  7.356616e+01  7.183073e-02  1.272344e-03  2.458790e-02  
   6.4400001  7.505251e+01  7.213162e-02  1.367358e-03  2.469596e-02  
   6.4499998  7.651650e+01  7.229663e-02  1.469675e-03  2.475592e-02  
   6.4600000  7.794967e+01  7.217284e-02  1.570742e-03  2.471515e-02  
   6.4699998  7.935221e+01  7.165406e-02  1.667994e-03  2.453715e-02  
   6.4800000  8.073655e+01  7.068994e-02  1.764800e-03  2.420452e-02  
   6.4899998  8.212821e+01  6.928100e-02  1.869204e-03  2.371755e-02  
   6.5000000  8.356484e+01  6.746221e-02  1.991895e-03  2.308844e-02  
   6.5100002  8.509176e+01  6.528205e-02  2.143738e-03  2.233428e-02  
   6.5200000  8.675608e+01  6.278332e-02  2.333549e-03  2.147037e-02  
   6.5300002  8.859984e+01  5.999216e-02  2.566558e-03  2.050647e-02  
   6.5400000  9.065281e+01  5.691979e-02  2.843729e-03  1.944720e-02  
   6.5500002  9.292821e+01  5.357293e-02  3.162112e-03  1.829559e-02  
   6.5599999  9.541933e+01  4.997350e-02  3.515538e-03  1.705964e-02  
   6.5700002  9.810102e+01  4.617665e-02  3.895538e-03  1.575848e-02  
   6.5799999  1.009322e+02  4.228744e-02  4.291548e-03  1.442805e-02  
   6.5900002  1.038624e+02  3.846566e-02  4.690701e-03  1.312279e-02  
   6.5999999  1.068385e+02  3.492233e-02  5.076940e-03  1.191451e-02  
   6.6100001  1.098133e+02  3.190134e-02  5.430602e-03  1.088621e-02  
   6.6199999  1.127520e+02  2.965320e-02  5.728665e-03  1.012317e-02  
   6.6300001  1.156381e+02  2.839952e-02  5.946676e-03  9.700891e-03  
   6.6399999  1.184748e+02  2.829793e-02  6.061840e-03  9.673103e-03  
   6.6500001  1.212838e+02  2.941162e-02  6.057027e-03  1.006134e-02  
   6.6599998  1.240986e+02  3.169267e-02  5.924313e-03  1.084925e-02  
   6.6700001  1.269567e+02  3.498519e-02  5.667218e-03  1.198362e-02  
   6.6799998  1.298887e+02  3.904910e-02  5.301004e-03  1.338246e-02  
   6.6900001  1.329109e+02  4.360414e-02  4.850955e-03  1.495011e-02  
   6.6999998  1.360191e+02  4.838098e-02  4.349573e-03  1.659468e-02  
   6.7100000  1.391897e+02  5.317197e-02  3.833093e-03  1.824538e-02  
   6.7199998  1.423824e+02  5.786105e-02  3.338675e-03  1.986286e-02  
   6.7300000  1.455507e+02  6.243019e-02  2.901912e-03  2.144129e-02  
   6.7399998  1.486492e+02  6.693250e-02  2.555334e-03  2.299917e-02  
   6.7500000  1.516439e+02  7.144649e-02  2.326863e-03  2.456353e-02  
   6.7600002  1.545159e+02  7.601981e-02  2.238618e-03  2.615069e-02  
   6.7700000  1.572634e+02  8.062754e-02  2.305471e-03  2.775181e-02  
   6.7800002  1.598989e+02  8.515891e-02  2.533887e-03  2.932851e-02  
   6.7900000  1.624432e+02  8.943982e-02  2.921133e-03  3.082049e-02  
   6.8000002  1.649192e+02  9.329093e-02  3.455284e-03  3.216569e-02  
   6.8099999  1.673459e+02  9.659965e-02  4.115663e-03  3.332505e-02  
   6.8200002  1.697350e+02  9.938755e-02  4.874069e-03  3.430579e-02  
   6.8299999  1.720898e+02  1.018442e-01  5.695618e-03  3.517304e-02  
   6.8400002  1.744073e+02  1.043156e-01  6.540005e-03  3.604592e-02  
   6.8499999  1.766821e+02  1.072432e-01  7.362217e-03  3.707632e-02  
   6.8600001  1.789126e+02  1.110689e-01  8.114450e-03  3.841629e-02  
   6.8699999  1.811054e+02  1.161292e-01  8.748767e-03  4.018145e-02  
   6.8800001  1.832792e+02  1.225711e-01  9.222253e-03  4.242188e-02  
   6.8899999  1.854663e+02  1.303051e-01  9.503488e-03  4.510617e-02  
   6.9000001  1.877107e+02  1.390129e-01  9.580125e-03  4.812402e-02  
   6.9099998  1.900634e+02  1.481951e-01  9.465034e-03  5.130277e-02  
   6.9200001  1.925755e+02  1.572504e-01  9.199043e-03  5.443493e-02  
   6.9299998  1.952898e+02  1.655544e-01  8.848394e-03  5.730527e-02  
   6.9400001  1.982345e+02  1.725306e-01  8.496262e-03  5.971534e-02  
   6.9499998  2.014169e+02  1.776922e-01  8.229785e-03  6.149782e-02  
   6.9600000  2.048234e+02  1.806674e-01  8.124889e-03  6.252498e-02  
   6.9699998  2.084201e+02  1.812064e-01  8.232705e-03  6.271115e-02  
   6.9800000  2.121599e+02  1.791887e-01  8.570459e-03  6.201502e-02  
   6.9899998  2.159898e+02  1.746346e-01  9.118752e-03  6.044368e-02  
   7.0000000  2.198598e+02  1.677205e-01  9.825747e-03  5.805796e-02  
   7.0100002  2.237304e+02  1.587959e-01  1.061647e-02  5.497846e-02  
   7.0200000  2.275788e+02  1.483857e-01  1.140559e-02  5.138654e-02  
   7.0300002  2.314013e+02  1.371685e-01  1.211099e-02  4.751677e-02  
   7.0400000  2.352115e+02  1.259319e-01  1.266574e-02  4.364186e-02  
   7.0500002  2.390390e+02  1.154957e-01  1.302782e-02  4.004594e-02  
   7.0599999  2.429225e+02  1.066305e-01  1.318543e-02  3.699640e-02  
   7.0700002  2.469058e+02  9.997077e-02  1.315816e-02  3.471380e-02  
   7.0799999  2.510310e+02  9.595397e-02  1.299292e-02  3.335071e-02  
   7.0900002  2.553363e+02  9.478367e-02  1.275512e-02  3.297873e-02  
   7.0999999  2.598499e+02  9.642976e-02  1.251610e-02  3.358851e-02  
   7.1100001  2.645908e+02  1.006566e-01  1.233884e-02  3.509932e-02  
   7.1199999  2.695651e+02  1.070724e-01  1.226505e-02  3.737619e-02  
   7.1300001  2.747681e+02  1.151941e-01  1.230635e-02  4.025217e-02  
   7.1399999  2.801830e+02  1.245120e-01  1.244202e-02  4.355099e-02  
   7.1500001  2.857843e+02  1.345588e-01  1.262375e-02  4.711094e-02  
   7.1599998  2.915398e+02  1.449654e-01  1.278619e-02  5.080455e-02  
   7.1700001  2.974144e+02  1.555112e-01  1.286080e-02  5.455611e-02  
   7.1799998  3.033743e+02  1.661458e-01  1.278954e-02  5.834952e-02  
   7.1900001  3.093922e+02  1.769895e-01  1.253548e-02  6.222862e-02  
   7.1999998  3.154499e+02  1.882922e-01  1.208850e-02  6.628272e-02  
   7.2100000  3.215417e+02  2.003649e-01  1.146530e-02  7.062272e-02  
   7.2199998  3.276718e+02  2.134798e-01  1.070496e-02  7.534572e-02  
   7.2300000  3.338537e+02  2.277706e-01  9.860962e-03  8.050007e-02  
   7.2399998  3.401021e+02  2.431410e-01  8.992302e-03  8.605234e-02  
   7.2500000  3.464279e+02  2.592188e-01  8.154506e-03  9.187104e-02  
   7.2600002  3.528292e+02  2.753522e-01  7.392925e-03  9.772468e-02  
   7.2700000  3.592870e+02  2.906674e-01  6.738186e-03  1.033020e-01  
   7.2800002  3.657640e+02  3.041754e-01  6.204489e-03  1.082491e-01  
   7.2900000  3.722041e+02  3.149006e-01  5.790775e-03  1.122155e-01  
   7.3000002  3.785392e+02  3.220277e-01  5.483442e-03  1.149063e-01  
   7.3099999  3.846954e+02  3.250245e-01  5.260464e-03  1.161264e-01  
   7.3200002  3.906029e+02  3.237330e-01  5.095410e-03  1.158137e-01  
   7.3299999  3.962024e+02  3.184037e-01  4.961145e-03  1.140522e-01  
   7.3400002  4.014532e+02  3.096668e-01  4.832478e-03  1.110628e-01  
   7.3499999  4.063354e+02  2.984454e-01  4.688093e-03  1.071721e-01  
   7.3600001  4.108533e+02  2.858139e-01  4.511758e-03  1.027630e-01  
   7.3699999  4.150324e+02  2.728390e-01  4.293397e-03  9.821649e-02  
   7.3800001  4.189182e+02  2.604167e-01  4.030003e-03  9.385423e-02  
   7.3899999  4.225708e+02  2.491599e-01  3.726638e-03  8.989693e-02  
   7.4000001  4.260619e+02  2.393382e-01  3.397002e-03  8.644266e-02  
   7.4099998  4.294689e+02  2.309032e-01  3.063622e-03  8.347549e-02  
   7.4200001  4.328739e+02  2.235731e-01  2.756972e-03  8.089576e-02  
   7.4299998  4.363591e+02  2.169682e-01  2.513880e-03  7.856858e-02  
   7.4400001  4.400061e+02  2.107476e-01  2.374816e-03  7.637326e-02  
   7.4499998  4.438930e+02  2.047261e-01  2.380740e-03  7.424526e-02  
   7.4600000  4.480918e+02  1.989302e-01  2.569475e-03  7.219636e-02  
   7.4699998  4.526635e+02  1.935947e-01  2.972119e-03  7.031375e-02  
   7.4800000  4.576516e+02  1.890981e-01  3.609830e-03  6.873623e-02  
   7.4899998  4.630754e+02  1.858682e-01  4.490943e-03  6.762016e-02  
   7.5000000  4.689234e+02  1.842794e-01  5.609325e-03  6.710260e-02  
   7.5100002  4.751473e+02  1.845797e-01  6.943228e-03  6.727435e-02  
   7.5200000  4.816609e+02  1.868565e-01  8.455714e-03  6.816792e-02  
   7.5300002  4.883441e+02  1.910489e-01  1.009659e-02  6.976195e-02  
   7.5400000  4.950497e+02  1.969923e-01  1.180491e-02  7.199716e-02  
   7.5500002  5.016165e+02  2.044746e-01  1.351398e-02  7.479720e-02  
   7.5599999  5.078848e+02  2.132812e-01  1.515614e-02  7.808449e-02  
   7.5700002  5.137145e+02  2.232189e-01  1.666954e-02  8.178908e-02  
   7.5799999  5.189998e+02  2.341069e-01  1.800371e-02  8.584503e-02  
   7.5900002  5.236835e+02  2.457537e-01  1.912547e-02  9.018221e-02  
   7.5999999  5.277631e+02  2.579219e-01  2.002192e-02  9.471311e-02  
   7.6100001  5.312912e+02  2.703082e-01  2.070191e-02  9.932589e-02  
   7.6199999  5.343676e+02  2.825337e-01  2.119360e-02  1.038807e-01  
   7.6300001  5.371246e+02  2.941629e-01  2.154030e-02  1.082168e-01  
   7.6399999  5.397074e+02  3.047295e-01  2.179413e-02  1.121621e-01  
   7.6500001  5.422539e+02  3.137770e-01  2.200988e-02  1.155480e-01  
   7.6599998  5.448737e+02  3.208904e-01  2.223992e-02  1.182214e-01  
   7.6700001  5.476359e+02  3.257252e-01  2.253108e-02  1.200548e-01  
   7.6799998  5.505614e+02  3.280203e-01  2.292326e-02  1.209516e-01  
   7.6900001  5.536264e+02  3.276043e-01  2.344886e-02  1.208480e-01  
   7.6999998  5.567727e+02  3.243926e-01  2.413132e-02  1.197122e-01  
   7.7100000  5.599246e+02  3.183841e-01  2.498224e-02  1.175425e-01  
   7.7199998  5.630109e+02  3.096609e-01  2.599649e-02  1.143685e-01  
   7.7300000  5.659861e+02  2.983924e-01  2.714723e-02  1.102513e-01  
   7.7399998  5.688489e+02  2.848523e-01  2.838208e-02  1.052910e-01  
   7.7500000  5.716548e+02  2.694331e-01  2.962370e-02  9.963129e-02  
   7.7600002  5.745203e+02  2.526701e-01  3.077468e-02  9.346862e-02  
   7.7700000  5.776142e+02  2.352491e-01  3.172775e-02  8.705532e-02  
   7.7800002  5.811399e+02  2.179937e-01  3.237852e-02  8.069485e-02  
   7.7900000  5.853038e+02  2.018346e-01  3.263794e-02  7.473023e-02  
   7.8000002  5.902818e+02  1.877343e-01  3.244231e-02  6.951663e-02  
   7.8099999  5.961818e+02  1.766010e-01  3.175868e-02  6.538911e-02  
   7.8200002  6.030219e+02  1.691774e-01  3.058565e-02  6.262188e-02  
   7.8299999  6.107188e+02  1.659454e-01  2.895129e-02  6.139296e-02  
   7.8400002  6.191023e+02  1.670497e-01  2.690858e-02  6.175595e-02  
   7.8499999  6.279426e+02  1.722649e-01  2.453169e-02  6.362820e-02  
   7.8600001  6.369946e+02  1.810102e-01  2.191089e-02  6.679621e-02  
   7.8699999  6.460369e+02  1.924090e-01  1.914876e-02  7.093790e-02  
   7.8800001  6.549081e+02  2.053902e-01  1.635351e-02  7.565993e-02  
   7.8899999  6.635206e+02  2.188069e-01  1.363281e-02  8.054157e-02  
   7.9000001  6.718632e+02  2.315688e-01  1.108442e-02  8.518338e-02  
   7.9099998  6.799825e+02  2.427558e-01  8.789256e-03  8.924877e-02  
   7.9200001  6.879630e+02  2.517136e-01  6.804218e-03  9.249889e-02  
   7.9299998  6.959005e+02  2.581023e-01  5.160188e-03  9.481033e-02  
   7.9400001  7.038857e+02  2.619077e-01  3.862191e-03  9.617882e-02  
   7.9499998  7.119904e+02  2.634002e-01  2.894205e-03  9.670423e-02  
   7.9600000  7.202662e+02  2.630605e-01  2.224872e-03  9.656317e-02  
   7.9699998  7.287444e+02  2.614805e-01  1.814467e-03  9.597241e-02  
   7.9800000  7.374446e+02  2.592599e-01  1.620391e-03  9.515148e-02  
   7.9899998  7.463793e+02  2.569208e-01  1.601659e-03  9.429111e-02  
   8.0000000  7.555610e+02  2.548532e-01  1.721812e-03  9.353364e-02  
   8.0100002  7.650056e+02  2.533025e-01  1.951104e-03  9.296859e-02  
   8.0200005  7.747352e+02  2.523955e-01  2.268175e-03  9.264214e-02  
   8.0299997  7.847775e+02  2.521933e-01  2.661157e-03  9.257665e-02  
   8.0400000  7.951678e+02  2.527510e-01  3.127795e-03  9.279259e-02  
   8.0500002  8.059421e+02  2.541654e-01  3.673192e-03  9.332609e-02  
   8.0600004  8.171374e+02  2.565922e-01  4.305377e-03  9.423501e-02  
   8.0699997  8.287858e+02  2.602273e-01  5.028378e-03  9.559197e-02  
   8.0799999  8.409146e+02  2.652591e-01  5.834776e-03  9.746703e-02  
   8.0900002  8.535369e+02  2.718049e-01  6.698821e-03  9.990391e-02  
   8.1000004  8.666528e+02  2.798558e-01  7.573811e-03  1.028998e-01  
   8.1099997  8.802469e+02  2.892450e-01  8.394363e-03  1.063935e-01  
   8.1199999  8.942947e+02  2.996538e-01  9.084643e-03  1.102676e-01  
   8.1300001  9.087612e+02  3.106396e-01  9.570103e-03  1.143587e-01  
   8.1400003  9.236106e+02  3.216937e-01  9.791470e-03  1.184786e-01  
   8.1499996  9.388156e+02  3.322981e-01  9.716551e-03  1.224354e-01  
   8.1599998  9.543701e+02  3.419825e-01  9.347237e-03  1.260544e-01  
   8.1700001  9.702882e+02  3.503578e-01  8.720064e-03  1.291908e-01  
   8.1800003  9.866129e+02  3.571451e-01  7.900030e-03  1.317408e-01  
   8.1899996  1.003411e+03  3.621919e-01  6.969434e-03  1.336476e-01  
   8.1999998  1.020774e+03  3.654830e-01  6.013795e-03  1.349056e-01  
   8.2100000  1.038792e+03  3.671427e-01  5.109330e-03  1.355615e-01  
   8.2200003  1.057548e+03  3.674340e-01  4.312782e-03  1.357136e-01  
   8.2299995  1.077099e+03  3.667446e-01  3.656616e-03  1.355071e-01  
   8.2399998  1.097468e+03  3.655589e-01  3.148995e-03  1.351228e-01  
   8.2500000  1.118627e+03  3.644159e-01  2.778656e-03  1.347624e-01  
   8.2600002  1.140501e+03  3.638563e-01  2.521736e-03  1.346277e-01  
   8.2700005  1.162964e+03  3.643654e-01  2.349562e-03  1.349003e-01  
   8.2799997  1.185847e+03  3.663202e-01  2.235271e-03  1.357218e-01  
   8.2900000  1.208944e+03  3.699509e-01  2.158136e-03  1.371792e-01  
   8.3000002  1.232013e+03  3.753199e-01  2.105293e-03  1.392972e-01  
   8.3100004  1.254793e+03  3.823255e-01  2.070958e-03  1.420398e-01  
   8.3199997  1.277011e+03  3.907289e-01  2.054048e-03  1.453189e-01  
   8.3299999  1.298407e+03  4.002019e-01  2.055185e-03  1.490133e-01  
   8.3400002  1.318737e+03  4.103812e-01  2.074107e-03  1.529869e-01  
   8.3500004  1.337797e+03  4.209269e-01  2.108257e-03  1.571120e-01  
   8.3599997  1.355436e+03  4.315676e-01  2.152898e-03  1.612848e-01  
   8.3699999  1.371568e+03  4.421290e-01  2.202666e-03  1.654370e-01  
   8.3800001  1.386167e+03  4.525231e-01  2.253918e-03  1.695320e-01  
   8.3900003  1.399274e+03  4.627258e-01  2.307176e-03  1.735560e-01  
   8.3999996  1.410991e+03  4.727250e-01  2.368712e-03  1.775001e-01  
   8.4099998  1.421479e+03  4.824724e-01  2.450710e-03  1.813420e-01  
   8.4200001  1.430943e+03  4.918348e-01  2.569677e-03  1.850276e-01  
   8.4300003  1.439629e+03  5.005753e-01  2.743461e-03  1.884650e-01  
   8.4399996  1.447806e+03  5.083616e-01  2.987469e-03  1.915266e-01  
   8.4499998  1.455763e+03  5.148044e-01  3.311205e-03  1.940647e-01  
   8.4600000  1.463784e+03  5.195144e-01  3.715674e-03  1.959322e-01  
   8.4700003  1.472132e+03  5.221736e-01  4.192754e-03  1.970092e-01  
   8.4799995  1.481034e+03  5.226011e-01  4.726278e-03  1.972284e-01  
   8.4899998  1.490661e+03  5.208011e-01  5.294908e-03  1.965927e-01  
   8.5000000  1.501107e+03  5.169881e-01  5.875228e-03  1.951845e-01  
   8.5100002  1.512383e+03  5.115825e-01  6.445169e-03  1.931639e-01  
   8.5200005  1.524419e+03  5.051789e-01  6.986290e-03  1.907574e-01  
   8.5299997  1.537072e+03  4.984936e-01  7.484790e-03  1.882369e-01  
   8.5400000  1.550163e+03  4.922935e-01  7.931560e-03  1.858935e-01  
   8.5500002  1.563496e+03  4.873255e-01  8.320992e-03  1.840103e-01  
   8.5600004  1.576903e+03  4.842403e-01  8.650076e-03  1.828342e-01  
   8.5699997  1.590269e+03  4.835339e-01  8.917480e-03  1.825529e-01  
   8.5799999  1.603558e+03  4.855031e-01  9.123279e-03  1.832790e-01  
   8.5900002  1.616804e+03  4.902253e-01  9.268876e-03  1.850422e-01  
   8.6000004  1.630105e+03  4.975633e-01  9.357398e-03  1.877907e-01  
   8.6099997  1.643606e+03  5.071930e-01  9.393840e-03  1.914032e-01  
   8.6199999  1.657468e+03  5.186586e-01  9.384890e-03  1.957082e-01  
   8.6300001  1.671849e+03  5.314310e-01  9.338315e-03  2.005074e-01  
   8.6400003  1.686889e+03  5.449821e-01  9.261913e-03  2.056028e-01  
   8.6499996  1.702710e+03  5.588484e-01  9.162264e-03  2.108216e-01  
   8.6599998  1.719422e+03  5.726872e-01  9.043381e-03  2.160361e-01  
   8.6700001  1.737119e+03  5.862956e-01  8.905879e-03  2.211719e-01  
   8.6800003  1.755887e+03  5.996150e-01  8.746759e-03  2.262084e-01  
   8.6899996  1.775795e+03  6.126998e-01  8.560255e-03  2.311680e-01  
   8.6999998  1.796894e+03  6.256741e-01  8.339670e-03  2.360987e-01  
   8.7100000  1.819189e+03  6.386648e-01  8.080154e-03  2.410492e-01  
   8.7200003  1.842638e+03  6.517504e-01  7.781571e-03  2.460496e-01  
   8.7299995  1.867145e+03  6.649171e-01  7.450916e-03  2.510946e-01  
   8.7399998  1.892581e+03  6.780431e-01  7.103258e-03  2.561381e-01  
   8.7500000  1.918788e+03  6.908945e-01  6.761197e-03  2.610903e-01  
   8.7600002  1.945614e+03  7.031558e-01  6.452294e-03  2.658312e-01  
   8.7700005  1.972929e+03  7.144693e-01  6.205306e-03  2.702238e-01  
   8.7799997  2.000639e+03  7.244849e-01  6.045924e-03  2.741346e-01  
   8.7900000  2.028699e+03  7.329127e-01  5.992793e-03  2.774523e-01  
   8.8000002  2.057089e+03  7.395612e-01  6.054753e-03  2.801033e-01  
   8.8100004  2.085809e+03  7.443699e-01  6.229324e-03  2.820639e-01  
   8.8199997  2.114859e+03  7.474216e-01  6.502845e-03  2.833647e-01  
   8.8299999  2.144235e+03  7.489379e-01  6.852063e-03  2.840888e-01  
   8.8400002  2.173911e+03  7.492565e-01  7.246483e-03  2.843638e-01  
   8.8500004  2.203850e+03  7.488025e-01  7.651641e-03  2.843502e-01  
   8.8599997  2.234018e+03  7.480520e-01  8.032469e-03  2.842276e-01  
   8.8699999  2.264412e+03  7.474971e-01  8.356731e-03  2.841822e-01  
   8.8800001  2.295063e+03  7.476166e-01  8.597654e-03  2.843946e-01  
   8.8900003  2.326058e+03  7.488526e-01  8.736272e-03  2.850321e-01  
   8.8999996  2.357534e+03  7.515913e-01  8.762751e-03  2.862411e-01  
   8.9099998  2.389675e+03  7.561478e-01  8.676935e-03  2.881414e-01  
   8.9200001  2.422668e+03  7.627497e-01  8.488081e-03  2.908199e-01  
   8.9300003  2.456671e+03  7.715175e-01  8.213928e-03  2.943234e-01  
   8.9399996  2.491775e+03  7.824461e-01  7.879179e-03  2.986512e-01  
   8.9499998  2.527987e+03  7.953914e-01  7.513325e-03  3.037497e-01  
   8.9600000  2.565196e+03  8.100557e-01  7.148419e-03  3.095066e-01  
   8.9700003  2.603188e+03  8.259952e-01  6.816308e-03  3.157541e-01  
   8.9799995  2.641671e+03  8.426442e-01  6.546015e-03  3.222767e-01  
   8.9899998  2.680318e+03  8.593609e-01  6.361232e-03  3.288303e-01  
   9.0000000  2.718788e+03  8.754805e-01  6.278517e-03  3.351611e-01  
   9.0100002  2.756781e+03  8.903881e-01  6.305977e-03  3.410345e-01  
   9.0200005  2.794063e+03  9.035844e-01  6.442906e-03  3.462599e-01  
   9.0299997  2.830480e+03  9.147381e-01  6.680245e-03  3.507105e-01  
   9.0400000  2.865974e+03  9.237216e-01  7.001934e-03  3.543373e-01  
   9.0500002  2.900565e+03  9.306073e-01  7.386609e-03  3.571686e-01  
   9.0600004  2.934340e+03  9.356552e-01  7.809871e-03  3.593030e-01  
   9.0699997  2.967433e+03  9.392644e-01  8.246540e-03  3.608936e-01  
   9.0799999  3.000009e+03  9.419226e-01  8.673051e-03  3.621264e-01  
   9.0900002  3.032216e+03  9.441427e-01  9.069132e-03  3.631968e-01  
   9.1000004  3.064182e+03  9.464076e-01  9.419555e-03  3.642884e-01  
   9.1099997  3.095986e+03  9.491253e-01  9.715175e-03  3.655553e-01  
   9.1199999  3.127672e+03  9.525973e-01  9.953626e-03  3.671096e-01  
   9.1300001  3.159232e+03  9.570000e-01  1.013927e-02  3.690147e-01  
   9.1400003  3.190643e+03  9.623874e-01  1.028287e-02  3.712860e-01  
   9.1499996  3.221880e+03  9.687027e-01  1.040063e-02  3.738953e-01  
   9.1599998  3.252956e+03  9.758084e-01  1.051258e-02  3.767825e-01  
   9.1700001  3.283928e+03  9.835166e-01  1.064038e-02  3.798689e-01  
   9.1800003  3.314924e+03  9.916324e-01  1.080465e-02  3.830725e-01  
   9.1899996  3.346141e+03  9.999889e-01  1.102200e-02  3.863245e-01  
   9.1999998  3.377852e+03  1.008486e+00  1.130241e-02  3.895839e-01  
   9.2100000  3.410375e+03  1.017103e+00  1.164708e-02  3.928432e-01  
   9.2200003  3.444064e+03  1.025907e+00  1.204782e-02  3.961314e-01  
   9.2299995  3.479277e+03  1.035032e+00  1.248774e-02  3.995076e-01  
   9.2399998  3.516371e+03  1.044654e+00  1.294380e-02  4.030494e-01  
   9.2500000  3.555645e+03  1.054939e+00  1.338998e-02  4.068328e-01  
   9.2600002  3.597337e+03  1.066003e+00  1.380149e-02  4.109143e-01  
   9.2700005  3.641590e+03  1.077867e+00  1.415857e-02  4.153160e-01  
   9.2799997  3.688440e+03  1.090441e+00  1.444959e-02  4.200133e-01  
   9.2900000  3.737816e+03  1.103514e+00  1.467303e-02  4.249346e-01  
   9.3000002  3.789526e+03  1.116771e+00  1.483798e-02  4.299650e-01  
   9.3100004  3.843278e+03  1.129825e+00  1.496349e-02  4.349599e-01  
   9.3199997  3.898709e+03  1.142268e+00  1.507658e-02  4.397627e-01  
   9.3299999  3.955431e+03  1.153717e+00  1.520928e-02  4.442260e-01  
   9.3400002  4.013031e+03  1.163867e+00  1.539487e-02  4.482297e-01  
   9.3500004  4.071132e+03  1.172537e+00  1.566384e-02  4.517004e-01  
   9.3599997  4.129404e+03  1.179706e+00  1.603986e-02  4.546245e-01  
   9.3699999  4.187605e+03  1.185529e+00  1.653668e-02  4.570575e-01  
   9.3800001  4.245552e+03  1.190336e+00  1.715588e-02  4.591205e-01  
   9.3900003  4.303144e+03  1.194601e+00  1.788655e-02  4.609914e-01  
   9.3999996  4.360346e+03  1.198892e+00  1.870646e-02  4.628843e-01  
   9.4099998  4.417191e+03  1.203796e+00  1.958521e-02  4.650226e-01  
   9.4200001  4.473746e+03  1.209832e+00  2.048769e-02  4.676050e-01  
   9.4300003  4.530121e+03  1.217378e+00  2.137882e-02  4.707768e-01  
   9.4399996  4.586466e+03  1.226614e+00  2.222755e-02  4.746087e-01  
   9.4499998  4.643004e+03  1.237509e+00  2.301059e-02  4.790909e-01  
   9.4600000  4.700015e+03  1.249842e+00  2.371391e-02  4.841408e-01  
   9.4700003  4.757855e+03  1.263263e+00  2.433338e-02  4.896269e-01  
   9.4799995  4.816952e+03  1.277388e+00  2.487329e-02  4.954022e-01  
   9.4899998  4.877779e+03  1.291884e+00  2.534379e-02  5.013404e-01  
   9.5000000  4.940759e+03  1.306534e+00  2.575685e-02  5.073571e-01  
   9.5100002  5.006233e+03  1.321273e+00  2.612262e-02  5.134269e-01  
   9.5200005  5.074382e+03  1.336183e+00  2.644637e-02  5.195791e-01  
   9.5299997  5.145191e+03  1.351450e+00  2.672672e-02  5.258833e-01  
   9.5400000  5.218481e+03  1.367312e+00  2.695604e-02  5.324292e-01  
   9.5500002  5.293907e+03  1.383994e+00  2.712234e-02  5.393022e-01  
   9.5600004  5.371042e+03  1.401670e+00  2.721293e-02  5.465686e-01  
   9.5699997  5.449420e+03  1.420442e+00  2.721856e-02  5.542676e-01  
   9.5799999  5.528614e+03  1.440341e+00  2.713711e-02  5.624138e-01  
   9.5900002  5.608200e+03  1.461337e+00  2.697595e-02  5.709975e-01  
   9.6000004  5.687798e+03  1.483363e+00  2.675245e-02  5.799966e-01  
   9.6099997  5.767045e+03  1.506326e+00  2.649218e-02  5.893785e-01  
   9.6199999  5.845620e+03  1.530127e+00  2.622522e-02  5.991076e-01  
   9.6300001  5.923195e+03  1.554649e+00  2.598173e-02  6.091403e-01  
   9.6400003  5.999490e+03  1.579767e+00  2.578709e-02  6.194279e-01  
   9.6499996  6.074263e+03  1.605337e+00  2.565828e-02  6.299142e-01  
   9.6599998  6.147367e+03  1.631213e+00  2.560179e-02  6.405402e-01  
   9.6700001  6.218727e+03  1.657237e+00  2.561363e-02  6.512406e-01  
   9.6800003  6.288356e+03  1.683251e+00  2.568101e-02  6.619511e-01  
   9.6899996  6.356364e+03  1.709107e+00  2.578536e-02  6.726093e-01  
   9.6999998  6.422980e+03  1.734674e+00  2.590593e-02  6.831594e-01  
   9.7100000  6.488493e+03  1.759823e+00  2.602305e-02  6.935463e-01  
   9.7200003  6.553278e+03  1.784427e+00  2.612097e-02  7.037162e-01  
   9.7299995  6.617760e+03  1.808359e+00  2.618968e-02  7.136138e-01  
   9.7399998  6.682432e+03  1.831490e+00  2.622581e-02  7.231843e-01  
   9.7500000  6.747790e+03  1.853683e+00  2.623258e-02  7.323706e-01  
   9.7600002  6.814336e+03  1.874815e+00  2.621930e-02  7.411222e-01  
   9.7700005  6.882556e+03  1.894793e+00  2.620012e-02  7.494026e-01  
   9.7799997  6.952880e+03  1.913569e+00  2.619267e-02  7.571957e-01  
   9.7900000  7.025703e+03  1.931157e+00  2.621659e-02  7.645123e-01  
   9.8000002  7.101292e+03  1.947628e+00  2.629190e-02  7.713864e-01  
   9.8100004  7.179785e+03  1.963095e+00  2.643737e-02  7.778722e-01  
   9.8199997  7.261147e+03  1.977695e+00  2.666914e-02  7.840319e-01  
   9.8299999  7.345102e+03  1.991561e+00  2.699938e-02  7.899270e-01  
   9.8400002  7.431003e+03  2.004789e+00  2.743513e-02  7.956008e-01  
   9.8500004  7.517682e+03  2.017416e+00  2.797753e-02  8.010719e-01  
   9.8599997  7.603220e+03  2.029390e+00  2.862135e-02  8.063203e-01  
   9.8699999  7.684679e+03  2.040548e+00  2.935476e-02  8.112781e-01  
   9.8800001  7.757757e+03  2.050572e+00  3.015857e-02  8.158117e-01  
   9.8900003  7.816632e+03  2.058965e+00  3.100602e-02  8.197139e-01  
   9.8999996  7.854035e+03  2.065035e+00  3.186224e-02  8.226962e-01  
   9.9099998  7.861773e+03  2.067918e+00  3.268512e-02  8.243998e-01  
   9.9200001  7.831687e+03  2.066650e+00  3.342700e-02  8.244267e-01  
   9.9300003  7.756972e+03  2.060304e+00  3.403906e-02  8.223918e-01  
   9.9399996  7.633473e+03  2.048134e+00  3.447694e-02  8.179881e-01  
   9.9499998  7.460526e+03  2.029714e+00  3.470663e-02  8.110371e-01  
   9.9600000  7.241190e+03  2.005019e+00  3.470853e-02  8.015249e-01  
   9.9700003  6.981699e+03  1.974420e+00  3.447927e-02  7.896000e-01  
   9.9799995  6.690473e+03  1.938621e+00  3.403045e-02  7.755457e-01  
   9.9899998  6.376818e+03  1.898536e+00  3.338521e-02  7.597320e-01  
  10.0000000  6.050035e+03  1.855189e+00  3.257421e-02  7.425737e-01  
