# RiF 1e-20 (cm^2/W)
# 1w RpP RpS RsP RsS
# Gaussian absolute broadening  0.04 [eV]
   0.0100000  2.257806e-09  2.889281e-09  1.684185e-09  5.708427e-10  
   0.0200000  3.058554e-09  3.911139e-09  2.279747e-09  7.727035e-10  
   0.0300000  4.163588e-09  5.319931e-09  3.100780e-09  1.050987e-09  
   0.0400000  5.684210e-09  7.256463e-09  4.229309e-09  1.433493e-09  
   0.0500000  7.765168e-09  9.903420e-09  5.771745e-09  1.956291e-09  
   0.0600000  1.058962e-08  1.349134e-08  7.862348e-09  2.664888e-09  
   0.0700000  1.438249e-08  1.830240e-08  1.066542e-08  3.614973e-09  
   0.0800000  1.941160e-08  2.467129e-08  1.437579e-08  4.872586e-09  
   0.0900000  2.598676e-08  3.298334e-08  1.921772e-08  6.513746e-09  
   0.1000000  3.445771e-08  4.367121e-08  2.544289e-08  8.623769e-09  
   0.1100000  4.521237e-08  5.721177e-08  3.332866e-08  1.129667e-08  
   0.1200000  5.867656e-08  7.412494e-08  4.317725e-08  1.463491e-08  
   0.1300000  7.531577e-08  9.497484e-08  5.531636e-08  1.874960e-08  
   0.1400000  9.563838e-08  1.203729e-07  7.010106e-08  2.376112e-08  
   0.1500000  1.201995e-07  1.509814e-07  8.791572e-08  2.979983e-08  
   0.1600000  1.496051e-07  1.875173e-07  1.091761e-07  3.700674e-08  
   0.1700000  1.845149e-07  2.307549e-07  1.343309e-07  4.553403e-08  
   0.1800000  2.256453e-07  2.815269e-07  1.638626e-07  5.554543e-08  
   0.1900000  2.737717e-07  3.407268e-07  1.982881e-07  6.721635e-08  
   0.2000000  3.297309e-07  4.093095e-07  2.381595e-07  8.073420e-08  
   0.2100000  3.944235e-07  4.882921e-07  2.840643e-07  9.629851e-08  
   0.2200000  4.688162e-07  5.787562e-07  3.366266e-07  1.141212e-07  
   0.2300000  5.539461e-07  6.818486e-07  3.965074e-07  1.344270e-07  
   0.2400000  6.509219e-07  7.987834e-07  4.644057e-07  1.574535e-07  
   0.2500000  7.609295e-07  9.308446e-07  5.410594e-07  1.834519e-07  
   0.2600000  8.852342e-07  1.079387e-06  6.272466e-07  2.126868e-07  
   0.2700000  1.025186e-06  1.245842e-06  7.237872e-07  2.454378e-07  
   0.2800000  1.182222e-06  1.431712e-06  8.315423e-07  2.819982e-07  
   0.2900000  1.357874e-06  1.638584e-06  9.514178e-07  3.226774e-07  
   0.3000000  1.553768e-06  1.868126e-06  1.084365e-06  3.678001e-07  
   0.3100000  1.771637e-06  2.122089e-06  1.231380e-06  4.177070e-07  
   0.3200000  2.013316e-06  2.402313e-06  1.393508e-06  4.727562e-07  
   0.3300000  2.280761e-06  2.710732e-06  1.571846e-06  5.333234e-07  
   0.3400000  2.576038e-06  3.049372e-06  1.767539e-06  5.998015e-07  
   0.3500000  2.901346e-06  3.420360e-06  1.981786e-06  6.726032e-07  
   0.3600000  3.259013e-06  3.825930e-06  2.215843e-06  7.521609e-07  
   0.3700000  3.651502e-06  4.268416e-06  2.471020e-06  8.389264e-07  
   0.3800000  4.081426e-06  4.750270e-06  2.748687e-06  9.333742e-07  
   0.3900000  4.551549e-06  5.274061e-06  3.050277e-06  1.036000e-06  
   0.4000000  5.064795e-06  5.842482e-06  3.377281e-06  1.147323e-06  
   0.4100000  5.624253e-06  6.458345e-06  3.731262e-06  1.267885e-06  
   0.4200000  6.233195e-06  7.124605e-06  4.113848e-06  1.398257e-06  
   0.4300000  6.895076e-06  7.844361e-06  4.526737e-06  1.539033e-06  
   0.4400000  7.613539e-06  8.620845e-06  4.971697e-06  1.690834e-06  
   0.4500000  8.392444e-06  9.457457e-06  5.450581e-06  1.854313e-06  
   0.4600000  9.235850e-06  1.035775e-05  5.965318e-06  2.030151e-06  
   0.4700000  1.014805e-05  1.132544e-05  6.517909e-06  2.219061e-06  
   0.4800000  1.113357e-05  1.236445e-05  7.110452e-06  2.421791e-06  
   0.4900000  1.219719e-05  1.347886e-05  7.745131e-06  2.639122e-06  
   0.5000000  1.334393e-05  1.467296e-05  8.424215e-06  2.871873e-06  
   0.5100000  1.457909e-05  1.595123e-05  9.150080e-06  3.120899e-06  
   0.5200000  1.590825e-05  1.731840e-05  9.925190e-06  3.387100e-06  
   0.5300000  1.733730e-05  1.877942e-05  1.075212e-05  3.671415e-06  
   0.5400000  1.887243e-05  2.033946e-05  1.163355e-05  3.974834e-06  
   0.5500000  2.052011e-05  2.200397e-05  1.257227e-05  4.298383e-06  
   0.5600000  2.228722e-05  2.377865e-05  1.357119e-05  4.643151e-06  
   0.5700000  2.418094e-05  2.566951e-05  1.463333e-05  5.010271e-06  
   0.5800000  2.620883e-05  2.768285e-05  1.576185e-05  5.400937e-06  
   0.5900000  2.837882e-05  2.982529e-05  1.696003e-05  5.816403e-06  
   0.6000000  3.069927e-05  3.210380e-05  1.823131e-05  6.257982e-06  
   0.6100000  3.317887e-05  3.452567e-05  1.957921e-05  6.727048e-06  
   0.6200000  3.582680e-05  3.709861e-05  2.100747e-05  7.225058e-06  
   0.6300000  3.865269e-05  3.983072e-05  2.251993e-05  7.753538e-06  
   0.6400000  4.166657e-05  4.273053e-05  2.412063e-05  8.314087e-06  
   0.6500000  4.487898e-05  4.580703e-05  2.581373e-05  8.908398e-06  
   0.6600000  4.830100e-05  4.906969e-05  2.760360e-05  9.538248e-06  
   0.6700000  5.194406e-05  5.252851e-05  2.949475e-05  1.020551e-05  
   0.6800000  5.582022e-05  5.619397e-05  3.149188e-05  1.091215e-05  
   0.6900000  5.994208e-05  6.007728e-05  3.359993e-05  1.166026e-05  
   0.7000000  6.432272e-05  6.419011e-05  3.582397e-05  1.245204e-05  
   0.7100000  6.897578e-05  6.854493e-05  3.816933e-05  1.328979e-05  
   0.7200000  7.391556e-05  7.315489e-05  4.064151e-05  1.417600e-05  
   0.7300000  7.915672e-05  7.803385e-05  4.324622e-05  1.511322e-05  
   0.7400000  8.471467e-05  8.319653e-05  4.598945e-05  1.610421e-05  
   0.7500000  9.060536e-05  8.865855e-05  4.887737e-05  1.715188e-05  
   0.7600000  9.684527e-05  9.443647e-05  5.191641e-05  1.825930e-05  
   0.7700000  1.034515e-04  1.005478e-04  5.511321e-05  1.942974e-05  
   0.7800000  1.104416e-04  1.070113e-04  5.847469e-05  2.066665e-05  
   0.7900000  1.178338e-04  1.138467e-04  6.200806e-05  2.197374e-05  
   0.8000000  1.256466e-04  1.210752e-04  6.572068e-05  2.335490e-05  
   0.8100000  1.338991e-04  1.287192e-04  6.962022e-05  2.481431e-05  
   0.8200000  1.426109e-04  1.368028e-04  7.371462e-05  2.635638e-05  
   0.8300000  1.518019e-04  1.453515e-04  7.801206e-05  2.798587e-05  
   0.8400000  1.614921e-04  1.543926e-04  8.252099e-05  2.970783e-05  
   0.8500000  1.717017e-04  1.639555e-04  8.725011e-05  3.152766e-05  
   0.8600000  1.824510e-04  1.740714e-04  9.220822e-05  3.345116e-05  
   0.8700000  1.937599e-04  1.847740e-04  9.740450e-05  3.548451e-05  
   0.8800000  2.056480e-04  1.960994e-04  1.028482e-04  3.763439e-05  
   0.8900000  2.181343e-04  2.080865e-04  1.085486e-04  3.990795e-05  
   0.9000000  2.312364e-04  2.207773e-04  1.145153e-04  4.231293e-05  
   0.9100000  2.449705e-04  2.342170e-04  1.207578e-04  4.485769e-05  
   0.9200000  2.593506e-04  2.484548e-04  1.272854e-04  4.755119e-05  
   0.9300000  2.743886e-04  2.635435e-04  1.341072e-04  5.040325e-05  
   0.9400000  2.900925e-04  2.795413e-04  1.412320e-04  5.342452e-05  
   0.9500000  3.064667e-04  2.965110e-04  1.486683e-04  5.662654e-05  
   0.9600000  3.235104e-04  3.145218e-04  1.564237e-04  6.002202e-05  
   0.9700000  3.412174e-04  3.336491e-04  1.645049e-04  6.362482e-05  
   0.9800000  3.595743e-04  3.539759e-04  1.729175e-04  6.745022e-05  
   0.9900000  3.785606e-04  3.755942e-04  1.816656e-04  7.151513e-05  
   1.0000000  3.981462e-04  3.986056e-04  1.907517e-04  7.583806e-05  
   1.0100000  4.182913e-04  4.231220e-04  2.001762e-04  8.043974e-05  
   1.0200000  4.389445e-04  4.492665e-04  2.099372e-04  8.534272e-05  
   1.0300000  4.600432e-04  4.771746e-04  2.200300e-04  9.057175e-05  
   1.0400000  4.815146e-04  5.069908e-04  2.304480e-04  9.615345e-05  
   1.0500000  5.032789e-04  5.388699e-04  2.411824e-04  1.021161e-04  
   1.0599999  5.252550e-04  5.729741e-04  2.522242e-04  1.084892e-04  
   1.0700001  5.473695e-04  6.094751e-04  2.635658e-04  1.153042e-04  
   1.0800000  5.695673e-04  6.485538e-04  2.752033e-04  1.225940e-04  
   1.0900000  5.918215e-04  6.904113e-04  2.871399e-04  1.303950e-04  
   1.1000000  6.141448e-04  7.352773e-04  2.993887e-04  1.387490e-04  
   1.1100000  6.365930e-04  7.834237e-04  3.119738e-04  1.477056e-04  
   1.1200000  6.592679e-04  8.351720e-04  3.249324e-04  1.573234e-04  
   1.1300000  6.823189e-04  8.908949e-04  3.383155e-04  1.676704e-04  
   1.1400000  7.059485e-04  9.509974e-04  3.521888e-04  1.788206e-04  
   1.1500000  7.304352e-04  1.015884e-03  3.666390e-04  1.908476e-04  
   1.1600000  7.561806e-04  1.085908e-03  3.817843e-04  2.038155e-04  
   1.1700000  7.837924e-04  1.161322e-03  3.977965e-04  2.177690e-04  
   1.1799999  8.142028e-04  1.242239e-03  4.149323e-04  2.327265e-04  
   1.1900001  8.488160e-04  1.328630e-03  4.335747e-04  2.486799e-04  
   1.2000000  8.896476e-04  1.420377e-03  4.542768e-04  2.656040e-04  
   1.2100000  9.394334e-04  1.517381e-03  4.777999e-04  2.834769e-04  
   1.2200000  1.001635e-03  1.619723e-03  5.051275e-04  3.023092e-04  
   1.2300000  1.080308e-03  1.727836e-03  5.374434e-04  3.221773e-04  
   1.2400000  1.179777e-03  1.842658e-03  5.760576e-04  3.432501e-04  
   1.2500000  1.304141e-03  1.965704e-03  6.222796e-04  3.658044e-04  
   1.2600000  1.456630e-03  2.099030e-03  6.772420e-04  3.902155e-04  
   1.2700000  1.638947e-03  2.245052e-03  7.417087e-04  4.169257e-04  
   1.2800000  1.850755e-03  2.406230e-03  8.159025e-04  4.463843e-04  
   1.2900000  2.089545e-03  2.584679e-03  8.994181e-04  4.789769e-04  
   1.3000000  2.351120e-03  2.781763e-03  9.912852e-04  5.149482e-04  
   1.3099999  2.630939e-03  2.997779e-03  1.090243e-03  5.543463e-04  
   1.3200001  2.926517e-03  3.231841e-03  1.195287e-03  5.969990e-04  
   1.3300000  3.240965e-03  3.482013e-03  1.306519e-03  6.425406e-04  
   1.3400000  3.587750e-03  3.745798e-03  1.426301e-03  6.904997e-04  
   1.3500000  3.996531e-03  4.020880e-03  1.560709e-03  7.404381e-04  
   1.3600000  4.519952e-03  4.306125e-03  1.721208e-03  7.921321e-04  
   1.3700000  5.241157e-03  4.602665e-03  1.926512e-03  8.457724e-04  
   1.3800000  6.281788e-03  4.914910e-03  2.204515e-03  9.021468e-04  
   1.3900000  7.810260e-03  5.251296e-03  2.594237e-03  9.627766e-04  
   1.4000000  1.005020e-02  5.624618e-03  3.147687e-03  1.029975e-03  
   1.4100000  1.328914e-02  6.051801e-03  3.931591e-03  1.106801e-03  
   1.4200000  1.788775e-02  6.553072e-03  5.028933e-03  1.196910e-03  
   1.4299999  2.429016e-02  7.150547e-03  6.540240e-03  1.304288e-03  
   1.4400001  3.303611e-02  7.866374e-03  8.584498e-03  1.432918e-03  
   1.4500000  4.477428e-02  8.720527e-03  1.129930e-02  1.586375e-03  
   1.4600000  6.027793e-02  9.728642e-03  1.484007e-02  1.767434e-03  
   1.4700000  8.045804e-02  1.090004e-02  1.937719e-02  1.977713e-03  
   1.4800000  1.063700e-01  1.223638e-02  2.509014e-02  2.217432e-03  
   1.4900000  1.392054e-01  1.373128e-02  3.215739e-02  2.485353e-03  
   1.5000000  1.802588e-01  1.537154e-02  4.074065e-02  2.778990e-03  
   1.5100000  2.308577e-01  1.714027e-02  5.096319e-02  3.095187e-03  
   1.5200000  2.922504e-01  1.902259e-02  6.288289e-02  3.431138e-03  
   1.5300000  3.654537e-01  2.101388e-02  7.646348e-02  3.785854e-03  
   1.5400000  4.510843e-01  2.312984e-02  9.155055e-02  4.161975e-03  
   1.5500000  5.492260e-01  2.541697e-02  1.078642e-01  4.567626e-03  
   1.5599999  6.594271e-01  2.796036e-02  1.250246e-01  5.017805e-03  
   1.5700001  7.809781e-01  3.088520e-02  1.426333e-01  5.534641e-03  
   1.5800000  9.136583e-01  3.434784e-02  1.604335e-01  6.145800e-03  
   1.5900000  1.059191e+00  3.851442e-02  1.785738e-01  6.880671e-03  
   1.6000000  1.223552e+00  4.352633e-02  1.979824e-01  7.764225e-03  
   1.6100000  1.420171e+00  4.945690e-02  2.208322e-01  8.809349e-03  
   1.6200000  1.673708e+00  5.626731e-02  2.510354e-01  1.000900e-02  
   1.6300000  2.023656e+00  6.377142e-02  2.946450e-01  1.133006e-02  
   1.6400000  2.526454e+00  7.162122e-02  3.599862e-01  1.271080e-02  
   1.6500000  3.254472e+00  7.932051e-02  4.573133e-01  1.406334e-02  
   1.6600000  4.290136e+00  8.626959e-02  5.978084e-01  1.528170e-02  
   1.6700000  5.714219e+00  9.183738e-02  7.918494e-01  1.625453e-02  
   1.6799999  7.588682e+00  9.545037e-02  1.046667e+00  1.688090e-02  
   1.6900001  9.936588e+00  9.668382e-02  1.363765e+00  1.708634e-02  
   1.7000000  1.272336e+01  9.533840e-02  1.736682e+00  1.683633e-02  
   1.7100000  1.584564e+01  9.148908e-02  2.149883e+00  1.614470e-02  
   1.7200000  1.913242e+01  8.549497e-02  2.579324e+00  1.507528e-02  
   1.7300000  2.236183e+01  7.796877e-02  2.995028e+00  1.373629e-02  
   1.7400000  2.529198e+01  6.970853e-02  3.365411e+00  1.226827e-02  
   1.7500000  2.770019e+01  6.160212e-02  3.662491e+00  1.082712e-02  
   1.7600000  2.942118e+01  5.451740e-02  3.866801e+00  9.564851e-03  
   1.7700000  3.037463e+01  4.919381e-02  3.970702e+00  8.610653e-03  
   1.7800000  3.057482e+01  4.614929e-02  3.979249e+00  8.054670e-03  
   1.7900000  3.012021e+01  4.561487e-02  3.908379e+00  7.936794e-03  
   1.8000000  2.916674e+01  4.750559e-02  3.780990e+00  8.241799e-03  
   1.8099999  2.789239e+01  5.143232e-02  3.621983e+00  8.901585e-03  
   1.8200001  2.646253e+01  5.675324e-02  3.453518e+00  9.804366e-03  
   1.8300000  2.500398e+01  6.265930e-02  3.291534e+00  1.080962e-02  
   1.8400000  2.359168e+01  6.828246e-02  3.144052e+00  1.176698e-02  
   1.8500000  2.224876e+01  7.281114e-02  3.011322e+00  1.253617e-02  
   1.8600000  2.095699e+01  7.559574e-02  2.887411e+00  1.300524e-02  
   1.8700000  1.967321e+01  7.622875e-02  2.762670e+00  1.310426e-02  
   1.8800000  1.834756e+01  7.458723e-02  2.626495e+00  1.281247e-02  
   1.8900000  1.693949e+01  7.083233e-02  2.469874e+00  1.215802e-02  
   1.9000000  1.542943e+01  6.536849e-02  2.287371e+00  1.121080e-02  
   1.9100000  1.382473e+01  5.877116e-02  2.078305e+00  1.006984e-02  
   1.9200000  1.215946e+01  5.169772e-02  1.846989e+00  8.847978e-03  
   1.9299999  1.048913e+01  4.479783e-02  1.602100e+00  7.656410e-03  
   1.9400001  8.881878e+00  3.863790e-02  1.355313e+00  6.591776e-03  
   1.9500000  7.408592e+00  3.365054e-02  1.119603e+00  5.727557e-03  
   1.9600000  6.134160e+00  3.011217e-02  9.075139e-01  5.110339e-03  
   1.9700000  5.112083e+00  2.814840e-02  7.298523e-01  4.760800e-03  
   1.9800000  4.382854e+00  2.775854e-02  5.949410e-01  4.678000e-03  
   1.9900000  3.975710e+00  2.885016e-02  5.084956e-01  4.845352e-03  
   2.0000000  3.912220e+00  3.127373e-02  4.739510e-01  5.236607e-03  
   2.0100000  4.209893e+00  3.485034e-02  4.930024e-01  5.820633e-03  
   2.0200000  4.884494e+00  3.938922e-02  5.661345e-01  6.564461e-03  
   2.0300000  5.950578e+00  4.469552e-02  6.930093e-01  7.434649e-03  
   2.0400000  7.420734e+00  5.057169e-02  8.727065e-01  8.397539e-03  
   2.0500000  9.304350e+00  5.681603e-02  1.103879e+00  9.419036e-03  
   2.0599999  1.160661e+01  6.322145e-02  1.384888e+00  1.046441e-02  
   2.0699999  1.432758e+01  6.957582e-02  1.713912e+00  1.149834e-02  
   2.0799999  1.746058e+01  7.566365e-02  2.088922e+00  1.248522e-02  
   2.0899999  2.098847e+01  8.126871e-02  2.507365e+00  1.338959e-02  
   2.0999999  2.487717e+01  8.617780e-02  2.965454e+00  1.417671e-02  
   2.1099999  2.906673e+01  9.018678e-02  3.457063e+00  1.481363e-02  
   2.1199999  3.346211e+01  9.311102e-02  3.972483e+00  1.527074e-02  
   2.1300001  3.792719e+01  9.480016e-02  4.497442e+00  1.552424e-02  
   2.1400001  4.228518e+01  9.515700e-02  5.012810e+00  1.555905e-02  
   2.1500001  4.632957e+01  9.415595e-02  5.495544e+00  1.537189e-02  
   2.1600001  4.984359e+01  9.185646e-02  5.920742e+00  1.497324e-02  
   2.1700001  5.262667e+01  8.840514e-02  6.264638e+00  1.438772e-02  
   2.1800001  5.452177e+01  8.402464e-02  6.507920e+00  1.365223e-02  
   2.1900001  5.543673e+01  7.898944e-02  6.638480e+00  1.281189e-02  
   2.2000000  5.535438e+01  7.359263e-02  6.652919e+00  1.191469e-02  
   2.2100000  5.432893e+01  6.811094e-02  6.556393e+00  1.100583e-02  
   2.2200000  5.246975e+01  6.277467e-02  6.360861e+00  1.012279e-02  
   2.2300000  4.991791e+01  5.774771e-02  6.082347e+00  9.292169e-03  
   2.2400000  4.682217e+01  5.312058e-02  5.737946e+00  8.528619e-03  
   2.2500000  4.332034e+01  4.891530e-02  5.343453e+00  7.835649e-03  
   2.2600000  3.953040e+01  4.509971e-02  4.912148e+00  7.208005e-03  
   2.2700000  3.555145e+01  4.160747e-02  4.454833e+00  6.634896e-03  
   2.2800000  3.147149e+01  3.835950e-02  3.980847e+00  6.103470e-03  
   2.2900000  2.737786e+01  3.528379e-02  3.499474e+00  5.601989e-03  
   2.3000000  2.336521e+01  3.233080e-02  3.021114e+00  5.122274e-03  
   2.3099999  1.953798e+01  2.948259e-02  2.557789e+00  4.661162e-03  
   2.3199999  1.600677e+01  2.675475e-02  2.122840e+00  4.220782e-03  
   2.3299999  1.287986e+01  2.419129e-02  1.729960e+00  3.807754e-03  
   2.3399999  1.025294e+01  2.185399e-02  1.391899e+00  3.431485e-03  
   2.3499999  8.199503e+00  1.980842e-02  1.119221e+00  3.101983e-03  
   2.3599999  6.764197e+00  1.810985e-02  9.193490e-01  2.827639e-03  
   2.3699999  5.959507e+00  1.679195e-02  7.960253e-01  2.613466e-03  
   2.3800001  5.765387e+00  1.586038e-02  7.491180e-01  2.460114e-03  
   2.3900001  6.131038e+00  1.529254e-02  7.746821e-01  2.363836e-03  
   2.4000001  6.978009e+00  1.504254e-02  8.651657e-01  2.317283e-03  
   2.4100001  8.204571e+00  1.505029e-02  1.009769e+00  2.310919e-03  
   2.4200001  9.691439e+00  1.525172e-02  1.194960e+00  2.334618e-03  
   2.4300001  1.130918e+01  1.558770e-02  1.405219e+00  2.379058e-03  
   2.4400001  1.292709e+01  1.600975e-02  1.624028e+00  2.436603e-03  
   2.4500000  1.442287e+01  1.648151e-02  1.835038e+00  2.501536e-03  
   2.4600000  1.569188e+01  1.697641e-02  2.023294e+00  2.569719e-03  
   2.4700000  1.665457e+01  1.747321e-02  2.176351e+00  2.637888e-03  
   2.4800000  1.726115e+01  1.795107e-02  2.285124e+00  2.702913e-03  
   2.4900000  1.749282e+01  1.838604e-02  2.344373e+00  2.761247e-03  
   2.5000000  1.735972e+01  1.875006e-02  2.352763e+00  2.808767e-03  
   2.5100000  1.689620e+01  1.901281e-02  2.312554e+00  2.841024e-03  
   2.5200000  1.615465e+01  1.914642e-02  2.228986e+00  2.853952e-03  
   2.5300000  1.519899e+01  1.913319e-02  2.109556e+00  2.844960e-03  
   2.5400000  1.409928e+01  1.897581e-02  1.963292e+00  2.814426e-03  
   2.5500000  1.292856e+01  1.870955e-02  1.800221e+00  2.767432e-03  
   2.5599999  1.176192e+01  1.841385e-02  1.631046e+00  2.715422e-03  
   2.5699999  1.067737e+01  1.821960e-02  1.466990e+00  2.677230e-03  
   2.5799999  9.756603e+00  1.830695e-02  1.319621e+00  2.678738e-03  
   2.5899999  9.083736e+00  1.888931e-02  1.200429e+00  2.750552e-03  
   2.5999999  8.739898e+00  2.018196e-02  1.119979e+00  2.923475e-03  
   2.6099999  8.793386e+00  2.235873e-02  1.086627e+00  3.222294e-03  
   2.6199999  9.286663e+00  2.550532e-02  1.105028e+00  3.659094e-03  
   2.6300001  1.022359e+01  2.958123e-02  1.174835e+00  4.227850e-03  
   2.6400001  1.156083e+01  3.440139e-02  1.290058e+00  4.901874e-03  
   2.6500001  1.320728e+01  3.964655e-02  1.439440e+00  5.635384e-03  
   2.6600001  1.503247e+01  4.490043e-02  1.607863e+00  6.368918e-03  
   2.6700001  1.688285e+01  4.970779e-02  1.778510e+00  7.037714e-03  
   2.6800001  1.860195e+01  5.364006e-02  1.935248e+00  7.581094e-03  
   2.6900001  2.004971e+01  5.635435e-02  2.064641e+00  7.950877e-03  
   2.7000000  2.111684e+01  5.763446e-02  2.157146e+00  8.117129e-03  
   2.7100000  2.173212e+01  5.740825e-02  2.207409e+00  8.070536e-03  
   2.7200000  2.186320e+01  5.574146e-02  2.213805e+00  7.821359e-03  
   2.7300000  2.151304e+01  5.281354e-02  2.177617e+00  7.395873e-03  
   2.7400000  2.071469e+01  4.888317e-02  2.102252e+00  6.831352e-03  
   2.7500000  1.952628e+01  4.425083e-02  1.992729e+00  6.170668e-03  
   2.7600000  1.802667e+01  3.922436e-02  1.855470e+00  5.457425e-03  
   2.7700000  1.631089e+01  3.409107e-02  1.698221e+00  4.732004e-03  
   2.7800000  1.448396e+01  2.909729e-02  1.529869e+00  4.028760e-03  
   2.7900000  1.265257e+01  2.443553e-02  1.359973e+00  3.374295e-03  
   2.8000000  1.091486e+01  2.023837e-02  1.197951e+00  2.786707e-03  
   2.8099999  9.350084e+00  1.657869e-02  1.052041e+00  2.275710e-03  
   2.8199999  8.010425e+00  1.347530e-02  9.282998e-01  1.843498e-03  
   2.8299999  6.916891e+00  1.090323e-02  8.298535e-01  1.486233e-03  
   2.8399999  6.060373e+00  8.807078e-03  7.566271e-01  1.195910e-03  
   2.8499999  5.407394e+00  7.115447e-03  7.056018e-01  9.623737e-04  
   2.8599999  4.909174e+00  5.754224e-03  6.715294e-01  7.751350e-04  
   2.8699999  4.511833e+00  4.656708e-03  6.479495e-01  6.247577e-04  
   2.8800001  4.165644e+00  3.769454e-03  6.282900e-01  5.036516e-04  
   2.8900001  3.831941e+00  3.053871e-03  6.068621e-01  4.062884e-04  
   2.9000001  3.486764e+00  2.484208e-03  5.795910e-01  3.289223e-04  
   2.9100001  3.121444e+00  2.043806e-03  5.444156e-01  2.690846e-04  
   2.9200001  2.740598e+00  1.720887e-03  5.013291e-01  2.250086e-04  
   2.9300001  2.358440e+00  1.505230e-03  4.521139e-01  1.951785e-04  
   2.9400001  1.994321e+00  1.386357e-03  3.998450e-01  1.780744e-04  
   2.9500000  1.668326e+00  1.353208e-03  3.482711e-01  1.721199e-04  
   2.9600000  1.397547e+00  1.394854e-03  3.011783e-01  1.757671e-04  
   2.9700000  1.193423e+00  1.501529e-03  2.618289e-01  1.876274e-04  
   2.9800000  1.060317e+00  1.665310e-03  2.325433e-01  2.065610e-04  
   2.9900000  9.953073e-01  1.879972e-03  2.144593e-01  2.316647e-04  
   3.0000000  9.890277e-01  2.139945e-03  2.074704e-01  2.621474e-04  
   3.0100000  1.027292e+00  2.438614e-03  2.103282e-01  2.971238e-04  
   3.0200000  1.093183e+00  2.766507e-03  2.208718e-01  3.353942e-04  
   3.0300000  1.169265e+00  3.109983e-03  2.363435e-01  3.752851e-04  
   3.0400000  1.239600e+00  3.451003e-03  2.537443e-01  4.146205e-04  
   3.0500000  1.291301e+00  3.768288e-03  2.701822e-01  4.508595e-04  
   3.0599999  1.315474e+00  4.039846e-03  2.831730e-01  4.813948e-04  
   3.0699999  1.307510e+00  4.246441e-03  2.908626e-01  5.039618e-04  
   3.0799999  1.266836e+00  4.375318e-03  2.921559e-01  5.170716e-04  
   3.0899999  1.196299e+00  4.423263e-03  2.867534e-01  5.203598e-04  
   3.0999999  1.101367e+00  4.398146e-03  2.751029e-01  5.147588e-04  
   3.1099999  9.892952e-01  4.318422e-03  2.582809e-01  5.024251e-04  
   3.1199999  8.683280e-01  4.210468e-03  2.378201e-01  4.864217e-04  
   3.1300001  7.469356e-01  4.104243e-03  2.154912e-01  4.702072e-04  
   3.1400001  6.330974e-01  4.028110e-03  1.930667e-01  4.570411e-04  
   3.1500001  5.335962e-01  4.003925e-03  1.720835e-01  4.494269e-04  
   3.1600001  4.534471e-01  4.043418e-03  1.536504e-01  4.487129e-04  
   3.1700001  3.954956e-01  4.146494e-03  1.383295e-01  4.549162e-04  
   3.1800001  3.602907e-01  4.301646e-03  1.261168e-01  4.667921e-04  
   3.1900001  3.462478e-01  4.488242e-03  1.165263e-01  4.821075e-04  
   3.2000000  3.500648e-01  4.680044e-03  1.087539e-01  4.980465e-04  
   3.2100000  3.672895e-01  4.849272e-03  1.018827e-01  5.116645e-04  
   3.2200000  3.929161e-01  4.970517e-03  9.507953e-02  5.203097e-04  
   3.2300000  4.219108e-01  5.023988e-03  8.774439e-02  5.219610e-04  
   3.2400000  4.496155e-01  4.997801e-03  7.958747e-02  5.154511e-04  
   3.2500000  4.720249e-01  4.889209e-03  7.063068e-02  5.005693e-04  
   3.2600000  4.859761e-01  4.704786e-03  6.114859e-02  4.780517e-04  
   3.2700000  4.892907e-01  4.459647e-03  5.157268e-02  4.494801e-04  
   3.2800000  4.808852e-01  4.175880e-03  4.238608e-02  4.171011e-04  
   3.2900000  4.608372e-01  3.880242e-03  3.403101e-02  3.835884e-04  
   3.3000000  4.303722e-01  3.601388e-03  2.684304e-02  3.517673e-04  
   3.3099999  3.917290e-01  3.366827e-03  2.101811e-02  3.243249e-04  
   3.3199999  3.478959e-01  3.199931e-03  1.660994e-02  3.035343e-04  
   3.3299999  3.022414e-01  3.117408e-03  1.355063e-02  2.910302e-04  
   3.3399999  2.581062e-01  3.127651e-03  1.168462e-02  2.876653e-04  
   3.3499999  2.184390e-01  3.230259e-03  1.080537e-02  2.934758e-04  
   3.3599999  1.855438e-01  3.416914e-03  1.068693e-02  3.077650e-04  
   3.3699999  1.609766e-01  3.673509e-03  1.110556e-02  3.292954e-04  
   3.3800001  1.455714e-01  3.983177e-03  1.185085e-02  3.565569e-04  
   3.3900001  1.395481e-01  4.329582e-03  1.272938e-02  3.880556e-04  
   3.4000001  1.426303e-01  4.699870e-03  1.356617e-02  4.225743e-04  
   3.4100001  1.541313e-01  5.086489e-03  1.420801e-02  4.593354e-04  
   3.4200001  1.729898e-01  5.487536e-03  1.453122e-02  4.980372e-04  
   3.4300001  1.977834e-01  5.905593e-03  1.445295e-02  5.387623e-04  
   3.4400001  2.267664e-01  6.345376e-03  1.394200e-02  5.817798e-04  
   3.4500000  2.579685e-01  6.810894e-03  1.302512e-02  6.273063e-04  
   3.4600000  2.893635e-01  7.302952e-03  1.178493e-02  6.752901e-04  
   3.4700000  3.190736e-01  7.817527e-03  1.034888e-02  7.252729e-04  
   3.4800000  3.455557e-01  8.345461e-03  8.871641e-03  7.763586e-04  
   3.4900000  3.677109e-01  8.873284e-03  7.514980e-03  8.272835e-04  
   3.5000000  3.848895e-01  9.384803e-03  6.430160e-03  8.765513e-04  
   3.5100000  3.968026e-01  9.862930e-03  5.746224e-03  9.225890e-04  
   3.5200000  4.033841e-01  1.029127e-02  5.565585e-03  9.638852e-04  
   3.5300000  4.046679e-01  1.065528e-02  5.965946e-03  9.990882e-04  
   3.5400000  4.007287e-01  1.094291e-02  7.006016e-03  1.027067e-03  
   3.5500000  3.917260e-01  1.114497e-02  8.731921e-03  1.046945e-03  
   3.5599999  3.780527e-01  1.125535e-02  1.118169e-02  1.058128e-03  
   3.5699999  3.605801e-01  1.127107e-02  1.438634e-02  1.060315e-03  
   3.5799999  3.409697e-01  1.119227e-02  1.836776e-02  1.053498e-03  
   3.5899999  3.220124e-01  1.102172e-02  2.313463e-02  1.037929e-03  
   3.5999999  3.079425e-01  1.076405e-02  2.867898e-02  1.014040e-03  
   3.6099999  3.046524e-01  1.042459e-02  3.497575e-02  9.823419e-04  
   3.6199999  3.197174e-01  1.000842e-02  4.198736e-02  9.433269e-04  
   3.6300001  3.621257e-01  9.519901e-03  4.967349e-02  8.974245e-04  
   3.6400001  4.416210e-01  8.963246e-03  5.800316e-02  8.450503e-04  
   3.6500001  5.676292e-01  8.343962e-03  6.696866e-02  7.867410e-04  
   3.6600001  7.478018e-01  7.671115e-03  7.659376e-02  7.233642e-04  
   3.6700001  9.863584e-01  6.959542e-03  8.693630e-02  6.563272e-04  
   3.6800001  1.282522e+00  6.231418e-03  9.808570e-02  5.877262e-04  
   3.6900001  1.629425e+00  5.516560e-03  1.101582e-01  5.203739e-04  
   3.7000000  2.013859e+00  4.851126e-03  1.232956e-01  4.576805e-04  
   3.7100000  2.417110e+00  4.274826e-03  1.376702e-01  4.033903e-04  
   3.7200000  2.816864e+00  3.826868e-03  1.534913e-01  3.612006e-04  
   3.7300000  3.189909e+00  3.541226e-03  1.710026e-01  3.343149e-04  
   3.7400000  3.515068e+00  3.441958e-03  1.904530e-01  3.250012e-04  
   3.7500000  3.775707e+00  3.539565e-03  2.120253e-01  3.342458e-04  
   3.7600000  3.961272e+00  3.829460e-03  2.357197e-01  3.616090e-04  
   3.7700000  4.067574e+00  4.293415e-03  2.612074e-01  4.053603e-04  
   3.7800000  4.095913e+00  4.904187e-03  2.876931e-01  4.629131e-04  
   3.7900000  4.051503e+00  5.632453e-03  3.138426e-01  5.314801e-04  
   3.8000000  3.941807e+00  6.454078e-03  3.378270e-01  6.087605e-04  
   3.8099999  3.775334e+00  7.355139e-03  3.575212e-01  6.934147e-04  
   3.8199999  3.561205e+00  8.332316e-03  3.708440e-01  7.851041e-04  
   3.8299999  3.309441e+00  9.387691e-03  3.761837e-01  8.840038e-04  
   3.8399999  3.031616e+00  1.051888e-02  3.728047e-01  9.898783e-04  
   3.8499999  2.741367e+00  1.170749e-02  3.611134e-01  1.100994e-03  
   3.8599999  2.454320e+00  1.290984e-02  3.426859e-01  1.213255e-03  
   3.8699999  2.187154e+00  1.405386e-02  3.200155e-01  1.319905e-03  
   3.8800001  1.955903e+00  1.504431e-02  2.960221e-01  1.412029e-03  
   3.8900001  1.773833e+00  1.577619e-02  2.734497e-01  1.479806e-03  
   3.9000001  1.649356e+00  1.615385e-02  2.543028e-01  1.514302e-03  
   3.9100001  1.584633e+00  1.611108e-02  2.394925e-01  1.509354e-03  
   3.9200001  1.575212e+00  1.562714e-02  2.287736e-01  1.463058e-03  
   3.9300001  1.610873e+00  1.473452e-02  2.209750e-01  1.378492e-03  
   3.9400001  1.677501e+00  1.351573e-02  2.144331e-01  1.263407e-03  
   3.9500000  1.759531e+00  1.208976e-02  2.074800e-01  1.128951e-03  
   3.9600000  1.842337e+00  1.059106e-02  1.988450e-01  9.877085e-04  
   3.9700000  1.914010e+00  9.146205e-03  1.878707e-01  8.515153e-04  
   3.9800000  1.966208e+00  7.853619e-03  1.745248e-01  7.295769e-04  
   3.9900000  1.994107e+00  6.770901e-03  1.592536e-01  6.272893e-04  
   4.0000000  1.995763e+00  5.911928e-03  1.427639e-01  5.459766e-04  
   4.0100002  1.971345e+00  5.253274e-03  1.258169e-01  4.834915e-04  
   4.0200000  1.922616e+00  4.747307e-03  1.090938e-01  4.354317e-04  
   4.0300002  1.852755e+00  4.337644e-03  9.313444e-02  3.965732e-04  
   4.0400000  1.766444e+00  3.973466e-03  7.834648e-02  3.621935e-04  
   4.0500002  1.669810e+00  3.619079e-03  6.502707e-02  3.289538e-04  
   4.0599999  1.570057e+00  3.257996e-03  5.338955e-02  2.952745e-04  
   4.0700002  1.474529e+00  2.891342e-03  4.355930e-02  2.611869e-04  
   4.0799999  1.389510e+00  2.532767e-03  3.556389e-02  2.278678e-04  
   4.0900002  1.318944e+00  2.201623e-03  2.931493e-02  1.970100e-04  
   4.0999999  1.263648e+00  1.917066e-03  2.461231e-02  1.702815e-04  
   4.1100001  1.221165e+00  1.694055e-03  2.116598e-02  1.489532e-04  
   4.1199999  1.186447e+00  1.542188e-03  1.864202e-02  1.337861e-04  
   4.1300001  1.153089e+00  1.466467e-03  1.671360e-02  1.250966e-04  
   4.1399999  1.114871e+00  1.469236e-03  1.510841e-02  1.229337e-04  
   4.1500001  1.067107e+00  1.551772e-03  1.363701e-02  1.272352e-04  
   4.1599998  1.007595e+00  1.714662e-03  1.220063e-02  1.378884e-04  
   4.1700001  9.369171e-01  1.956622e-03  1.077809e-02  1.546600e-04  
   4.1799998  8.581846e-01  2.271954e-03  9.401198e-03  1.770153e-04  
   4.1900001  7.762873e-01  2.647837e-03  8.125349e-03  2.039149e-04  
   4.1999998  6.969469e-01  3.062265e-03  7.004804e-03  2.336593e-04  
   4.2100000  6.256758e-01  3.484173e-03  6.075202e-03  2.638965e-04  
   4.2199998  5.669301e-01  3.875777e-03  5.346606e-03  2.917978e-04  
   4.2300000  5.234635e-01  4.197591e-03  4.804018e-03  3.144301e-04  
   4.2399998  4.960541e-01  4.414617e-03  4.414282e-03  3.292148e-04  
   4.2500000  4.835321e-01  4.502888e-03  4.135171e-03  3.344050e-04  
   4.2600002  4.831484e-01  4.454373e-03  3.924912e-03  3.294357e-04  
   4.2700000  4.911557e-01  4.279336e-03  3.749582e-03  3.150812e-04  
   4.2800002  5.035155e-01  4.005361e-03  3.587390e-03  2.933639e-04  
   4.2900000  5.165647e-01  3.673560e-03  3.429483e-03  2.672575e-04  
   4.3000002  5.275188e-01  3.332574e-03  3.277425e-03  2.402328e-04  
   4.3099999  5.347051e-01  3.032192e-03  3.138725e-03  2.157844e-04  
   4.3200002  5.375152e-01  2.817465e-03  3.021754e-03  1.969997e-04  
   4.3299999  5.361220e-01  2.724780e-03  2.931888e-03  1.862820e-04  
   4.3400002  5.310946e-01  2.779871e-03  2.869926e-03  1.852217e-04  
   4.3499999  5.230464e-01  2.997751e-03  2.833319e-03  1.946178e-04  
   4.3600001  5.124384e-01  3.383681e-03  2.819566e-03  2.145818e-04  
   4.3699999  4.996056e-01  3.934071e-03  2.830563e-03  2.446523e-04  
   4.3800001  4.849744e-01  4.636935e-03  2.876222e-03  2.838774e-04  
   4.3899999  4.694110e-01  5.471089e-03  2.976012e-03  3.308155e-04  
   4.4000001  4.545506e-01  6.405357e-03  3.157556e-03  3.835172e-04  
   4.4099998  4.430086e-01  7.397789e-03  3.452202e-03  4.394902e-04  
   4.4200001  4.383513e-01  8.397176e-03  3.888440e-03  4.957840e-04  
   4.4299998  4.448044e-01  9.346336e-03  4.484144e-03  5.491644e-04  
   4.4400001  4.667142e-01  1.018849e-02  5.239801e-03  5.964591e-04  
   4.4499998  5.078560e-01  1.087428e-02  6.133739e-03  6.349456e-04  
   4.4600000  5.707490e-01  1.136927e-02  7.121745e-03  6.627558e-04  
   4.4699998  6.561104e-01  1.165864e-02  8.140735e-03  6.791333e-04  
   4.4800000  7.626460e-01  1.174895e-02  9.117501e-03  6.845218e-04  
   4.4899998  8.871658e-01  1.166573e-02  9.979683e-03  6.804188e-04  
   4.5000000  1.025115e+00  1.144799e-02  1.066778e-02  6.690565e-04  
   4.5100002  1.171255e+00  1.114070e-02  1.114409e-02  6.529777e-04  
   4.5200000  1.320432e+00  1.078716e-02  1.139721e-02  6.346020e-04  
   4.5300002  1.468209e+00  1.042249e-02  1.144083e-02  6.158614e-04  
   4.5400000  1.611161e+00  1.006966e-02  1.130783e-02  5.979784e-04  
   4.5500002  1.746999e+00  9.737898e-03  1.104252e-02  5.813792e-04  
   4.5599999  1.874442e+00  9.423847e-03  1.069398e-02  5.657648e-04  
   4.5700002  1.993158e+00  9.114493e-03  1.031259e-02  5.502782e-04  
   4.5799999  2.103734e+00  8.791503e-03  9.950421e-03  5.337556e-04  
   4.5900002  2.207835e+00  8.435634e-03  9.663298e-03  5.149847e-04  
   4.5999999  2.308262e+00  8.031080e-03  9.512111e-03  4.929592e-04  
   4.6100001  2.408888e+00  7.568494e-03  9.559745e-03  4.670650e-04  
   4.6199999  2.514093e+00  7.047054e-03  9.862629e-03  4.372097e-04  
   4.6300001  2.627835e+00  6.474820e-03  1.045765e-02  4.038572e-04  
   4.6399999  2.752361e+00  5.868341e-03  1.134773e-02  3.680146e-04  
   4.6500001  2.887060e+00  5.251059e-03  1.249126e-02  3.311498e-04  
   4.6599998  3.027754e+00  4.651915e-03  1.379880e-02  2.951179e-04  
   4.6700001  3.166953e+00  4.103651e-03  1.514089e-02  2.620661e-04  
   4.6799998  3.295017e+00  3.642088e-03  1.636491e-02  2.343953e-04  
   4.6900001  3.402241e+00  3.305514e-03  1.731927e-02  2.147282e-04  
   4.6999998  3.481171e+00  3.134754e-03  1.787822e-02  2.059136e-04  
   4.7100000  3.528775e+00  3.172634e-03  1.796301e-02  2.109877e-04  
   4.7199998  3.547698e+00  3.462507e-03  1.755389e-02  2.330666e-04  
   4.7300000  3.546412e+00  4.044793e-03  1.669128e-02  2.751023e-04  
   4.7399998  3.538132e+00  4.951061e-03  1.546645e-02  3.394635e-04  
   4.7500000  3.538786e+00  6.196414e-03  1.400360e-02  4.273998e-04  
   4.7600002  3.564516e+00  7.770662e-03  1.243865e-02  5.384159e-04  
   4.7700000  3.629171e+00  9.631205e-03  1.089795e-02  6.697584e-04  
   4.7800002  3.742317e+00  1.169999e-02  9.481505e-03  8.161839e-04  
   4.7900000  3.907974e+00  1.386529e-02  8.253989e-03  9.700548e-04  
   4.8000002  4.124339e+00  1.599134e-02  7.242956e-03  1.121984e-03  
   4.8099999  4.384273e+00  1.793185e-02  6.445284e-03  1.261752e-03  
   4.8200002  4.676670e+00  1.954781e-02  5.837787e-03  1.379536e-03  
   4.8299999  4.988167e+00  2.072319e-02  5.390479e-03  1.467007e-03  
   4.8400002  5.305250e+00  2.137797e-02  5.077967e-03  1.518250e-03  
   4.8499999  5.616085e+00  2.147447e-02  4.887421e-03  1.530244e-03  
   4.8600001  5.912157e+00  2.101813e-02  4.820916e-03  1.502959e-03  
   4.8699999  6.189031e+00  2.005306e-02  4.892627e-03  1.439100e-03  
   4.8800001  6.446508e+00  1.865446e-02  5.121853e-03  1.343625e-03  
   4.8899999  6.687777e+00  1.692012e-02  5.524205e-03  1.223202e-03  
   4.9000001  6.918097e+00  1.496086e-02  6.103712e-03  1.085564e-03  
   4.9099998  7.143042e+00  1.289243e-02  6.847913e-03  9.389431e-04  
   4.9200001  7.367001e+00  1.082611e-02  7.728105e-03  7.914001e-04  
   4.9299998  7.592053e+00  8.861440e-03  8.704253e-03  6.502630e-04  
   4.9400001  7.817731e+00  7.078106e-03  9.734519e-03  5.215091e-04  
   4.9499998  8.041366e+00  5.531308e-03  1.078575e-02  4.093738e-04  
   4.9600000  8.259192e+00  4.248459e-03  1.184329e-02  3.160682e-04  
   4.9699998  8.467375e+00  3.230673e-03  1.291544e-02  2.418519e-04  
   4.9800000  8.663003e+00  2.456606e-03  1.403207e-02  1.852951e-04  
   4.9899998  8.844313e+00  1.889837e-03  1.523544e-02  1.438139e-04  
   5.0000000  9.010401e+00  1.486691e-03  1.656648e-02  1.142532e-04  
   5.0100002  9.160294e+00  1.204063e-03  1.804846e-02  9.347549e-05  
   5.0200000  9.291919e+00  1.004968e-03  1.967395e-02  7.878448e-05  
   5.0300002  9.401331e+00  8.614837e-04  2.139857e-02  6.815065e-05  
   5.0400000  9.482482e+00  7.550520e-04  2.314333e-02  6.023650e-05  
   5.0500002  9.527788e+00  6.746724e-04  2.480729e-02  5.425972e-05  
   5.0599999  9.529237e+00  6.142759e-04  2.628541e-02  4.979276e-05  
   5.0700002  9.479814e+00  5.701391e-04  2.748918e-02  4.656662e-05  
   5.0799999  9.374743e+00  5.392068e-04  2.836237e-02  4.434544e-05  
   5.0900002  9.212207e+00  5.184716e-04  2.888945e-02  4.288417e-05  
   5.0999999  8.993513e+00  5.053224e-04  2.909321e-02  4.196156e-05  
   5.1100001  8.722547e+00  4.983669e-04  2.902356e-02  4.144968e-05  
   5.1199999  8.405216e+00  4.982654e-04  2.874075e-02  4.138248e-05  
   5.1300001  8.048759e+00  5.081494e-04  2.829811e-02  4.198972e-05  
   5.1399999  7.661683e+00  5.334356e-04  2.772954e-02  4.368163e-05  
   5.1500001  7.253810e+00  5.810432e-04  2.704431e-02  4.698552e-05  
   5.1599998  6.836797e+00  6.581810e-04  2.623090e-02  5.244891e-05  
   5.1700001  6.424137e+00  7.710189e-04  2.526674e-02  6.053543e-05  
   5.1799998  6.030939e+00  9.234553e-04  2.413164e-02  7.153090e-05  
   5.1900001  5.672632e+00  1.116317e-03  2.281927e-02  8.548576e-05  
   5.1999998  5.363389e+00  1.346928e-03  2.134512e-02  1.021887e-04  
   5.2100000  5.113974e+00  1.609280e-03  1.974718e-02  1.211859e-04  
   5.2199998  4.930187e+00  1.894416e-03  1.808172e-02  1.418154e-04  
   5.2300000  4.811852e+00  2.191247e-03  1.641349e-02  1.632710e-04  
   5.2399998  4.753083e+00  2.487301e-03  1.480551e-02  1.846564e-04  
   5.2500000  4.743498e+00  2.769746e-03  1.330878e-02  2.050573e-04  
   5.2600002  4.770310e+00  3.026224e-03  1.195643e-02  2.235966e-04  
   5.2700000  4.820624e+00  3.245851e-03  1.076145e-02  2.395025e-04  
   5.2800002  4.883511e+00  3.420169e-03  9.718809e-03  2.521730e-04  
   5.2900000  4.951390e+00  3.543929e-03  8.810855e-03  2.612326e-04  
   5.3000002  5.020605e+00  3.615873e-03  8.013347e-03  2.665895e-04  
   5.3099999  5.091172e+00  3.639286e-03  7.301731e-03  2.684795e-04  
   5.3200002  5.166025e+00  3.622553e-03  6.655368e-03  2.675119e-04  
   5.3299999  5.249964e+00  3.579763e-03  6.060659e-03  2.647216e-04  
   5.3400002  5.348624e+00  3.531446e-03  5.512094e-03  2.616292e-04  
   5.3499999  5.467509e+00  3.505274e-03  5.012667e-03  2.603013e-04  
   5.3600001  5.611226e+00  3.536197e-03  4.572848e-03  2.633627e-04  
   5.3699999  5.782794e+00  3.665206e-03  4.208826e-03  2.739071e-04  
   5.3800001  5.983195e+00  3.935979e-03  3.939082e-03  2.952442e-04  
   5.3899999  6.211075e+00  4.388825e-03  3.780053e-03  3.304400e-04  
   5.4000001  6.462915e+00  5.052524e-03  3.740927e-03  3.816960e-04  
   5.4099998  6.733480e+00  5.934862e-03  3.819216e-03  4.496265e-04  
   5.4200001  7.016839e+00  7.014722e-03  3.998177e-03  5.326519e-04  
   5.4299998  7.307378e+00  8.237190e-03  4.247276e-03  6.266165e-04  
   5.4400001  7.601003e+00  9.515200e-03  4.526038e-03  7.249060e-04  
   5.4499998  7.895721e+00  1.073726e-02  4.790361e-03  8.190264e-04  
   5.4600000  8.191960e+00  1.178249e-02  5.000046e-03  8.997437e-04  
   5.4699998  8.492050e+00  1.253884e-02  5.125267e-03  9.584755e-04  
   5.4800000  8.799500e+00  1.292266e-02  5.150673e-03  9.887867e-04  
   5.4899998  9.117885e+00  1.289376e-02  5.075951e-03  9.875522e-04  
   5.5000000  9.450041e+00  1.246358e-02  4.913170e-03  9.555980e-04  
   5.5100002  9.797331e+00  1.169392e-02  4.681931e-03  8.976144e-04  
   5.5200000  1.015945e+01  1.068659e-02  4.403864e-03  8.213765e-04  
   5.5300002  1.053455e+01  9.565921e-03  4.097991e-03  7.364137e-04  
   5.5400000  1.091938e+01  8.458853e-03  3.778180e-03  6.524784e-04  
   5.5500002  1.130988e+01  7.475188e-03  3.452665e-03  5.780244e-04  
   5.5599999  1.170142e+01  6.693181e-03  3.125578e-03  5.190895e-04  
   5.5700002  1.208953e+01  6.151052e-03  2.799158e-03  4.786273e-04  
   5.5799999  1.247018e+01  5.846385e-03  2.476142e-03  4.564502e-04  
   5.5900002  1.284058e+01  5.741509e-03  2.161102e-03  4.496346e-04  
   5.5999999  1.319953e+01  5.773999e-03  1.860951e-03  4.533282e-04  
   5.6100001  1.354787e+01  5.869668e-03  1.584253e-03  4.617588e-04  
   5.6199999  1.388830e+01  5.956173e-03  1.340221e-03  4.692929e-04  
   5.6300001  1.422508e+01  5.975181e-03  1.137358e-03  4.713914e-04  
   5.6399999  1.456292e+01  5.891385e-03  9.824991e-04  4.653217e-04  
   5.6500001  1.490591e+01  5.697214e-03  8.799847e-04  4.505316e-04  
   5.6599998  1.525612e+01  5.412507e-03  8.312610e-04  4.286305e-04  
   5.6700001  1.561266e+01  5.079293e-03  8.345794e-04  4.029792e-04  
   5.6799998  1.597116e+01  4.752954e-03  8.849329e-04  3.779942e-04  
   5.6900001  1.632408e+01  4.491392e-03  9.741915e-04  3.582907e-04  
   5.6999998  1.666146e+01  4.344992e-03  1.091545e-03  3.478838e-04  
   5.7100000  1.697249e+01  4.349132e-03  1.224398e-03  3.495922e-04  
   5.7199998  1.724701e+01  4.521031e-03  1.359569e-03  3.647824e-04  
   5.7300000  1.747709e+01  4.860916e-03  1.484784e-03  3.934592e-04  
   5.7399998  1.765813e+01  5.356568e-03  1.589988e-03  4.346232e-04  
   5.7500000  1.778945e+01  5.989704e-03  1.668348e-03  4.867801e-04  
   5.7600002  1.787443e+01  6.741840e-03  1.716560e-03  5.484078e-04  
   5.7700000  1.792023e+01  7.598606e-03  1.734549e-03  6.183046e-04  
   5.7800002  1.793732e+01  8.551694e-03  1.724658e-03  6.957526e-04  
   5.7900000  1.793897e+01  9.598051e-03  1.690643e-03  7.804583e-04  
   5.8000002  1.794067e+01  1.073797e-02  1.636809e-03  8.724097e-04  
   5.8099999  1.795956e+01  1.197146e-02  1.567501e-03  9.715936e-04  
   5.8200002  1.801368e+01  1.329520e-02  1.486986e-03  1.077751e-03  
   5.8299999  1.812097e+01  1.469866e-02  1.399681e-03  1.190075e-03  
   5.8400002  1.829800e+01  1.616197e-02  1.310418e-03  1.307024e-03  
   5.8499999  1.855832e+01  1.765361e-02  1.224682e-03  1.426137e-03  
   5.8600001  1.891071e+01  1.913076e-02  1.148538e-03  1.544051e-03  
   5.8699999  1.935734e+01  2.054031e-02  1.088330e-03  1.656566e-03  
   5.8800001  1.989241e+01  2.182283e-02  1.050103e-03  1.758963e-03  
   5.8899999  2.050142e+01  2.291691e-02  1.038945e-03  1.846337e-03  
   5.9000001  2.116191e+01  2.376511e-02  1.058290e-03  1.914085e-03  
   5.9099998  2.184506e+01  2.431916e-02  1.109359e-03  1.958319e-03  
   5.9200001  2.251926e+01  2.454534e-02  1.190823e-03  1.976301e-03  
   5.9299998  2.315393e+01  2.442872e-02  1.298731e-03  1.966799e-03  
   5.9400001  2.372402e+01  2.397718e-02  1.426849e-03  1.930407e-03  
   5.9499998  2.421330e+01  2.322460e-02  1.567311e-03  1.869819e-03  
   5.9600000  2.461665e+01  2.223241e-02  1.711719e-03  1.789949e-03  
   5.9699998  2.494012e+01  2.108905e-02  1.852438e-03  1.697903e-03  
   5.9800000  2.519944e+01  1.990522e-02  1.984113e-03  1.602583e-03  
   5.9899998  2.541681e+01  1.880564e-02  2.104973e-03  1.514039e-03  
   6.0000000  2.561732e+01  1.791660e-02  2.217824e-03  1.442464e-03  
   6.0100002  2.582517e+01  1.735273e-02  2.330261e-03  1.397131e-03  
   6.0200000  2.606048e+01  1.720409e-02  2.454031e-03  1.385362e-03  
   6.0300002  2.633731e+01  1.752719e-02  2.603444e-03  1.411812e-03  
   6.0400000  2.666264e+01  1.834077e-02  2.792964e-03  1.478132e-03  
   6.0500002  2.703644e+01  1.962671e-02  3.034541e-03  1.583040e-03  
   6.0599999  2.745253e+01  2.133411e-02  3.334998e-03  1.722644e-03  
   6.0700002  2.790007e+01  2.338582e-02  3.694344e-03  1.890953e-03  
   6.0799999  2.836509e+01  2.568402e-02  4.105039e-03  2.080297e-03  
   6.0900002  2.883224e+01  2.811626e-02  4.552774e-03  2.281785e-03  
   6.0999999  2.928605e+01  3.055939e-02  5.018069e-03  2.485585e-03  
   6.1100001  2.971217e+01  3.288534e-02  5.478797e-03  2.681358e-03  
   6.1199999  3.009798e+01  3.496634e-02  5.912437e-03  2.858658e-03  
   6.1300001  3.043325e+01  3.668379e-02  6.298259e-03  3.007646e-03  
   6.1399999  3.071050e+01  3.793780e-02  6.618473e-03  3.119879e-03  
   6.1500001  3.092544e+01  3.865968e-02  6.859002e-03  3.189354e-03  
   6.1599998  3.107733e+01  3.882401e-02  7.009535e-03  3.213564e-03  
   6.1700001  3.116935e+01  3.845982e-02  7.063611e-03  3.194472e-03  
   6.1799998  3.120881e+01  3.765710e-02  7.018684e-03  3.139129e-03  
   6.1900001  3.120714e+01  3.656571e-02  6.876397e-03  3.059642e-03  
   6.1999998  3.117955e+01  3.538448e-02  6.642889e-03  2.972318e-03  
   6.2100000  3.114441e+01  3.433853e-02  6.328792e-03  2.895804e-03  
   6.2199998  3.112227e+01  3.364819e-02  5.948844e-03  2.848470e-03  
   6.2300000  3.113470e+01  3.349266e-02  5.520628e-03  2.845355e-03  
   6.2399998  3.120282e+01  3.397734e-02  5.063013e-03  2.895376e-03  
   6.2500000  3.134585e+01  3.511162e-02  4.594012e-03  2.999408e-03  
   6.2600002  3.157957e+01  3.680350e-02  4.129106e-03  3.149791e-03  
   6.2700000  3.191489e+01  3.887331e-02  3.679941e-03  3.331457e-03  
   6.2800002  3.235677e+01  4.108492e-02  3.253863e-03  3.524536e-03  
   6.2900000  3.290353e+01  4.318593e-02  2.854539e-03  3.707757e-03  
   6.3000002  3.354694e+01  4.495070e-02  2.482906e-03  3.862090e-03  
   6.3099999  3.427290e+01  4.621430e-02  2.138718e-03  3.973629e-03  
   6.3200002  3.506302e+01  4.689398e-02  1.821673e-03  4.035423e-03  
   6.3299999  3.589648e+01  4.699297e-02  1.532386e-03  4.047818e-03  
   6.3400002  3.675265e+01  4.658999e-02  1.272526e-03  4.017574e-03  
   6.3499999  3.761294e+01  4.581787e-02  1.044652e-03  3.956046e-03  
   6.3600001  3.846301e+01  4.483680e-02  8.514620e-04  3.876921e-03  
   6.3699999  3.929333e+01  4.380825e-02  6.950649e-04  3.793991e-03  
   6.3800001  4.009971e+01  4.287205e-02  5.761700e-04  3.719198e-03  
   6.3899999  4.088219e+01  4.213021e-02  4.936389e-04  3.661236e-03  
   6.4000001  4.164380e+01  4.163669e-02  4.442624e-04  3.624666e-03  
   6.4099998  4.238865e+01  4.139503e-02  4.229876e-04  3.609687e-03  
   6.4200001  4.312046e+01  4.136210e-02  4.234222e-04  3.612458e-03  
   6.4299998  4.384125e+01  4.145871e-02  4.386252e-04  3.625993e-03  
   6.4400001  4.455132e+01  4.158498e-02  4.619986e-04  3.641499e-03  
   6.4499998  4.524956e+01  4.163837e-02  4.881375e-04  3.649947e-03  
   6.4600000  4.593519e+01  4.153071e-02  5.134806e-04  3.643561e-03  
   6.4699998  4.660942e+01  4.120073e-02  5.366115e-04  3.616936e-03  
   6.4800000  4.727749e+01  4.061904e-02  5.581784e-04  3.567486e-03  
   6.4899998  4.794988e+01  3.978549e-02  5.804296e-04  3.495234e-03  
   6.5000000  4.864275e+01  3.871948e-02  6.065032e-04  3.401971e-03  
   6.5100002  4.937699e+01  3.744812e-02  6.396092e-04  3.290222e-03  
   6.5200000  5.017616e+01  3.599532e-02  6.823039e-04  3.162265e-03  
   6.5300002  5.106374e+01  3.437550e-02  7.360094e-04  3.019571e-03  
   6.5400000  5.205990e+01  3.259480e-02  8.008191e-04  2.862870e-03  
   6.5500002  5.317895e+01  3.065707e-02  8.756289e-04  2.692652e-03  
   6.5599999  5.442727e+01  2.857493e-02  9.584058e-04  2.510133e-03  
   6.5700002  5.580300e+01  2.638017e-02  1.046526e-03  2.318154e-03  
   6.5799999  5.729614e+01  2.413294e-02  1.136936e-03  2.122015e-03  
   6.5900002  5.889056e+01  2.192428e-02  1.226182e-03  1.929722e-03  
   6.5999999  6.056564e+01  1.987403e-02  1.310246e-03  1.751823e-03  
   6.6100001  6.229921e+01  1.812012e-02  1.384448e-03  1.600502e-03  
   6.6199999  6.406894e+01  1.680378e-02  1.443503e-03  1.488282e-03  
   6.6300001  6.585467e+01  1.604940e-02  1.481946e-03  1.426245e-03  
   6.6399999  6.763858e+01  1.594493e-02  1.494847e-03  1.422276e-03  
   6.6500001  6.940630e+01  1.652480e-02  1.478725e-03  1.479535e-03  
   6.6599998  7.114604e+01  1.776083e-02  1.432351e-03  1.595614e-03  
   6.6700001  7.284885e+01  1.956412e-02  1.357208e-03  1.762689e-03  
   6.6799998  7.450734e+01  2.179854e-02  1.257499e-03  1.968712e-03  
   6.6900001  7.611597e+01  2.430548e-02  1.139640e-03  2.199619e-03  
   6.6999998  7.766987e+01  2.693254e-02  1.011518e-03  2.441906e-03  
   6.7100000  7.916507e+01  2.956186e-02  8.815900e-04  2.685175e-03  
   6.7199998  8.059766e+01  3.212700e-02  7.581851e-04  2.923642e-03  
   6.7300000  8.196410e+01  3.461651e-02  6.489124e-04  3.156455e-03  
   6.7399998  8.326057e+01  3.705910e-02  5.603540e-04  3.386331e-03  
   6.7500000  8.448367e+01  3.949829e-02  4.977903e-04  3.617236e-03  
   6.7600002  8.563053e+01  4.196119e-02  4.650402e-04  3.851553e-03  
   6.7700000  8.669965e+01  4.443528e-02  4.642603e-04  4.087956e-03  
   6.7800002  8.769182e+01  4.686101e-02  4.958059e-04  4.320764e-03  
   6.7900000  8.861050e+01  4.914386e-02  5.581725e-04  4.541080e-03  
   6.8000002  8.946249e+01  5.118618e-02  6.480864e-04  4.739747e-03  
   6.8099999  9.025772e+01  5.292660e-02  7.606947e-04  4.911003e-03  
   6.8200002  9.100907e+01  5.437696e-02  8.898992e-04  5.055912e-03  
   6.8299999  9.173186e+01  5.564067e-02  1.028628e-03  5.184061e-03  
   6.8400002  9.244337e+01  5.690666e-02  1.169161e-03  5.312999e-03  
   6.8499999  9.316247e+01  5.841558e-02  1.303323e-03  5.465085e-03  
   6.8600001  9.390923e+01  6.040838e-02  1.422837e-03  5.662698e-03  
   6.8699999  9.470415e+01  6.306840e-02  1.519748e-03  5.922836e-03  
   6.8800001  9.556711e+01  6.647541e-02  1.587214e-03  6.252836e-03  
   6.8899999  9.651548e+01  7.058033e-02  1.620475e-03  6.648019e-03  
   6.9000001  9.756223e+01  7.520960e-02  1.617974e-03  7.092104e-03  
   6.9099998  9.871371e+01  8.009116e-02  1.582240e-03  7.559628e-03  
   6.9200001  9.996864e+01  8.489802e-02  1.520215e-03  8.020024e-03  
   6.9299998  1.013179e+02  8.929148e-02  1.442763e-03  8.441621e-03  
   6.9400001  1.027462e+02  9.295979e-02  1.363259e-03  8.795240e-03  
   6.9499998  1.042347e+02  9.564136e-02  1.295527e-03  9.056324e-03  
   6.9600000  1.057646e+02  9.713809e-02  1.251473e-03  9.206168e-03  
   6.9699998  1.073202e+02  9.731923e-02  1.239051e-03  9.232252e-03  
   6.9800000  1.088915e+02  9.612452e-02  1.260932e-03  9.128599e-03  
   6.9899998  1.104753e+02  9.356972e-02  1.314227e-03  8.896322e-03  
   7.0000000  1.120754e+02  8.975389e-02  1.391229e-03  8.544415e-03  
   7.0100002  1.137007e+02  8.486760e-02  1.480919e-03  8.090649e-03  
   7.0200000  1.153637e+02  7.919385e-02  1.570918e-03  7.561695e-03  
   7.0300002  1.170781e+02  7.309548e-02  1.649483e-03  6.992049e-03  
   7.0400000  1.188564e+02  6.699168e-02  1.707193e-03  6.421796e-03  
   7.0500002  1.207092e+02  6.131681e-02  1.738208e-03  5.892712e-03  
   7.0599999  1.226441e+02  5.647738e-02  1.740910e-03  5.444113e-03  
   7.0700002  1.246664e+02  5.280624e-02  1.717919e-03  5.108438e-03  
   7.0799999  1.267803e+02  5.053096e-02  1.675457e-03  4.908135e-03  
   7.0900002  1.289895e+02  4.975462e-02  1.622119e-03  4.853749e-03  
   7.0999999  1.312982e+02  5.045674e-02  1.567237e-03  4.943930e-03  
   7.1100001  1.337108e+02  5.250858e-02  1.519069e-03  5.166824e-03  
   7.1199999  1.362294e+02  5.569991e-02  1.483221e-03  5.502607e-03  
   7.1300001  1.388527e+02  5.977328e-02  1.461596e-03  5.926745e-03  
   7.1399999  1.415715e+02  6.445833e-02  1.452181e-03  6.413339e-03  
   7.1500001  1.443683e+02  6.950763e-02  1.449654e-03  6.938637e-03  
   7.1599998  1.472166e+02  7.472568e-02  1.446690e-03  7.483926e-03  
   7.1700001  1.500829e+02  7.999433e-02  1.435607e-03  8.038124e-03  
   7.1799998  1.529311e+02  8.528373e-02  1.409960e-03  8.598932e-03  
   7.1900001  1.557280e+02  9.065236e-02  1.365733e-03  9.172887e-03  
   7.1999998  1.584489e+02  9.622526e-02  1.301937e-03  9.773231e-03  
   7.2100000  1.610822e+02  1.021594e-01  1.220532e-03  1.041640e-02  
   7.2199998  1.636303e+02  1.085924e-01  1.125878e-03  1.111681e-02  
   7.2300000  1.661094e+02  1.155925e-01  1.023780e-03  1.188165e-02  
   7.2399998  1.685439e+02  1.231121e-01  9.205087e-04  1.270607e-02  
   7.2500000  1.709613e+02  1.309655e-01  8.218277e-04  1.357071e-02  
   7.2600002  1.733837e+02  1.388273e-01  7.323171e-04  1.444139e-02  
   7.2700000  1.758221e+02  1.462621e-01  6.549477e-04  1.527211e-02  
   7.2800002  1.782725e+02  1.527784e-01  5.909621e-04  1.601049e-02  
   7.2900000  1.807144e+02  1.578938e-01  5.400606e-04  1.660455e-02  
   7.3000002  1.831136e+02  1.612072e-01  5.007180e-04  1.701045e-02  
   7.3099999  1.854266e+02  1.624602e-01  4.706382e-04  1.719907e-02  
   7.3200002  1.876078e+02  1.615813e-01  4.471704e-04  1.716091e-02  
   7.3299999  1.896157e+02  1.587021e-01  4.276817e-04  1.690809e-02  
   7.3400002  1.914200e+02  1.541416e-01  4.098056e-04  1.647305e-02  
   7.3499999  1.930049e+02  1.483626e-01  3.916069e-04  1.590395e-02  
   7.3600001  1.943727e+02  1.419013e-01  3.716594e-04  1.525735e-02  
   7.3699999  1.955429e+02  1.352876e-01  3.491015e-04  1.458965e-02  
   7.3800001  1.965502e+02  1.289657e-01  3.236606e-04  1.394850e-02  
   7.3899999  1.974417e+02  1.232380e-01  2.956919e-04  1.336665e-02  
   7.4000001  1.982706e+02  1.182362e-01  2.661764e-04  1.285870e-02  
   7.4099998  1.990927e+02  1.139346e-01  2.367012e-04  1.242237e-02  
   7.4200001  1.999600e+02  1.101916e-01  2.093612e-04  1.204294e-02  
   7.4299998  2.009178e+02  1.068173e-01  1.866207e-04  1.170049e-02  
   7.4400001  2.020015e+02  1.036412e-01  1.711010e-04  1.137725e-02  
   7.4499998  2.032356e+02  1.005694e-01  1.653535e-04  1.106376e-02  
   7.4600000  2.046337e+02  9.761228e-02  1.716127e-04  1.076197e-02  
   7.4699998  2.061986e+02  9.488312e-02  1.915726e-04  1.048498e-02  
   7.4800000  2.079249e+02  9.256589e-02  2.262025e-04  1.025363e-02  
   7.4899998  2.097991e+02  9.086882e-02  2.756055e-04  1.009132e-02  
   7.5000000  2.118019e+02  8.997438e-02  3.389635e-04  1.001857e-02  
   7.5100002  2.139085e+02  9.000312e-02  4.145264e-04  1.004903e-02  
   7.5200000  2.160899e+02  9.099700e-02  4.996989e-04  1.018765e-02  
   7.5300002  2.183138e+02  9.292551e-02  5.912108e-04  1.043135e-02  
   7.5400000  2.205452e+02  9.570722e-02  6.853146e-04  1.077142e-02  
   7.5500002  2.227483e+02  9.923775e-02  7.781028e-04  1.119656e-02  
   7.5599999  2.248873e+02  1.034113e-01  8.657906e-04  1.169528e-02  
   7.5700002  2.269306e+02  1.081326e-01  9.450839e-04  1.225714e-02  
   7.5799999  2.288522e+02  1.133121e-01  1.013448e-03  1.287224e-02  
   7.5900002  2.306357e+02  1.188553e-01  1.069377e-03  1.352992e-02  
   7.5999999  2.322772e+02  1.246451e-01  1.112486e-03  1.421681e-02  
   7.6100001  2.337864e+02  1.305324e-01  1.143512e-03  1.491579e-02  
   7.6199999  2.351859e+02  1.363317e-01  1.164123e-03  1.560544e-02  
   7.6300001  2.365090e+02  1.418298e-01  1.176629e-03  1.626122e-02  
   7.6399999  2.377948e+02  1.467995e-01  1.183616e-03  1.685686e-02  
   7.6500001  2.390824e+02  1.510196e-01  1.187616e-03  1.736676e-02  
   7.6599998  2.404045e+02  1.542905e-01  1.190864e-03  1.776773e-02  
   7.6700001  2.417834e+02  1.564483e-01  1.195193e-03  1.804065e-02  
   7.6799998  2.432274e+02  1.573721e-01  1.202042e-03  1.817126e-02  
   7.6900001  2.447328e+02  1.569857e-01  1.212528e-03  1.815035e-02  
   7.6999998  2.462863e+02  1.552566e-01  1.227471e-03  1.797371e-02  
   7.7100000  2.478713e+02  1.521930e-01  1.247330e-03  1.764174e-02  
   7.7199998  2.494751e+02  1.478429e-01  1.272023e-03  1.715942e-02  
   7.7300000  2.510948e+02  1.422951e-01  1.300699e-03  1.653647e-02  
   7.7399998  2.527433e+02  1.356864e-01  1.331539e-03  1.578818e-02  
   7.7500000  2.544514e+02  1.282083e-01  1.361737e-03  1.493629e-02  
   7.7600002  2.562666e+02  1.201174e-01  1.387678e-03  1.401021e-02  
   7.7700000  2.582490e+02  1.117401e-01  1.405344e-03  1.304756e-02  
   7.7800002  2.604615e+02  1.034658e-01  1.410843e-03  1.209350e-02  
   7.7900000  2.629586e+02  9.573305e-02  1.400934e-03  1.119908e-02  
   7.8000002  2.657730e+02  8.899438e-02  1.373431e-03  1.041707e-02  
   7.8099999  2.689042e+02  8.367541e-02  1.327423e-03  9.797291e-03  
   7.8200002  2.723125e+02  8.012272e-02  1.263268e-03  9.380456e-03  
   7.8299999  2.759191e+02  7.855923e-02  1.182485e-03  9.192950e-03  
   7.8400002  2.796172e+02  7.904798e-02  1.087520e-03  9.242594e-03  
   7.8499999  2.832877e+02  8.147720e-02  9.815701e-04  9.516912e-03  
   7.8600001  2.868202e+02  8.556764e-02  8.683430e-04  9.983957e-03  
   7.8699999  2.901312e+02  9.090083e-02  7.519021e-04  1.059563e-02  
   7.8800001  2.931775e+02  9.696770e-02  6.363943e-04  1.129331e-02  
   7.8899999  2.959590e+02  1.032244e-01  5.258220e-04  1.201434e-02  
   7.9000001  2.985143e+02  1.091556e-01  4.236992e-04  1.269935e-02  
   7.9099998  3.009077e+02  1.143273e-01  3.328109e-04  1.329836e-02  
   7.9200001  3.032156e+02  1.184323e-01  2.549685e-04  1.377598e-02  
   7.9299998  3.055117e+02  1.213126e-01  1.909662e-04  1.411402e-02  
   7.9400001  3.078585e+02  1.229639e-01  1.406165e-04  1.431199e-02  
   7.9499998  3.103016e+02  1.235163e-01  1.029597e-04  1.438485e-02  
   7.9600000  3.128709e+02  1.231989e-01  7.649927e-05  1.435892e-02  
   7.9699998  3.155821e+02  1.222920e-01  5.947972e-05  1.426644e-02  
   7.9800000  3.184431e+02  1.210793e-01  5.009832e-05  1.414000e-02  
   7.9899998  3.214557e+02  1.198071e-01  4.667092e-05  1.400791e-02  
   8.0000000  3.246206e+02  1.186589e-01  4.772532e-05  1.389123e-02  
   8.0100002  3.279382e+02  1.177498e-01  5.205775e-05  1.380320e-02  
   8.0200005  3.314110e+02  1.171384e-01  5.876219e-05  1.375065e-02  
   8.0299997  3.350441e+02  1.168518e-01  6.724276e-05  1.373685e-02  
   8.0400000  3.388476e+02  1.169138e-01  7.720420e-05  1.376490e-02  
   8.0500002  3.428347e+02  1.173671e-01  8.859178e-05  1.384020e-02  
   8.0600004  3.470223e+02  1.182816e-01  1.014846e-04  1.397147e-02  
   8.0699997  3.514275e+02  1.197464e-01  1.159355e-04  1.416965e-02  
   8.0799999  3.560647e+02  1.218473e-01  1.317989e-04  1.444528e-02  
   8.0900002  3.609383e+02  1.246380e-01  1.485744e-04  1.480501e-02  
   8.1000004  3.660397e+02  1.281146e-01  1.653427e-04  1.524855e-02  
   8.1099997  3.713440e+02  1.322007e-01  1.808081e-04  1.576686e-02  
   8.1199999  3.768130e+02  1.367502e-01  1.934680e-04  1.634248e-02  
   8.1300001  3.823969e+02  1.415599e-01  2.018547e-04  1.695097e-02  
   8.1400003  3.880448e+02  1.463962e-01  2.048207e-04  1.756411e-02  
   8.1499996  3.937126e+02  1.510208e-01  2.017743e-04  1.815301e-02  
   8.1599998  3.993741e+02  1.552176e-01  1.928134e-04  1.869131e-02  
   8.1700001  4.050240e+02  1.588071e-01  1.787268e-04  1.915704e-02  
   8.1800003  4.106807e+02  1.616607e-01  1.608601e-04  1.953442e-02  
   8.1899996  4.163822e+02  1.637079e-01  1.408855e-04  1.981474e-02  
   8.1999998  4.221812e+02  1.649407e-01  1.205179e-04  1.999704e-02  
   8.2100000  4.281310e+02  1.654152e-01  1.012696e-04  2.008831e-02  
   8.2200003  4.342785e+02  1.652509e-01  8.425403e-05  2.010337e-02  
   8.2299995  4.406538e+02  1.646238e-01  7.009835e-05  2.006411e-02  
   8.2399998  4.472690e+02  1.637540e-01  5.895003e-05  1.999781e-02  
   8.2500000  4.541110e+02  1.628856e-01  5.057788e-05  1.993484e-02  
   8.2600002  4.611488e+02  1.622635e-01  4.450665e-05  1.990563e-02  
   8.2700005  4.683347e+02  1.621066e-01  4.016790e-05  1.993756e-02  
   8.2799997  4.756097e+02  1.625849e-01  3.702585e-05  2.005194e-02  
   8.2900000  4.829113e+02  1.638016e-01  3.465788e-05  2.026195e-02  
   8.3000002  4.901714e+02  1.657850e-01  3.278782e-05  2.057147e-02  
   8.3100004  4.973224e+02  1.684901e-01  3.127283e-05  2.097519e-02  
   8.3199997  5.042970e+02  1.718111e-01  3.006323e-05  2.146011e-02  
   8.3299999  5.110331e+02  1.756031e-01  2.915138e-05  2.200814e-02  
   8.3400002  5.174700e+02  1.797063e-01  2.852789e-05  2.259899e-02  
   8.3500004  5.235540e+02  1.839716e-01  2.815483e-05  2.321346e-02  
   8.3599997  5.292390e+02  1.882809e-01  2.796226e-05  2.383588e-02  
   8.3699999  5.344916e+02  1.925582e-01  2.786488e-05  2.445575e-02  
   8.3800001  5.392899e+02  1.967665e-01  2.779078e-05  2.506727e-02  
   8.3900003  5.436298e+02  2.008960e-01  2.771103e-05  2.566800e-02  
   8.3999996  5.475255e+02  2.049426e-01  2.765941e-05  2.625624e-02  
   8.4099998  5.510146e+02  2.088859e-01  2.773471e-05  2.682838e-02  
   8.4200001  5.541555e+02  2.126692e-01  2.808371e-05  2.737619e-02  
   8.4300003  5.570284e+02  2.161905e-01  2.886836e-05  2.788588e-02  
   8.4399996  5.597311e+02  2.193066e-01  3.022571e-05  2.833856e-02  
   8.4499998  5.623739e+02  2.218502e-01  3.223180e-05  2.871240e-02  
   8.4600000  5.650693e+02  2.236539e-01  3.487731e-05  2.898579e-02  
   8.4700003  5.679239e+02  2.245811e-01  3.806324e-05  2.914120e-02  
   8.4799995  5.710273e+02  2.245541e-01  4.161530e-05  2.916889e-02  
   8.4899998  5.744439e+02  2.235750e-01  4.531495e-05  2.906951e-02  
   8.5000000  5.782042e+02  2.217360e-01  4.893340e-05  2.885551e-02  
   8.5100002  5.823042e+02  2.192171e-01  5.226630e-05  2.855078e-02  
   8.5200005  5.867053e+02  2.162731e-01  5.515668e-05  2.818896e-02  
   8.5299997  5.913435e+02  2.132107e-01  5.750472e-05  2.781050e-02  
   8.5400000  5.961411e+02  2.103575e-01  5.926603e-05  2.745855e-02  
   8.5500002  6.010182e+02  2.080324e-01  6.043944e-05  2.717514e-02  
   8.5600004  6.059081e+02  2.065131e-01  6.105423e-05  2.699688e-02  
   8.5699997  6.107670e+02  2.060104e-01  6.115765e-05  2.695164e-02  
   8.5799999  6.155806e+02  2.066495e-01  6.080678e-05  2.705610e-02  
   8.5900002  6.203601e+02  2.084617e-01  6.006457e-05  2.731465e-02  
   8.6000004  6.251380e+02  2.113858e-01  5.899835e-05  2.771964e-02  
   8.6099997  6.299588e+02  2.152807e-01  5.767913e-05  2.825303e-02  
   8.6199999  6.348701e+02  2.199482e-01  5.617863e-05  2.888934e-02  
   8.6300001  6.399130e+02  2.251587e-01  5.456591e-05  2.959903e-02  
   8.6400003  6.451196e+02  2.306824e-01  5.290060e-05  3.035257e-02  
   8.6499996  6.505125e+02  2.363168e-01  5.122639e-05  3.112399e-02  
   8.6599998  6.561098e+02  2.419105e-01  4.956419e-05  3.189404e-02  
   8.6700001  6.619256e+02  2.473716e-01  4.790953e-05  3.265121e-02  
   8.6800003  6.679750e+02  2.526701e-01  4.623297e-05  3.339202e-02  
   8.6899996  6.742731e+02  2.578251e-01  4.448693e-05  3.411935e-02  
   8.6999998  6.808353e+02  2.628869e-01  4.261734e-05  3.484008e-02  
   8.7100000  6.876709e+02  2.679098e-01  4.058054e-05  3.556141e-02  
   8.7200003  6.947797e+02  2.729298e-01  3.835905e-05  3.628800e-02  
   8.7299995  7.021512e+02  2.779468e-01  3.597419e-05  3.701957e-02  
   8.7399998  7.097682e+02  2.829172e-01  3.348970e-05  3.774988e-02  
   8.7500000  7.176046e+02  2.877514e-01  3.100762e-05  3.846646e-02  
   8.7600002  7.256357e+02  2.923257e-01  2.865306e-05  3.915220e-02  
   8.7700005  7.338406e+02  2.964983e-01  2.655431e-05  3.978745e-02  
   8.7799997  7.422058e+02  3.001288e-01  2.482181e-05  4.035283e-02  
   8.7900000  7.507271e+02  3.031008e-01  2.353010e-05  4.083211e-02  
   8.8000002  7.594044e+02  3.053370e-01  2.270820e-05  4.121443e-02  
   8.8100004  7.682388e+02  3.068140e-01  2.233639e-05  4.149615e-02  
   8.8199997  7.772276e+02  3.075665e-01  2.235126e-05  4.168158e-02  
   8.8299999  7.863651e+02  3.076864e-01  2.265612e-05  4.178282e-02  
   8.8400002  7.956342e+02  3.073139e-01  2.313431e-05  4.181851e-02  
   8.8500004  8.050130e+02  3.066245e-01  2.366319e-05  4.181212e-02  
   8.8599997  8.144783e+02  3.058142e-01  2.412707e-05  4.178997e-02  
   8.8699999  8.240142e+02  3.050845e-01  2.442762e-05  4.177929e-02  
   8.8800001  8.336136e+02  3.046302e-01  2.449092e-05  4.180646e-02  
   8.8900003  8.432875e+02  3.046295e-01  2.427133e-05  4.189576e-02  
   8.8999996  8.530632e+02  3.052359e-01  2.375220e-05  4.206836e-02  
   8.9099998  8.629861e+02  3.065726e-01  2.294384e-05  4.234148e-02  
   8.9200001  8.731058e+02  3.087263e-01  2.188012e-05  4.272750e-02  
   8.9300003  8.834700e+02  3.117408e-01  2.061358e-05  4.323301e-02  
   8.9399996  8.941123e+02  3.156095e-01  1.921030e-05  4.385780e-02  
   8.9499998  9.050463e+02  3.202719e-01  1.774359e-05  4.459406e-02  
   8.9600000  9.162535e+02  3.256075e-01  1.628900e-05  4.542566e-02  
   8.9700003  9.276874e+02  3.314395e-01  1.491794e-05  4.632844e-02  
   8.9799995  9.392739e+02  3.375431e-01  1.369236e-05  4.727137e-02  
   8.9899998  9.509262e+02  3.436648e-01  1.265969e-05  4.821929e-02  
   9.0000000  9.625453e+02  3.495420e-01  1.185002e-05  4.913551e-02  
   9.0100002  9.740365e+02  3.549319e-01  1.127404e-05  4.998596e-02  
   9.0200005  9.853173e+02  3.596365e-01  1.092339e-05  5.074277e-02  
   9.0299997  9.963229e+02  3.635244e-01  1.077287e-05  5.138726e-02  
   9.0400000  1.007015e+03  3.665434e-01  1.078404e-05  5.191186e-02  
   9.0500002  1.017375e+03  3.687213e-01  1.090996e-05  5.232015e-02  
   9.0600004  1.027411e+03  3.701591e-01  1.110004e-05  5.262601e-02  
   9.0699997  1.037150e+03  3.710136e-01  1.130495e-05  5.285120e-02  
   9.0799999  1.046634e+03  3.714773e-01  1.148085e-05  5.302241e-02  
   9.0900002  1.055913e+03  3.717532e-01  1.159260e-05  5.316782e-02  
   9.1000004  1.065039e+03  3.720342e-01  1.161612e-05  5.331413e-02  
   9.1099997  1.074062e+03  3.724847e-01  1.153947e-05  5.348371e-02  
   9.1199999  1.083028e+03  3.732284e-01  1.136289e-05  5.369321e-02  
   9.1300001  1.091973e+03  3.743411e-01  1.109777e-05  5.395216e-02  
   9.1400003  1.100933e+03  3.758508e-01  1.076489e-05  5.426313e-02  
   9.1499996  1.109942e+03  3.777420e-01  1.039184e-05  5.462242e-02  
   9.1599998  1.119042e+03  3.799667e-01  1.000991e-05  5.502161e-02  
   9.1700001  1.128277e+03  3.824551e-01  9.651000e-06  5.544942e-02  
   9.1800003  1.137700e+03  3.851317e-01  9.344122e-06  5.589404e-02  
   9.1899996  1.147368e+03  3.879294e-01  9.112503e-06  5.634546e-02  
   9.1999998  1.157348e+03  3.908031e-01  8.971127e-06  5.679756e-02  
   9.2100000  1.167701e+03  3.937359e-01  8.925541e-06  5.724908e-02  
   9.2200003  1.178491e+03  3.967417e-01  8.971715e-06  5.770419e-02  
   9.2299995  1.189774e+03  3.998607e-01  9.097322e-06  5.817144e-02  
   9.2399998  1.201608e+03  4.031482e-01  9.284266e-06  5.866220e-02  
   9.2500000  1.214037e+03  4.066577e-01  9.511800e-06  5.918779e-02  
   9.2600002  1.227098e+03  4.104253e-01  9.760081e-06  5.975698e-02  
   9.2700005  1.240812e+03  4.144554e-01  1.001332e-05  6.037342e-02  
   9.2799997  1.255180e+03  4.187109e-01  1.026226e-05  6.103417e-02  
   9.2900000  1.270186e+03  4.231131e-01  1.050580e-05  6.172954e-02  
   9.3000002  1.285782e+03  4.275459e-01  1.075125e-05  6.244342e-02  
   9.3100004  1.301901e+03  4.318678e-01  1.101376e-05  6.315531e-02  
   9.3199997  1.318449e+03  4.359296e-01  1.131469e-05  6.384283e-02  
   9.3299999  1.335329e+03  4.395933e-01  1.167922e-05  6.448476e-02  
   9.3400002  1.352427e+03  4.427490e-01  1.213309e-05  6.506363e-02  
   9.3500004  1.369639e+03  4.453334e-01  1.269930e-05  6.556849e-02  
   9.3599997  1.386866e+03  4.473418e-01  1.339475e-05  6.599687e-02  
   9.3699999  1.404029e+03  4.488352e-01  1.422788e-05  6.635613e-02  
   9.3800001  1.421063e+03  4.499383e-01  1.519666e-05  6.666304e-02  
   9.3900003  1.437925e+03  4.508295e-01  1.628862e-05  6.694262e-02  
   9.3999996  1.454585e+03  4.517204e-01  1.748176e-05  6.722526e-02  
   9.4099998  1.471036e+03  4.528292e-01  1.874709e-05  6.754278e-02  
   9.4200001  1.487277e+03  4.543488e-01  2.005065e-05  6.792366e-02  
   9.4300003  1.503317e+03  4.564175e-01  2.135662e-05  6.838878e-02  
   9.4399996  1.519171e+03  4.590990e-01  2.262955e-05  6.894822e-02  
   9.4499998  1.534869e+03  4.623761e-01  2.383691e-05  6.960027e-02  
   9.4600000  1.550451e+03  4.661587e-01  2.495029e-05  7.033216e-02  
   9.4700003  1.565978e+03  4.703081e-01  2.594784e-05  7.112388e-02  
   9.4799995  1.581532e+03  4.746697e-01  2.681617e-05  7.195278e-02  
   9.4899998  1.597231e+03  4.791100e-01  2.755235e-05  7.279903e-02  
   9.5000000  1.613200e+03  4.835401e-01  2.816426e-05  7.364919e-02  
   9.5100002  1.629573e+03  4.879327e-01  2.867033e-05  7.449888e-02  
   9.5200005  1.646469e+03  4.923198e-01  2.909675e-05  7.535244e-02  
   9.5299997  1.663979e+03  4.967779e-01  2.947336e-05  7.622089e-02  
   9.5400000  1.682152e+03  5.014066e-01  2.982907e-05  7.711906e-02  
   9.5500002  1.700992e+03  5.063038e-01  3.018772e-05  7.806145e-02  
   9.5600004  1.720454e+03  5.115477e-01  3.056636e-05  7.906014e-02  
   9.5699997  1.740462e+03  5.171869e-01  3.097580e-05  8.012299e-02  
   9.5799999  1.760917e+03  5.232417e-01  3.142360e-05  8.125387e-02  
   9.5900002  1.781698e+03  5.297053e-01  3.191764e-05  8.245280e-02  
   9.6000004  1.802680e+03  5.365545e-01  3.246940e-05  8.371717e-02  
   9.6099997  1.823729e+03  5.437545e-01  3.309541e-05  8.504270e-02  
   9.6199999  1.844727e+03  5.512674e-01  3.381616e-05  8.642421e-02  
   9.6300001  1.865550e+03  5.590487e-01  3.465250e-05  8.785518e-02  
   9.6400003  1.886098e+03  5.670509e-01  3.562130e-05  8.932817e-02  
   9.6499996  1.906284e+03  5.752211e-01  3.673083e-05  9.083456e-02  
   9.6599998  1.926051e+03  5.835053e-01  3.797819e-05  9.236531e-02  
   9.6700001  1.945365e+03  5.918454e-01  3.934771e-05  9.391045e-02  
   9.6800003  1.964220e+03  6.001841e-01  4.081277e-05  9.546006e-02  
   9.6899996  1.982635e+03  6.084670e-01  4.233896e-05  9.700445e-02  
   9.6999998  2.000661e+03  6.166456e-01  4.388922e-05  9.853502e-02  
   9.7100000  2.018370e+03  6.246718e-01  4.542797e-05  1.000430e-01  
   9.7200003  2.035854e+03  6.324995e-01  4.692619e-05  1.015200e-01  
   9.7299995  2.053224e+03  6.400805e-01  4.836475e-05  1.029574e-01  
   9.7399998  2.070607e+03  6.473668e-01  4.973733e-05  1.043467e-01  
   9.7500000  2.088133e+03  6.543072e-01  5.105018e-05  1.056792e-01  
   9.7600002  2.105936e+03  6.608557e-01  5.232236e-05  1.069476e-01  
   9.7700005  2.124141e+03  6.669765e-01  5.358399e-05  1.081465e-01  
   9.7799997  2.142863e+03  6.726502e-01  5.487411e-05  1.092741e-01  
   9.7900000  2.162198e+03  6.778803e-01  5.624008e-05  1.103323e-01  
   9.8000002  2.182216e+03  6.826913e-01  5.773830e-05  1.113272e-01  
   9.8100004  2.202958e+03  6.871268e-01  5.944260e-05  1.122677e-01  
   9.8199997  2.224430e+03  6.912460e-01  6.146543e-05  1.131655e-01  
   9.8299999  2.246616e+03  6.951220e-01  6.400487e-05  1.140339e-01  
   9.8400002  2.269468e+03  6.988409e-01  6.743038e-05  1.148882e-01  
   9.8500004  2.292925e+03  7.025160e-01  7.242879e-05  1.157473e-01  
   9.8599997  2.316928e+03  7.063051e-01  8.021620e-05  1.166372e-01  
   9.8699999  2.341432e+03  7.104386e-01  9.280823e-05  1.175955e-01  
   9.8800001  2.366401e+03  7.152375e-01  1.132810e-04  1.186742e-01  
   9.8900003  2.391789e+03  7.211216e-01  1.459278e-04  1.199416e-01  
   9.8999996  2.417493e+03  7.285833e-01  1.961522e-04  1.214776e-01  
   9.9099998  2.443287e+03  7.381262e-01  2.700116e-04  1.233639e-01  
   9.9200001  2.468746e+03  7.501643e-01  3.733208e-04  1.256664e-01  
   9.9300003  2.493206e+03  7.649164e-01  5.105673e-04  1.284185e-01  
   9.9399996  2.515790e+03  7.823213e-01  6.838605e-04  1.316062e-01  
   9.9499998  2.535491e+03  8.020175e-01  8.923833e-04  1.351655e-01  
   9.9600000  2.551293e+03  8.233719e-01  1.132289e-03  1.389870e-01  
   9.9700003  2.562302e+03  8.455787e-01  1.397344e-03  1.429333e-01  
   9.9799995  2.567861e+03  8.677711e-01  1.679841e-03  1.468575e-01  
   9.9899998  2.567597e+03  8.891365e-01  1.971731e-03  1.506223e-01  
  10.0000000  2.561426e+03  9.089801e-01  2.265330e-03  1.541113e-01  
