# RiF 1e-20 (cm^2/W)
# 1w RpP RpS RsP RsS
# Gaussian absolute broadening  0.04 [eV]
   0.0100000  1.718094e-07  7.259577e-09  9.265904e-11  1.888151e-09  
   0.0200000  2.324559e-07  9.827282e-09  1.253900e-10  2.555894e-09  
   0.0300000  3.160101e-07  1.336737e-08  1.704955e-10  3.476464e-09  
   0.0400000  4.307774e-07  1.823374e-08  2.324682e-10  4.741851e-09  
   0.0500000  5.875164e-07  2.488559e-08  3.171310e-10  6.471406e-09  
   0.0600000  7.997770e-07  3.390244e-08  4.318230e-10  8.815725e-09  
   0.0700000  1.084106e-06  4.599369e-08  5.855141e-10  1.195913e-08  
   0.0800000  1.460069e-06  6.200082e-08  7.888232e-10  1.612022e-08  
   0.0900000  1.950126e-06  8.289290e-08  1.053952e-09  2.155066e-08  
   0.1000000  2.579381e-06  1.097579e-07  1.394561e-09  2.853295e-08  
   0.1100000  3.375386e-06  1.437957e-07  1.825669e-09  3.737846e-08  
   0.1200000  4.368014e-06  1.863143e-07  2.363589e-09  4.842657e-08  
   0.1300000  5.589500e-06  2.387334e-07  3.025963e-09  6.204552e-08  
   0.1400000  7.074570e-06  3.025920e-07  3.831833e-09  7.863419e-08  
   0.1500000  8.860604e-06  3.795579e-07  4.801749e-09  9.862477e-08  
   0.1600000  1.098779e-05  4.714366e-07  5.957853e-09  1.224849e-07  
   0.1700000  1.349923e-05  5.801781e-07  7.323957e-09  1.507194e-07  
   0.1800000  1.644096e-05  7.078820e-07  8.925551e-09  1.838714e-07  
   0.1900000  1.986194e-05  8.568002e-07  1.078984e-08  2.225233e-07  
   0.2000000  2.381408e-05  1.029340e-06  1.294573e-08  2.672973e-07  
   0.2100000  2.835218e-05  1.228067e-06  1.542386e-08  3.188562e-07  
   0.2200000  3.353398e-05  1.455712e-06  1.825658e-08  3.779043e-07  
   0.2300000  3.942008e-05  1.715168e-06  2.147800e-08  4.451886e-07  
   0.2400000  4.607395e-05  2.009501e-06  2.512396e-08  5.214992e-07  
   0.2500000  5.356206e-05  2.341955e-06  2.923212e-08  6.076716e-07  
   0.2600000  6.195372e-05  2.715955e-06  3.384189e-08  7.045877e-07  
   0.2700000  7.132116e-05  3.135118e-06  3.899459e-08  8.131773e-07  
   0.2800000  8.173958e-05  3.603248e-06  4.473328e-08  9.344189e-07  
   0.2900000  9.328711e-05  4.124360e-06  5.110302e-08  1.069342e-06  
   0.3000000  1.060449e-04  4.702677e-06  5.815075e-08  1.219032e-06  
   0.3100000  1.200971e-04  5.342630e-06  6.592529e-08  1.384625e-06  
   0.3200000  1.355306e-04  6.048890e-06  7.447751e-08  1.567315e-06  
   0.3300000  1.524358e-04  6.826355e-06  8.386029e-08  1.768359e-06  
   0.3400000  1.709057e-04  7.680168e-06  9.412850e-08  1.989069e-06  
   0.3500000  1.910365e-04  8.615731e-06  1.053391e-07  2.230827e-06  
   0.3600000  2.129276e-04  9.638709e-06  1.175513e-07  2.495078e-06  
   0.3700000  2.366813e-04  1.075504e-05  1.308261e-07  2.783335e-06  
   0.3800000  2.624032e-04  1.197095e-05  1.452272e-07  3.097188e-06  
   0.3900000  2.902021e-04  1.329298e-05  1.608202e-07  3.438298e-06  
   0.4000000  3.201897e-04  1.472798e-05  1.776732e-07  3.808408e-06  
   0.4100000  3.524812e-04  1.628312e-05  1.958561e-07  4.209340e-06  
   0.4200000  3.871951e-04  1.796592e-05  2.154419e-07  4.643003e-06  
   0.4300000  4.244528e-04  1.978429e-05  2.365056e-07  5.111397e-06  
   0.4400000  4.643791e-04  2.174647e-05  2.591245e-07  5.616614e-06  
   0.4500000  5.071027e-04  2.386114e-05  2.833788e-07  6.160850e-06  
   0.4600000  5.527551e-04  2.613738e-05  3.093511e-07  6.746397e-06  
   0.4700000  6.014715e-04  2.858470e-05  3.371264e-07  7.375659e-06  
   0.4800000  6.533904e-04  3.121309e-05  3.667926e-07  8.051153e-06  
   0.4900000  7.086542e-04  3.403304e-05  3.984404e-07  8.775521e-06  
   0.5000000  7.674085e-04  3.705548e-05  4.321630e-07  9.551525e-06  
   0.5100000  8.298029e-04  4.029197e-05  4.680564e-07  1.038206e-05  
   0.5200000  8.959902e-04  4.375459e-05  5.062197e-07  1.127016e-05  
   0.5300000  9.661271e-04  4.745599e-05  5.467547e-07  1.221901e-05  
   0.5400000  1.040375e-03  5.140958e-05  5.897669e-07  1.323196e-05  
   0.5500000  1.118899e-03  5.562921e-05  6.353630e-07  1.431248e-05  
   0.5600000  1.201865e-03  6.012963e-05  6.836549e-07  1.546427e-05  
   0.5700000  1.289449e-03  6.492625e-05  7.347564e-07  1.669117e-05  
   0.5800000  1.381825e-03  7.003528e-05  7.887847e-07  1.799723e-05  
   0.5900000  1.479176e-03  7.547376e-05  8.458612e-07  1.938670e-05  
   0.6000000  1.581687e-03  8.125968e-05  9.061092e-07  2.086407e-05  
   0.6100000  1.689548e-03  8.741178e-05  9.696556e-07  2.243399e-05  
   0.6200000  1.802952e-03  9.395002e-05  1.036632e-06  2.410143e-05  
   0.6300000  1.922101e-03  1.008953e-04  1.107171e-06  2.587159e-05  
   0.6400000  2.047196e-03  1.082696e-04  1.181413e-06  2.774992e-05  
   0.6500000  2.178448e-03  1.160962e-04  1.259496e-06  2.974219e-05  
   0.6600000  2.316071e-03  1.243997e-04  1.341568e-06  3.185448e-05  
   0.6700000  2.460283e-03  1.332057e-04  1.427775e-06  3.409316e-05  
   0.6800000  2.611309e-03  1.425417e-04  1.518270e-06  3.646500e-05  
   0.6900000  2.769380e-03  1.524364e-04  1.613208e-06  3.897711e-05  
   0.7000000  2.934732e-03  1.629204e-04  1.712749e-06  4.163701e-05  
   0.7100000  3.107607e-03  1.740257e-04  1.817055e-06  4.445264e-05  
   0.7200000  3.288256e-03  1.857867e-04  1.926293e-06  4.743243e-05  
   0.7300000  3.476930e-03  1.982392e-04  2.040633e-06  5.058522e-05  
   0.7400000  3.673894e-03  2.114216e-04  2.160247e-06  5.392044e-05  
   0.7500000  3.879417e-03  2.253745e-04  2.285313e-06  5.744804e-05  
   0.7600000  4.093771e-03  2.401408e-04  2.416012e-06  6.117861e-05  
   0.7700000  4.317246e-03  2.557663e-04  2.552525e-06  6.512338e-05  
   0.7800000  4.550132e-03  2.722996e-04  2.695039e-06  6.929423e-05  
   0.7900000  4.792730e-03  2.897925e-04  2.843744e-06  7.370386e-05  
   0.8000000  5.045348e-03  3.083000e-04  2.998829e-06  7.836571e-05  
   0.8100000  5.308306e-03  3.278806e-04  3.160488e-06  8.329413e-05  
   0.8200000  5.581934e-03  3.485969e-04  3.328914e-06  8.850443e-05  
   0.8300000  5.866570e-03  3.705159e-04  3.504304e-06  9.401294e-05  
   0.8400000  6.162564e-03  3.937090e-04  3.686852e-06  9.983709e-05  
   0.8500000  6.470284e-03  4.182527e-04  3.876754e-06  1.059956e-04  
   0.8600000  6.790097e-03  4.442288e-04  4.074198e-06  1.125082e-04  
   0.8700000  7.122395e-03  4.717252e-04  4.279378e-06  1.193966e-04  
   0.8800000  7.467579e-03  5.008365e-04  4.492475e-06  1.266837e-04  
   0.8900000  7.826070e-03  5.316645e-04  4.713666e-06  1.343943e-04  
   0.9000000  8.198299e-03  5.643190e-04  4.943118e-06  1.425550e-04  
   0.9100000  8.584723e-03  5.989191e-04  5.180988e-06  1.511948e-04  
   0.9200000  8.985807e-03  6.355923e-04  5.427406e-06  1.603448e-04  
   0.9300000  9.402046e-03  6.744785e-04  5.682492e-06  1.700388e-04  
   0.9400000  9.833957e-03  7.157290e-04  5.946332e-06  1.803138e-04  
   0.9500000  1.028207e-02  7.595096e-04  6.218980e-06  1.912097e-04  
   0.9600000  1.074696e-02  8.060007e-04  6.500450e-06  2.027706e-04  
   0.9700000  1.122921e-02  8.554008e-04  6.790713e-06  2.150444e-04  
   0.9800000  1.172944e-02  9.079275e-04  7.089679e-06  2.280841e-04  
   0.9900000  1.224830e-02  9.638220e-04  7.397192e-06  2.419480e-04  
   1.0000000  1.278649e-02  1.023350e-03  7.713022e-06  2.567006e-04  
   1.0100000  1.334473e-02  1.086805e-03  8.036851e-06  2.724133e-04  
   1.0200000  1.392381e-02  1.154511e-03  8.368265e-06  2.891642e-04  
   1.0300000  1.452457e-02  1.226819e-03  8.706752e-06  3.070387e-04  
   1.0400000  1.514791e-02  1.304108e-03  9.051708e-06  3.261282e-04  
   1.0500000  1.579477e-02  1.386779e-03  9.402464e-06  3.465296e-04  
   1.0599999  1.646613e-02  1.475251e-03  9.758346e-06  3.683442e-04  
   1.0700001  1.716297e-02  1.569968e-03  1.011875e-05  3.916782e-04  
   1.0800000  1.788626e-02  1.671395e-03  1.048324e-05  4.166441e-04  
   1.0900000  1.863693e-02  1.780058e-03  1.085165e-05  4.433673e-04  
   1.1000000  1.941588e-02  1.896562e-03  1.122422e-05  4.719931e-04  
   1.1100000  2.022400e-02  2.021634e-03  1.160160e-05  5.026971e-04  
   1.1200000  2.106223e-02  2.156149e-03  1.198485e-05  5.356895e-04  
   1.1300000  2.193161e-02  2.301127e-03  1.237543e-05  5.712169e-04  
   1.1400000  2.283341e-02  2.457684e-03  1.277507e-05  6.095484e-04  
   1.1500000  2.376915e-02  2.626931e-03  1.318591e-05  6.509517e-04  
   1.1600000  2.474067e-02  2.809828e-03  1.361066e-05  6.956567e-04  
   1.1700000  2.575012e-02  3.007037e-03  1.405329e-05  7.438185e-04  
   1.1799999  2.679984e-02  3.218806e-03  1.451992e-05  7.954898e-04  
   1.1900001  2.789233e-02  3.444973e-03  1.502024e-05  8.506209e-04  
   1.2000000  2.903000e-02  3.685105e-03  1.556888e-05  9.090949e-04  
   1.2100000  3.021505e-02  3.938831e-03  1.618678e-05  9.708079e-04  
   1.2200000  3.144932e-02  4.206296e-03  1.690166e-05  1.035781e-03  
   1.2300000  3.273411e-02  4.488669e-03  1.774729e-05  1.104288e-03  
   1.2400000  3.407014e-02  4.788580e-03  1.876115e-05  1.176954e-03  
   1.2500000  3.545751e-02  5.110346e-03  1.998023e-05  1.254820e-03  
   1.2600000  3.689590e-02  5.459836e-03  2.143540e-05  1.339305e-03  
   1.2700000  3.838484e-02  5.843963e-03  2.314517e-05  1.432079e-03  
   1.2800000  3.992419e-02  6.269780e-03  2.511022e-05  1.534845e-03  
   1.2900000  4.151469e-02  6.743344e-03  2.731032e-05  1.649061e-03  
   1.3000000  4.315865e-02  7.268549e-03  2.970565e-05  1.775654e-03  
   1.3099999  4.486044e-02  7.846238e-03  3.224393e-05  1.914804e-03  
   1.3200001  4.662686e-02  8.473839e-03  3.487438e-05  2.065855e-03  
   1.3300000  4.846704e-02  9.145771e-03  3.756875e-05  2.227417e-03  
   1.3400000  5.039198e-02  9.854773e-03  4.034883e-05  2.397688e-03  
   1.3500000  5.241333e-02  1.059407e-02  4.331856e-05  2.574977e-03  
   1.3600000  5.454190e-02  1.136014e-02  4.669852e-05  2.758377e-03  
   1.3700000  5.678553e-02  1.215580e-02  5.086000e-05  2.948512e-03  
   1.3800000  5.914687e-02  1.299306e-02  5.635581e-05  3.148213e-03  
   1.3900000  6.162106e-02  1.389520e-02  6.394453e-05  3.363029e-03  
   1.4000000  6.419410e-02  1.489777e-02  7.460615e-05  3.601443e-03  
   1.4100000  6.684197e-02  1.604783e-02  8.954662e-05  3.874700e-03  
   1.4200000  6.953141e-02  1.740177e-02  1.101899e-04  4.196250e-03  
   1.4299999  7.222315e-02  1.902130e-02  1.381555e-04  4.580794e-03  
   1.4400001  7.487801e-02  2.096830e-02  1.752196e-04  5.043031e-03  
   1.4500000  7.746603e-02  2.329884e-02  2.232544e-04  5.596214e-03  
   1.4600000  7.997941e-02  2.605724e-02  2.841460e-04  6.250750e-03  
   1.4700000  8.244780e-02  2.927093e-02  3.596761e-04  7.012936e-03  
   1.4800000  8.495560e-02  3.294699e-02  4.513663e-04  7.884186e-03  
   1.4900000  8.765968e-02  3.707177e-02  5.602748e-04  8.860917e-03  
   1.5000000  9.080594e-02  4.161487e-02  6.867494e-04  9.935508e-03  
   1.5100000  9.474269e-02  4.653873e-02  8.301466e-04  1.109859e-02  
   1.5200000  9.992921e-02  5.181534e-02  9.885506e-04  1.234301e-02  
   1.5300000  1.069365e-01  5.744984e-02  1.158546e-03  1.366941e-02  
   1.5400000  1.164383e-01  6.350940e-02  1.335131e-03  1.509299e-02  
   1.5500000  1.291872e-01  7.015241e-02  1.511881e-03  1.665043e-02  
   1.5599999  1.459748e-01  7.764949e-02  1.681491e-03  1.840483e-02  
   1.5700001  1.675729e-01  8.638582e-02  1.836854e-03  2.044615e-02  
   1.5800000  1.946602e-01  9.683247e-02  1.972788e-03  2.288450e-02  
   1.5900000  2.277474e-01  1.094807e-01  2.088511e-03  2.583468e-02  
   1.6000000  2.671192e-01  1.247377e-01  2.190797e-03  2.939163e-02  
   1.6100000  3.128123e-01  1.427962e-01  2.297595e-03  3.360000e-02  
   1.6200000  3.646512e-01  1.635026e-01  2.441578e-03  3.842317e-02  
   1.6300000  4.223318e-01  1.862542e-01  2.672747e-03  4.371944e-02  
   1.6400000  4.855253e-01  2.099597e-01  3.058917e-03  4.923299e-02  
   1.6500000  5.539439e-01  2.330882e-01  3.682704e-03  5.460560e-02  
   1.6600000  6.272999e-01  2.538137e-01  4.633859e-03  5.941072e-02  
   1.6700000  7.051107e-01  2.702408e-01  5.996405e-03  6.320640e-02  
   1.6799999  7.863514e-01  2.806775e-01  7.831351e-03  6.559909e-02  
   1.6900001  8.690325e-01  2.839060e-01  1.015743e-02  6.630673e-02  
   1.7000000  9.498412e-01  2.794016e-01  1.293382e-02  6.520934e-02  
   1.7100000  1.024032e+00  2.674557e-01  1.605053e-02  6.237742e-02  
   1.7200000  1.085688e+00  2.491838e-01  1.933067e-02  5.807299e-02  
   1.7300000  1.128419e+00  2.264116e-01  2.254789e-02  5.272255e-02  
   1.7400000  1.146387e+00  2.014631e-01  2.545743e-02  4.686717e-02  
   1.7500000  1.135468e+00  1.768801e-01  2.783567e-02  4.109715e-02  
   1.7600000  1.094246e+00  1.551165e-01  2.951892e-02  3.598084e-02  
   1.7700000  1.024583e+00  1.382452e-01  3.043186e-02  3.199704e-02  
   1.7800000  9.316146e-01  1.277150e-01  3.059782e-02  2.947919e-02  
   1.7900000  8.231441e-01  1.241855e-01  3.012844e-02  2.857778e-02  
   1.8000000  7.085947e-01  1.274578e-01  2.919581e-02  2.924528e-02  
   1.8099999  5.977466e-01  1.365122e-01  2.799457e-02  3.124548e-02  
   1.8200001  4.995088e-01  1.496483e-01  2.670410e-02  3.418658e-02  
   1.8300000  4.209200e-01  1.647120e-01  2.545905e-02  3.757358e-02  
   1.8400000  3.664664e-01  1.793812e-01  2.433301e-02  4.087433e-02  
   1.8500000  3.377557e-01  1.914689e-01  2.333678e-02  4.358885e-02  
   1.8600000  3.335046e-01  1.992019e-01  2.242867e-02  4.531280e-02  
   1.8700000  3.498110e-01  2.014317e-01  2.153277e-02  4.578540e-02  
   1.8800000  3.806837e-01  1.977513e-01  2.056076e-02  4.491525e-02  
   1.8900000  4.188030e-01  1.884982e-01  1.943303e-02  4.278060e-02  
   1.9000000  4.564624e-01  1.746548e-01  1.809618e-02  3.960611e-02  
   1.9100000  4.865881e-01  1.576666e-01  1.653432e-02  3.572078e-02  
   1.9200000  5.036859e-01  1.392139e-01  1.477292e-02  3.150612e-02  
   1.9299999  5.045490e-01  1.209807e-01  1.287482e-02  2.734345e-02  
   1.9400001  4.885850e-01  1.044576e-01  1.092988e-02  2.356918e-02  
   1.9500000  4.577093e-01  9.080674e-02  9.040683e-03  2.044453e-02  
   1.9600000  4.158391e-01  8.079897e-02  7.307427e-03  1.814152e-02  
   1.9700000  3.681244e-01  7.482307e-02  5.815585e-03  1.674529e-02  
   1.9800000  3.200865e-01  7.294499e-02  4.628025e-03  1.626782e-02  
   1.9900000  2.768385e-01  7.499488e-02  3.782395e-03  1.666776e-02  
   2.0000000  2.425032e-01  8.065484e-02  3.292750e-03  1.787060e-02  
   2.0100000  2.198833e-01  8.952923e-02  3.153653e-03  1.978454e-02  
   2.0200000  2.103757e-01  1.011871e-01  3.344907e-03  2.231045e-02  
   2.0300000  2.140786e-01  1.151778e-01  3.835769e-03  2.534544e-02  
   2.0400000  2.300336e-01  1.310285e-01  4.588325e-03  2.878246e-02  
   2.0500000  2.565383e-01  1.482328e-01  5.560374e-03  3.250797e-02  
   2.0599999  2.914819e-01  1.662420e-01  6.708341e-03  3.639999e-02  
   2.0699999  3.326545e-01  1.844627e-01  7.990362e-03  4.032757e-02  
   2.0799999  3.779950e-01  2.022622e-01  9.369042e-03  4.415210e-02  
   2.0899999  4.257436e-01  2.189808e-01  1.081305e-02  4.773010e-02  
   2.0999999  4.744920e-01  2.339522e-01  1.229661e-02  5.091744e-02  
   2.1099999  5.231429e-01  2.465291e-01  1.379662e-02  5.357523e-02  
   2.1199999  5.708253e-01  2.561209e-01  1.528803e-02  5.557754e-02  
   2.1300001  6.168242e-01  2.622401e-01  1.673921e-02  5.682155e-02  
   2.1400001  6.605781e-01  2.645550e-01  1.810909e-02  5.723852e-02  
   2.1500001  7.017855e-01  2.629405e-01  1.934841e-02  5.680460e-02  
   2.1600001  7.405810e-01  2.575123e-01  2.040500e-02  5.554799e-02  
   2.1700001  7.777271e-01  2.486346e-01  2.123240e-02  5.355003e-02  
   2.1800001  8.147256e-01  2.368913e-01  2.179943e-02  5.093916e-02  
   2.1900001  8.537560e-01  2.230247e-01  2.209707e-02  4.787720e-02  
   2.2000000  8.973900e-01  2.078496e-01  2.214030e-02  4.454095e-02  
   2.2100000  9.480934e-01  1.921595e-01  2.196351e-02  4.110204e-02  
   2.2200000  1.007593e+00  1.766432e-01  2.161066e-02  3.770889e-02  
   2.2300000  1.076229e+00  1.618244e-01  2.112279e-02  3.447405e-02  
   2.2400000  1.152456e+00  1.480336e-01  2.052716e-02  3.146830e-02  
   2.2500000  1.232612e+00  1.354111e-01  1.983116e-02  2.872149e-02  
   2.2600000  1.311071e+00  1.239380e-01  1.902315e-02  2.622919e-02  
   2.2700000  1.380794e+00  1.134830e-01  1.808012e-02  2.396301e-02  
   2.2800000  1.434231e+00  1.038591e-01  1.697993e-02  2.188256e-02  
   2.2900000  1.464438e+00  9.487802e-02  1.571490e-02  1.994712e-02  
   2.3000000  1.466208e+00  8.639523e-02  1.430326e-02  1.812508e-02  
   2.3099999  1.437011e+00  7.833959e-02  1.279589e-02  1.640025e-02  
   2.3199999  1.377558e+00  7.072385e-02  1.127749e-02  1.477400e-02  
   2.3299999  1.291883e+00  6.363574e-02  9.862526e-03  1.326337e-02  
   2.3399999  1.186973e+00  5.721283e-02  8.687368e-03  1.189580e-02  
   2.3499999  1.072043e+00  5.160759e-02  7.900244e-03  1.070188e-02  
   2.3599999  9.576396e-01  4.695107e-02  7.649927e-03  9.707743e-03  
   2.3699999  8.547309e-01  4.332280e-02  8.073535e-03  8.928917e-03  
   2.3800001  7.738978e-01  4.073331e-02  9.283257e-03  8.366687e-03  
   2.3900001  7.246512e-01  3.912221e-02  1.135197e-02  8.007773e-03  
   2.4000001  7.148080e-01  3.836998e-02  1.429903e-02  7.826770e-03  
   2.4100001  7.499011e-01  3.832033e-02  1.807780e-02  7.790796e-03  
   2.4200001  8.325603e-01  3.880541e-02  2.256806e-02  7.864720e-03  
   2.4300001  9.619353e-01  3.966837e-02  2.757591e-02  8.015783e-03  
   2.4400001  1.133272e+00  4.077728e-02  3.284327e-02  8.216500e-03  
   2.4500000  1.337815e+00  4.202912e-02  3.806689e-02  8.445484e-03  
   2.4600000  1.563180e+00  4.334451e-02  4.292541e-02  8.686396e-03  
   2.4700000  1.794230e+00  4.465741e-02  4.711062e-02  8.925839e-03  
   2.4800000  2.014427e+00  4.590425e-02  5.035877e-02  9.151155e-03  
   2.4900000  2.207472e+00  4.701700e-02  5.247699e-02  9.348962e-03  
   2.5000000  2.358992e+00  4.792203e-02  5.336090e-02  9.504911e-03  
   2.5100000  2.458077e+00  4.854581e-02  5.300141e-02  9.604732e-03  
   2.5200000  2.498461e+00  4.882718e-02  5.148033e-02  9.636608e-03  
   2.5300000  2.479288e+00  4.873587e-02  4.895750e-02  9.594708e-03  
   2.5400000  2.405403e+00  4.829742e-02  4.565284e-02  9.483927e-03  
   2.5500000  2.287166e+00  4.762210e-02  4.182838e-02  9.325357e-03  
   2.5599999  2.139717e+00  4.693292e-02  3.777300e-02  9.161551e-03  
   2.5699999  1.981624e+00  4.658246e-02  3.379102e-02  9.059642e-03  
   2.5799999  1.832868e+00  4.704554e-02  3.019184e-02  9.109878e-03  
   2.5899999  1.712278e+00  4.887634e-02  2.727655e-02  9.417389e-03  
   2.5999999  1.634736e+00  5.262589e-02  2.531780e-02  1.008646e-02  
   2.6099999  1.608717e+00  5.872914e-02  2.453157e-02  1.119907e-02  
   2.6199999  1.634810e+00  6.738358e-02  2.504506e-02  1.279192e-02  
   2.6300001  1.705720e+00  7.845188e-02  2.686863e-02  1.483819e-02  
   2.6400001  1.807926e+00  9.141704e-02  2.988127e-02  1.723920e-02  
   2.6500001  1.924661e+00  1.054136e-01  3.383769e-02  1.983073e-02  
   2.6600001  2.039456e+00  1.193298e-01  3.839764e-02  2.240264e-02  
   2.6700001  2.139303e+00  1.319636e-01  4.317236e-02  2.472863e-02  
   2.6800001  2.216650e+00  1.421969e-01  4.777678e-02  2.659924e-02  
   2.6900001  2.269825e+00  1.491501e-01  5.187438e-02  2.785099e-02  
   2.7000000  2.301994e+00  1.522869e-01  5.520566e-02  2.838580e-02  
   2.7100000  2.319213e+00  1.514543e-01  5.759661e-02  2.817820e-02  
   2.7200000  2.328263e+00  1.468607e-01  5.895199e-02  2.727059e-02  
   2.7300000  2.334913e+00  1.390060e-01  5.924129e-02  2.575965e-02  
   2.7400000  2.343019e+00  1.285869e-01  5.848730e-02  2.377822e-02  
   2.7500000  2.354501e+00  1.163970e-01  5.676173e-02  2.147620e-02  
   2.7600000  2.370042e+00  1.032378e-01  5.418865e-02  1.900380e-02  
   2.7700000  2.390166e+00  8.984858e-02  5.094948e-02  1.649855e-02  
   2.7800000  2.416296e+00  7.685697e-02  4.728206e-02  1.407625e-02  
   2.7900000  2.451476e+00  6.474937e-02  4.346793e-02  1.182581e-02  
   2.8000000  2.500480e+00  5.385793e-02  3.980486e-02  9.807128e-03  
   2.8099999  2.569208e+00  4.436221e-02  3.656927e-02  8.051782e-03  
   2.8199999  2.663430e+00  3.630416e-02  3.397556e-02  6.566035e-03  
   2.8299999  2.787119e+00  2.961406e-02  3.214214e-02  5.335805e-03  
   2.8399999  2.940793e+00  2.414454e-02  3.107259e-02  4.332974e-03  
   2.8499999  3.120320e+00  1.970765e-02  3.065613e-02  3.522211e-03  
   2.8599999  3.316620e+00  1.610937e-02  3.068800e-02  2.867219e-03  
   2.8699999  3.516479e+00  1.317625e-02  3.090532e-02  2.335547e-03  
   2.8800001  3.704446e+00  1.077097e-02  3.103153e-02  1.901383e-03  
   2.8900001  3.865423e+00  8.796838e-03  3.082154e-02  1.546340e-03  
   2.9000001  3.987482e+00  7.192479e-03  3.009968e-02  1.258492e-03  
   2.9100001  4.064143e+00  5.921728e-03  2.878474e-02  1.030564e-03  
   2.9200001  4.095650e+00  4.962058e-03  2.689851e-02  8.578474e-04  
   2.9300001  4.088924e+00  4.295188e-03  2.455751e-02  7.365131e-04  
   2.9400001  4.056215e+00  3.901551e-03  2.195061e-02  6.626035e-04  
   2.9500000  4.012792e+00  3.758823e-03  1.930688e-02  6.317380e-04  
   2.9600000  3.974228e+00  3.843323e-03  1.686045e-02  6.393332e-04  
   2.9700000  3.953857e+00  4.132478e-03  1.481756e-02  6.810197e-04  
   2.9800000  3.960908e+00  4.606546e-03  1.333101e-02  7.529462e-04  
   2.9900000  3.999562e+00  5.248311e-03  1.248441e-02  8.517611e-04  
   3.0000000  4.068954e+00  6.040470e-03  1.228700e-02  9.742070e-04  
   3.0100000  4.163944e+00  6.961305e-03  1.267817e-02  1.116440e-03  
   3.0200000  4.276352e+00  7.980082e-03  1.353973e-02  1.273301e-03  
   3.0300000  4.396356e+00  9.053881e-03  1.471364e-02  1.437810e-03  
   3.0400000  4.513795e+00  1.012746e-02  1.602248e-02  1.601148e-03  
   3.0500000  4.619232e+00  1.113701e-02  1.729013e-02  1.753244e-03  
   3.0599999  4.704706e+00  1.201778e-02  1.836036e-02  1.883959e-03  
   3.0699999  4.764219e+00  1.271431e-02  1.911146e-02  1.984671e-03  
   3.0799999  4.794016e+00  1.319118e-02  1.946612e-02  2.049922e-03  
   3.0899999  4.792768e+00  1.344174e-02  1.939605e-02  2.078724e-03  
   3.0999999  4.761644e+00  1.349229e-02  1.892173e-02  2.075155e-03  
   3.1099999  4.704289e+00  1.340014e-02  1.810733e-02  2.048022e-03  
   3.1199999  4.626565e+00  1.324541e-02  1.705114e-02  2.009557e-03  
   3.1300001  4.535978e+00  1.311778e-02  1.587178e-02  1.973384e-03  
   3.1400001  4.440770e+00  1.310092e-02  1.469132e-02  1.952155e-03  
   3.1500001  4.348667e+00  1.325766e-02  1.361698e-02  1.955341e-03  
   3.1600001  4.265656e+00  1.361893e-02  1.272483e-02  1.987630e-03  
   3.1700001  4.194936e+00  1.417843e-02  1.204866e-02  2.048197e-03  
   3.1800001  4.136451e+00  1.489370e-02  1.157663e-02  2.130955e-03  
   3.1900001  4.087120e+00  1.569297e-02  1.125678e-02  2.225635e-03  
   3.2000000  4.041752e+00  1.648613e-02  1.101014e-02  2.319451e-03  
   3.2100000  3.994467e+00  1.717786e-02  1.074852e-02  2.399035e-03  
   3.2200000  3.940262e+00  1.768084e-02  1.039262e-02  2.452325e-03  
   3.2300000  3.876392e+00  1.792740e-02  9.886780e-03  2.470165e-03  
   3.2400000  3.803219e+00  1.787832e-02  9.207678e-03  2.447464e-03  
   3.2500000  3.724413e+00  1.752792e-02  8.365787e-03  2.383793e-03  
   3.2600000  3.646430e+00  1.690527e-02  7.400485e-03  2.283421e-03  
   3.2700000  3.577445e+00  1.607111e-02  6.370652e-03  2.154794e-03  
   3.2800000  3.525947e+00  1.511118e-02  5.343209e-03  2.009532e-03  
   3.2900000  3.499273e+00  1.412654e-02  4.382076e-03  1.861077e-03  
   3.3000000  3.502346e+00  1.322180e-02  3.539386e-03  1.723125e-03  
   3.3099999  3.536830e+00  1.249303e-02  2.850097e-03  1.608062e-03  
   3.3199999  3.600796e+00  1.201660e-02  2.330258e-03  1.525587e-03  
   3.3299999  3.688885e+00  1.184092e-02  1.978455e-03  1.481726e-03  
   3.3399999  3.792937e+00  1.198209e-02  1.779439e-03  1.478389e-03  
   3.3499999  3.902905e+00  1.242463e-02  1.708686e-03  1.513543e-03  
   3.3599999  4.007944e+00  1.312697e-02  1.736793e-03  1.581977e-03  
   3.3699999  4.097508e+00  1.403107e-02  1.832886e-03  1.676541e-03  
   3.3800001  4.162401e+00  1.507428e-02  1.966849e-03  1.789624e-03  
   3.3900001  4.195660e+00  1.620101e-02  2.110577e-03  1.914572e-03  
   3.4000001  4.193254e+00  1.737207e-02  2.238833e-03  2.046783e-03  
   3.4100001  4.154538e+00  1.856903e-02  2.330202e-03  2.184210e-03  
   3.4200001  4.082411e+00  1.979327e-02  2.368448e-03  2.327192e-03  
   3.4300001  3.983133e+00  2.105968e-02  2.344141e-03  2.477657e-03  
   3.4400001  3.865813e+00  2.238699e-02  2.256101e-03  2.637928e-03  
   3.4500000  3.741583e+00  2.378724e-02  2.112102e-03  2.809426e-03  
   3.4600000  3.622570e+00  2.525716e-02  1.928428e-03  2.991628e-03  
   3.4700000  3.520786e+00  2.677375e-02  1.728211e-03  3.181500e-03  
   3.4800000  3.447098e+00  2.829436e-02  1.538881e-03  3.373536e-03  
   3.4900000  3.410402e+00  2.976147e-02  1.389304e-03  3.560310e-03  
   3.5000000  3.417053e+00  3.110983e-02  1.307257e-03  3.733397e-03  
   3.5100000  3.470575e+00  3.227449e-02  1.317684e-03  3.884356e-03  
   3.5200000  3.571631e+00  3.319757e-02  1.441955e-03  4.005621e-03  
   3.5300000  3.718161e+00  3.383302e-02  1.697950e-03  4.091120e-03  
   3.5400000  3.905693e+00  3.414906e-02  2.100618e-03  4.136622e-03  
   3.5500000  4.127731e+00  3.412888e-02  2.662505e-03  4.139846e-03  
   3.5599999  4.376189e+00  3.377030e-02  3.393842e-03  4.100424e-03  
   3.5699999  4.641830e+00  3.308491e-02  4.301949e-03  4.019798e-03  
   3.5799999  4.914614e+00  3.209663e-02  5.389991e-03  3.901008e-03  
   3.5899999  5.183957e+00  3.083954e-02  6.655451e-03  3.748403e-03  
   3.5999999  5.438844e+00  2.935460e-02  8.088944e-03  3.567207e-03  
   3.6099999  5.667922e+00  2.768554e-02  9.674031e-03  3.363003e-03  
   3.6199999  5.859645e+00  2.587486e-02  1.138868e-02  3.141225e-03  
   3.6300001  6.002682e+00  2.396108e-02  1.320863e-02  2.906797e-03  
   3.6400001  6.086680e+00  2.197857e-02  1.511220e-02  2.664105e-03  
   3.6500001  6.103500e+00  1.995976e-02  1.708636e-02  2.417261e-03  
   3.6600001  6.048766e+00  1.793995e-02  1.913233e-02  2.170666e-03  
   3.6700001  5.923563e+00  1.596235e-02  2.127030e-02  1.929619e-03  
   3.6800001  5.735868e+00  1.408175e-02  2.354275e-02  1.700770e-03  
   3.6900001  5.501387e+00  1.236513e-02  2.601652e-02  1.492196e-03  
   3.7000000  5.243377e+00  1.088820e-02  2.878406e-02  1.312991e-03  
   3.7100000  4.991327e+00  9.728123e-03  3.196383e-02  1.172413e-03  
   3.7200000  4.778477e+00  8.953514e-03  3.569839e-02  1.078678e-03  
   3.7300000  4.638403e+00  8.613778e-03  4.014700e-02  1.037694e-03  
   3.7400000  4.601099e+00  8.730360e-03  4.546881e-02  1.052006e-03  
   3.7500000  4.688955e+00  9.292854e-03  5.179277e-02  1.120329e-03  
   3.7600000  4.913171e+00  1.026244e-02  5.917428e-02  1.237964e-03  
   3.7700000  5.271039e+00  1.158374e-02  6.754401e-02  1.398216e-03  
   3.7800000  5.744511e+00  1.320360e-02  7.666056e-02  1.594653e-03  
   3.7900000  6.300505e+00  1.509226e-02  8.608408e-02  1.823656e-03  
   3.8000000  6.893327e+00  1.725993e-02  9.518807e-02  2.086404e-03  
   3.8099999  7.469382e+00  1.976070e-02  1.032208e-01  2.389347e-03  
   3.8199999  7.973952e+00  2.267852e-02  1.094154e-01  2.742509e-03  
   3.8299999  8.359229e+00  2.609457e-02  1.131315e-01  3.155554e-03  
   3.8399999  8.592084e+00  3.004247e-02  1.139971e-01  3.632383e-03  
   3.8499999  8.659777e+00  3.446317e-02  1.120107e-01  4.165709e-03  
   3.8599999  8.571885e+00  3.917437e-02  1.075699e-01  4.733376e-03  
   3.8699999  8.357613e+00  4.386692e-02  1.014095e-01  5.297973e-03  
   3.8800001  8.058838e+00  4.813479e-02  9.445604e-02  5.810461e-03  
   3.8900001  7.720707e+00  5.153491e-02  8.763591e-02  6.217429e-03  
   3.9000001  7.382186e+00  5.366656e-02  8.168413e-02  6.470664e-03  
   3.9100001  7.069322e+00  5.425001e-02  7.700963e-02  6.536637e-03  
   3.9200001  6.792644e+00  5.318640e-02  7.364903e-02  6.403673e-03  
   3.9300001  6.548983e+00  5.058278e-02  7.131632e-02  6.084930e-03  
   3.9400001  6.326482e+00  4.673513e-02  6.952585e-02  5.616293e-03  
   3.9500000  6.110700e+00  4.207294e-02  6.774441e-02  5.049654e-03  
   3.9600000  5.889890e+00  3.707890e-02  6.552727e-02  4.443236e-03  
   3.9700000  5.658100e+00  3.220304e-02  6.260219e-02  3.851268e-03  
   3.9800000  5.415868e+00  2.779164e-02  5.889072e-02  3.315467e-03  
   3.9900000  5.169036e+00  2.404569e-02  5.447594e-02  2.860081e-03  
   4.0000000  4.926636e+00  2.101520e-02  4.954215e-02  2.491243e-03  
   4.0100002  4.698661e+00  1.862568e-02  4.431215e-02  2.200149e-03  
   4.0200000  4.494241e+00  1.672571e-02  3.900298e-02  1.968763e-03  
   4.0300002  4.320264e+00  1.514012e-02  3.380276e-02  1.776160e-03  
   4.0400000  4.180592e+00  1.371667e-02  2.886914e-02  1.604081e-03  
   4.0500002  4.075599e+00  1.235463e-02  2.433190e-02  1.440324e-03  
   4.0599999  4.002357e+00  1.101434e-02  2.029723e-02  1.279891e-03  
   4.0700002  3.955270e+00  9.708311e-03  1.684207e-02  1.123934e-03  
   4.0799999  3.927364e+00  8.482400e-03  1.400685e-02  9.775441e-04  
   4.0900002  3.911867e+00  7.393049e-03  1.178587e-02  8.470669e-04  
   4.0999999  3.903825e+00  6.489737e-03  1.012657e-02  7.380261e-04  
   4.1100001  3.901250e+00  5.804836e-03  8.935997e-03  6.539058e-04  
   4.1199999  3.905551e+00  5.353357e-03  8.097455e-03  5.960786e-04  
   4.1300001  3.921049e+00  5.138694e-03  7.490199e-03  5.644409e-04  
   4.1399999  3.953750e+00  5.161070e-03  7.008768e-03  5.583861e-04  
   4.1500001  4.009675e+00  5.423414e-03  6.575777e-03  5.775188e-04  
   4.1599998  4.093149e+00  5.931724e-03  6.146935e-03  6.217939e-04  
   4.1700001  4.205471e+00  6.689101e-03  5.707688e-03  6.909757e-04  
   4.1799998  4.344187e+00  7.684825e-03  5.264759e-03  7.835730e-04  
   4.1900001  4.503190e+00  8.882971e-03  4.835181e-03  8.957142e-04  
   4.1999998  4.673457e+00  1.021410e-02  4.436662e-03  1.020331e-03  
   4.2100000  4.844402e+00  1.157529e-02  4.080670e-03  1.147180e-03  
   4.2199998  5.005337e+00  1.283873e-02  3.769700e-03  1.263720e-03  
   4.2300000  5.146964e+00  1.386979e-02  3.497735e-03  1.356902e-03  
   4.2399998  5.262352e+00  1.454950e-02  3.253438e-03  1.415364e-03  
   4.2500000  5.347470e+00  1.479749e-02  3.024208e-03  1.431623e-03  
   4.2600002  5.401038e+00  1.458901e-02  2.800281e-03  1.403639e-03  
   4.2700000  5.423974e+00  1.396241e-02  2.577511e-03  1.335425e-03  
   4.2800002  5.418617e+00  1.301495e-02  2.358350e-03  1.236516e-03  
   4.2900000  5.388030e+00  1.188854e-02  2.150972e-03  1.120490e-03  
   4.3000002  5.335598e+00  1.074806e-02  1.966588e-03  1.002828e-03  
   4.3099999  5.265084e+00  9.758381e-03  1.816069e-03  8.987056e-04  
   4.3200002  5.181005e+00  9.063331e-03  1.706630e-03  8.210283e-04  
   4.3299999  5.089199e+00  8.771612e-03  1.639908e-03  7.791835e-04  
   4.3400002  4.997199e+00  8.949840e-03  1.611976e-03  7.784826e-04  
   4.3499999  4.914259e+00  9.622910e-03  1.615587e-03  8.203301e-04  
   4.3600001  4.850740e+00  1.077897e-02  1.643997e-03  9.028165e-04  
   4.3699999  4.816967e+00  1.237568e-02  1.695260e-03  1.021459e-03  
   4.3800001  4.821658e+00  1.434616e-02  1.775595e-03  1.169895e-03  
   4.3899999  4.870316e+00  1.660191e-02  1.900541e-03  1.340286e-03  
   4.4000001  4.963904e+00  1.903542e-02  2.093244e-03  1.523641e-03  
   4.4099998  5.098204e+00  2.152193e-02  2.379800e-03  1.709998e-03  
   4.4200001  5.264094e+00  2.392588e-02  2.782678e-03  1.888901e-03  
   4.4299998  5.448758e+00  2.611027e-02  3.313331e-03  2.050066e-03  
   4.4400001  5.637767e+00  2.795202e-02  3.966235e-03  2.184473e-03  
   4.4499998  5.817546e+00  2.935750e-02  4.715400e-03  2.285463e-03  
   4.4600000  5.977974e+00  3.027727e-02  5.515396e-03  2.349785e-03  
   4.4699998  6.114349e+00  3.071358e-02  6.306290e-03  2.378091e-03  
   4.4800000  6.228595e+00  3.071968e-02  7.022873e-03  2.374845e-03  
   4.4899998  6.329224e+00  3.038974e-02  7.605225e-03  2.347529e-03  
   4.5000000  6.430297e+00  2.984186e-02  8.009273e-03  2.305334e-03  
   4.5100002  6.549481e+00  2.919797e-02  8.213770e-03  2.257641e-03  
   4.5200000  6.705725e+00  2.856433e-02  8.222886e-03  2.212545e-03  
   4.5300002  6.916994e+00  2.801629e-02  8.063592e-03  2.175695e-03  
   4.5400000  7.198311e+00  2.758957e-02  7.779422e-03  2.149639e-03  
   4.5500002  7.560490e+00  2.727825e-02  7.422995e-03  2.133665e-03  
   4.5599999  8.009267e+00  2.703954e-02  7.049982e-03  2.124159e-03  
   4.5700002  8.545152e+00  2.680340e-02  6.715855e-03  2.115353e-03  
   4.5799999  9.163489e+00  2.648579e-02  6.475789e-03  2.100336e-03  
   4.5900002  9.855391e+00  2.600277e-02  6.385506e-03  2.072168e-03  
   4.5999999  1.060897e+01  2.528418e-02  6.500929e-03  2.024958e-03  
   4.6100001  1.141185e+01  2.428423e-02  6.873995e-03  1.954720e-03  
   4.6199999  1.225382e+01  2.298873e-02  7.543981e-03  1.859986e-03  
   4.6300001  1.313021e+01  2.141718e-02  8.525908e-03  1.742017e-03  
   4.6399999  1.404420e+01  1.962154e-02  9.798760e-03  1.604760e-03  
   4.6500001  1.500844e+01  1.768040e-02  1.129857e-02  1.454447e-03  
   4.6599998  1.604404e+01  1.569256e-02  1.291841e-02  1.299137e-03  
   4.6700001  1.717837e+01  1.376894e-02  1.451867e-02  1.148123e-03  
   4.6799998  1.844063e+01  1.202717e-02  1.594430e-02  1.011550e-03  
   4.6900001  1.985777e+01  1.058712e-02  1.704803e-02  9.000894e-04  
   4.6999998  2.145004e+01  9.570092e-03  1.771239e-02  8.249060e-04  
   4.7100000  2.322900e+01  9.097935e-03  1.786799e-02  7.975918e-04  
   4.7199998  2.519602e+01  9.291995e-03  1.750290e-02  8.300351e-04  
   4.7300000  2.734351e+01  1.026749e-02  1.666256e-02  9.338565e-04  
   4.7399998  2.965561e+01  1.212174e-02  1.544046e-02  1.119239e-03  
   4.7500000  3.211068e+01  1.491620e-02  1.396146e-02  1.393159e-03  
   4.7600002  3.468217e+01  1.865302e-02  1.236224e-02  1.757082e-03  
   4.7700000  3.734064e+01  2.325288e-02  1.077155e-02  2.204744e-03  
   4.7800002  4.005580e+01  2.854099e-02  9.294307e-03  2.720685e-03  
   4.7900000  4.279782e+01  3.424462e-02  8.002826e-03  3.279847e-03  
   4.8000002  4.554041e+01  4.001196e-02  6.934704e-03  3.849207e-03  
   4.8099999  4.826141e+01  4.544378e-02  6.098790e-03  4.390661e-03  
   4.8200002  5.094430e+01  5.014060e-02  5.485492e-03  4.865458e-03  
   4.8299999  5.357573e+01  5.374822e-02  5.079895e-03  5.238547e-03  
   4.8400002  5.614354e+01  5.599992e-02  4.873043e-03  5.482725e-03  
   4.8499999  5.863184e+01  5.674167e-02  4.869365e-03  5.581230e-03  
   4.8600001  6.101834e+01  5.594277e-02  5.087777e-03  5.529011e-03  
   4.8699999  6.327180e+01  5.368982e-02  5.556542e-03  5.332399e-03  
   4.8800001  6.535365e+01  5.016908e-02  6.303331e-03  5.007698e-03  
   4.8899999  6.722095e+01  4.564299e-02  7.342884e-03  4.579131e-03  
   4.9000001  6.883250e+01  4.042144e-02  8.666459e-03  4.076223e-03  
   4.9099998  7.015382e+01  3.483504e-02  1.023534e-02  3.531269e-03  
   4.9200001  7.116202e+01  2.920520e-02  1.198221e-02  2.976378e-03  
   4.9299998  7.184696e+01  2.382033e-02  1.381923e-02  2.441001e-03  
   4.9400001  7.221019e+01  1.891183e-02  1.565364e-02  1.949343e-03  
   4.9499998  7.226116e+01  1.464072e-02  1.740520e-02  1.518793e-03  
   4.9600000  7.201279e+01  1.108952e-02  1.902349e-02  1.158865e-03  
   4.9699998  7.147749e+01  8.267668e-03  2.049796e-02  8.715495e-04  
   4.9800000  7.066517e+01  6.123270e-03  2.185972e-02  6.523842e-04  
   4.9899998  6.958372e+01  4.563701e-03  2.317172e-02  4.925022e-04  
   5.0000000  6.824129e+01  3.476442e-03  2.451116e-02  3.807804e-04  
   5.0100002  6.665009e+01  2.749105e-03  2.594673e-02  3.059436e-04  
   5.0200000  6.482954e+01  2.282962e-03  2.751824e-02  2.580130e-04  
   5.0300002  6.280772e+01  1.999710e-03  2.922378e-02  2.290465e-04  
   5.0400000  6.062229e+01  1.841913e-03  3.101796e-02  2.131982e-04  
   5.0500002  5.831802e+01  1.768849e-03  3.282356e-02  2.062884e-04  
   5.0599999  5.594491e+01  1.750976e-03  3.455134e-02  2.052228e-04  
   5.0700002  5.355467e+01  1.765142e-03  3.612464e-02  2.075004e-04  
   5.0799999  5.119912e+01  1.792071e-03  3.749926e-02  2.109739e-04  
   5.0900002  4.892759e+01  1.816262e-03  3.867432e-02  2.138790e-04  
   5.0999999  4.678659e+01  1.827576e-03  3.968899e-02  2.150424e-04  
   5.1100001  4.481798e+01  1.823244e-03  4.060679e-02  2.141281e-04  
   5.1199999  4.305878e+01  1.809087e-03  4.149029e-02  2.117818e-04  
   5.1300001  4.153922e+01  1.799139e-03  4.237444e-02  2.095828e-04  
   5.1399999  4.028238e+01  1.813425e-03  4.324485e-02  2.097821e-04  
   5.1500001  3.930287e+01  1.874200e-03  4.402870e-02  2.148651e-04  
   5.1599998  3.860714e+01  2.001412e-03  4.460066e-02  2.270315e-04  
   5.1700001  3.819366e+01  2.208390e-03  4.480430e-02  2.477122e-04  
   5.1799998  3.805407e+01  2.498641e-03  4.448393e-02  2.772223e-04  
   5.1900001  3.817407e+01  2.864667e-03  4.352006e-02  3.146529e-04  
   5.1999998  3.853434e+01  3.288736e-03  4.186023e-02  3.579900e-04  
   5.2100000  3.911100e+01  3.745814e-03  3.953649e-02  4.044688e-04  
   5.2199998  3.987596e+01  4.207397e-03  3.666690e-02  4.510215e-04  
   5.2300000  4.079747e+01  4.645917e-03  3.343748e-02  4.947697e-04  
   5.2399998  4.184091e+01  5.038206e-03  3.007247e-02  5.333942e-04  
   5.2500000  4.297101e+01  5.368097e-03  2.679555e-02  5.653887e-04  
   5.2600002  4.415429e+01  5.627404e-03  2.379574e-02  5.901283e-04  
   5.2700000  4.536262e+01  5.816060e-03  2.120150e-02  6.078407e-04  
   5.2800002  4.657665e+01  5.941616e-03  1.906938e-02  6.195158e-04  
   5.2900000  4.778778e+01  6.018555e-03  1.738868e-02  6.268112e-04  
   5.3000002  4.899908e+01  6.067843e-03  1.609640e-02  6.320002e-04  
   5.3099999  5.022287e+01  6.116585e-03  1.510039e-02  6.379473e-04  
   5.3200002  5.147729e+01  6.197838e-03  1.430294e-02  6.481103e-04  
   5.3299999  5.278094e+01  6.350272e-03  1.362263e-02  6.665341e-04  
   5.3400002  5.414900e+01  6.617732e-03  1.300991e-02  6.978271e-04  
   5.3499999  5.559097e+01  7.048256e-03  1.245639e-02  7.470718e-04  
   5.3600001  5.711255e+01  7.692486e-03  1.199543e-02  8.196607e-04  
   5.3699999  5.871943e+01  8.600399e-03  1.169485e-02  9.209403e-04  
   5.3800001  6.042362e+01  9.816449e-03  1.164131e-02  1.055678e-03  
   5.3899999  6.224786e+01  1.137162e-02  1.191905e-02  1.227193e-03  
   5.4000001  6.422803e+01  1.327404e-02  1.258663e-02  1.436335e-03  
   5.4099998  6.640993e+01  1.549753e-02  1.365690e-02  1.680233e-03  
   5.4200001  6.884368e+01  1.797256e-02  1.508606e-02  1.951322e-03  
   5.4299998  7.157354e+01  2.058008e-02  1.677435e-02  2.236671e-03  
   5.4400001  7.463000e+01  2.315465e-02  1.858026e-02  2.518320e-03  
   5.4499998  7.802198e+01  2.549567e-02  2.034328e-02  2.774494e-03  
   5.4600000  8.173533e+01  2.739060e-02  2.191133e-02  2.982124e-03  
   5.4699998  8.573359e+01  2.864423e-02  2.316373e-02  3.120009e-03  
   5.4800000  8.996533e+01  2.911175e-02  2.402614e-02  3.172410e-03  
   5.4899998  9.437119e+01  2.872613e-02  2.447279e-02  3.132033e-03  
   5.5000000  9.889452e+01  2.751477e-02  2.451828e-02  3.001858e-03  
   5.5100002  1.034882e+02  2.560014e-02  2.420200e-02  2.795215e-03  
   5.5200000  1.081202e+02  2.318327e-02  2.357136e-02  2.534045e-03  
   5.5300002  1.127767e+02  2.051320e-02  2.266868e-02  2.245568e-03  
   5.5400000  1.174581e+02  1.784991e-02  2.152585e-02  1.958267e-03  
   5.5500002  1.221757e+02  1.542565e-02  2.016618e-02  1.697658e-03  
   5.5599999  1.269440e+02  1.341524e-02  1.861287e-02  1.483000e-03  
   5.5700002  1.317748e+02  1.191636e-02  1.689829e-02  1.325092e-03  
   5.5799999  1.366716e+02  1.094523e-02  1.507246e-02  1.225724e-03  
   5.5900002  1.416299e+02  1.044396e-02  1.320549e-02  1.178434e-03  
   5.5999999  1.466391e+02  1.029926e-02  1.138574e-02  1.170523e-03  
   5.6100001  1.516902e+02  1.036701e-02  9.712057e-03  1.185779e-03  
   5.6199999  1.567815e+02  1.049972e-02  8.284954e-03  1.207557e-03  
   5.6300001  1.619256e+02  1.057234e-02  7.196330e-03  1.221731e-03  
   5.6399999  1.671482e+02  1.050270e-02  6.521962e-03  1.219074e-03  
   5.6500001  1.724846e+02  1.026360e-02  6.315333e-03  1.196708e-03  
   5.6599998  1.779688e+02  9.884588e-03  6.604364e-03  1.158368e-03  
   5.6700001  1.836232e+02  9.443128e-03  7.389559e-03  1.113427e-03  
   5.6799998  1.894478e+02  9.047483e-03  8.643619e-03  1.074928e-03  
   5.6900001  1.954184e+02  8.814745e-03  1.031310e-02  1.057029e-03  
   5.6999998  2.014863e+02  8.849636e-03  1.232152e-02  1.072501e-03  
   5.7100000  2.075886e+02  9.228205e-03  1.457623e-02  1.130803e-03  
   5.7199998  2.136550e+02  9.989794e-03  1.697638e-02  1.237091e-03  
   5.7300000  2.196162e+02  1.113783e-02  1.942374e-02  1.392288e-03  
   5.7399998  2.254039e+02  1.264697e-02  2.183087e-02  1.593876e-03  
   5.7500000  2.309459e+02  1.447427e-02  2.412752e-02  1.837163e-03  
   5.7600002  2.361553e+02  1.656912e-02  2.626039e-02  2.116398e-03  
   5.7700000  2.409200e+02  1.888101e-02  2.818885e-02  2.425611e-03  
   5.7800002  2.450969e+02  2.136372e-02  2.987732e-02  2.759059e-03  
   5.7900000  2.485146e+02  2.397518e-02  3.128682e-02  3.111150e-03  
   5.8000002  2.509892e+02  2.667702e-02  3.237092e-02  3.476384e-03  
   5.8099999  2.523486e+02  2.943133e-02  3.307595e-02  3.848973e-03  
   5.8200002  2.524657e+02  3.219894e-02  3.334754e-02  4.222709e-03  
   5.8299999  2.512888e+02  3.493538e-02  3.314000e-02  4.590541e-03  
   5.8400002  2.488657e+02  3.758854e-02  3.242685e-02  4.944417e-03  
   5.8499999  2.453553e+02  4.009501e-02  3.120926e-02  5.274965e-03  
   5.8600001  2.410192e+02  4.238020e-02  2.952028e-02  5.571652e-03  
   5.8699999  2.361996e+02  4.435946e-02  2.742563e-02  5.823093e-03  
   5.8800001  2.312799e+02  4.594483e-02  2.501954e-02  6.018011e-03  
   5.8899999  2.266411e+02  4.705298e-02  2.241936e-02  6.146321e-03  
   5.9000001  2.226145e+02  4.761556e-02  1.975630e-02  6.200418e-03  
   5.9099998  2.194450e+02  4.758774e-02  1.716672e-02  6.176150e-03  
   5.9200001  2.172657e+02  4.695499e-02  1.478042e-02  6.073492e-03  
   5.9299998  2.160934e+02  4.573739e-02  1.271087e-02  5.896829e-03  
   5.9400001  2.158398e+02  4.399212e-02  1.104501e-02  5.655016e-03  
   5.9499998  2.163399e+02  4.181569e-02  9.838269e-03  5.361478e-03  
   5.9600000  2.173892e+02  3.934411e-02  9.113428e-03  5.034120e-03  
   5.9699998  2.187815e+02  3.675180e-02  8.866873e-03  4.695186e-03  
   5.9800000  2.203415e+02  3.424375e-02  9.079947e-03  4.370362e-03  
   5.9899998  2.219447e+02  3.204289e-02  9.734245e-03  4.087328e-03  
   6.0000000  2.235238e+02  3.036907e-02  1.082695e-02  3.873258e-03  
   6.0100002  2.250633e+02  2.941638e-02  1.238188e-02  3.752065e-03  
   6.0200000  2.265855e+02  2.933014e-02  1.445321e-02  3.741598e-03  
   6.0300002  2.281342e+02  3.019078e-02  1.712019e-02  3.851624e-03  
   6.0400000  2.297597e+02  3.200680e-02  2.047197e-02  4.082934e-03  
   6.0500002  2.315096e+02  3.471787e-02  2.458838e-02  4.427741e-03  
   6.0599999  2.334218e+02  3.820449e-02  2.951724e-02  4.870862e-03  
   6.0700002  2.355243e+02  4.230320e-02  3.525842e-02  5.391625e-03  
   6.0799999  2.378326e+02  4.681931e-02  4.175243e-02  5.965451e-03  
   6.0900002  2.403510e+02  5.154020e-02  4.888228e-02  6.565517e-03  
   6.0999999  2.430708e+02  5.624297e-02  5.647954e-02  7.163691e-03  
   6.1100001  2.459707e+02  6.070409e-02  6.434015e-02  7.731726e-03  
   6.1199999  2.490166e+02  6.470647e-02  7.223610e-02  8.242136e-03  
   6.1300001  2.521666e+02  6.805249e-02  7.993005e-02  8.669865e-03  
   6.1399999  2.553749e+02  7.057803e-02  8.718085e-02  8.994090e-03  
   6.1500001  2.586009e+02  7.217295e-02  9.375174e-02  9.200858e-03  
   6.1599998  2.618143e+02  7.280190e-02  9.941366e-02  9.285828e-03  
   6.1700001  2.650026e+02  7.252537e-02  1.039566e-01  9.256992e-03  
   6.1799998  2.681730e+02  7.151330e-02  1.072018e-01  9.136476e-03  
   6.1900001  2.713544e+02  7.004551e-02  1.090214e-01  8.960599e-03  
   6.1999998  2.745970e+02  6.849348e-02  1.093564e-01  8.777552e-03  
   6.2100000  2.779718e+02  6.727903e-02  1.082309e-01  8.642061e-03  
   6.2199998  2.815706e+02  6.681509e-02  1.057562e-01  8.607721e-03  
   6.2300000  2.855046e+02  6.743494e-02  1.021191e-01  8.717869e-03  
   6.2399998  2.899024e+02  6.932650e-02  9.755930e-02  8.997022e-03  
   6.2500000  2.949037e+02  7.248654e-02  9.233423e-02  9.444933e-03  
   6.2600002  3.006484e+02  7.670780e-02  8.668444e-02  1.003481e-02  
   6.2700000  3.072634e+02  8.160562e-02  8.080412e-02  1.071671e-02  
   6.2800002  3.148466e+02  8.668089e-02  7.482444e-02  1.142561e-02  
   6.2900000  3.234505e+02  9.140341e-02  6.881702e-02  1.209222e-02  
   6.3000002  3.330725e+02  9.530314e-02  6.280866e-02  1.265482e-02  
   6.3099999  3.436497e+02  9.804374e-02  5.681115e-02  1.306894e-02  
   6.3200002  3.550681e+02  9.947052e-02  5.084904e-02  1.331371e-02  
   6.3299999  3.671761e+02  9.962092e-02  4.498651e-02  1.339337e-02  
   6.3400002  3.798157e+02  9.870254e-02  3.933803e-02  1.333466e-02  
   6.3499999  3.928502e+02  9.704578e-02  3.406901e-02  1.318066e-02  
   6.3600001  4.062028e+02  9.504249e-02  2.937722e-02  1.298298e-02  
   6.3699999  4.198773e+02  9.308407e-02  2.546764e-02  1.279357e-02  
   6.3800001  4.339756e+02  9.150555e-02  2.251761e-02  1.265738e-02  
   6.3899999  4.486860e+02  9.054455e-02  2.064649e-02  1.260675e-02  
   6.4000001  4.642629e+02  9.031581e-02  1.989042e-02  1.265776e-02  
   6.4099998  4.809784e+02  9.080417e-02  2.019274e-02  1.280907e-02  
   6.4200001  4.990761e+02  9.187519e-02  2.141021e-02  1.304298e-02  
   6.4299998  5.187145e+02  9.330206e-02  2.333659e-02  1.332883e-02  
   6.4400001  5.399336e+02  9.480537e-02  2.573995e-02  1.362823e-02  
   6.4499998  5.626252e+02  9.609864e-02  2.840493e-02  1.390114e-02  
   6.4600000  5.865431e+02  9.693161e-02  3.117366e-02  1.411187e-02  
   6.4699998  6.113174e+02  9.712192e-02  3.397332e-02  1.423341e-02  
   6.4800000  6.365077e+02  9.656955e-02  3.682791e-02  1.424963e-02  
   6.4899998  6.616489e+02  9.525189e-02  3.984816e-02  1.415461e-02  
   6.5000000  6.863211e+02  9.320303e-02  4.320618e-02  1.394996e-02  
   6.5100002  7.101947e+02  9.048638e-02  4.709703e-02  1.364116e-02  
   6.5200000  7.330723e+02  8.716883e-02  5.169901e-02  1.323420e-02  
   6.5300002  7.549026e+02  8.330442e-02  5.713975e-02  1.273364e-02  
   6.5400000  7.757570e+02  7.893363e-02  6.347097e-02  1.214284e-02  
   6.5500002  7.957905e+02  7.409261e-02  7.065897e-02  1.146569e-02  
   6.5599999  8.151693e+02  6.883465e-02  7.857990e-02  1.070991e-02  
   6.5700002  8.340046e+02  6.324957e-02  8.702344e-02  9.890115e-03  
   6.5799999  8.522885e+02  5.748300e-02  9.569000e-02  9.030617e-03  
   6.5900002  8.698672e+02  5.174218e-02  1.041914e-01  8.166174e-03  
   6.5999999  8.864456e+02  4.629348e-02  1.120494e-01  7.341441e-03  
   6.6100001  9.016396e+02  4.144198e-02  1.187133e-01  6.607536e-03  
   6.6199999  9.150499e+02  3.750241e-02  1.235951e-01  6.017289e-03  
   6.6300001  9.263617e+02  3.475714e-02  1.261378e-01  5.618313e-03  
   6.6399999  9.354232e+02  3.341451e-02  1.259001e-01  5.446159e-03  
   6.6500001  9.422972e+02  3.357049e-02  1.226472e-01  5.517972e-03  
   6.6599998  9.472659e+02  3.518746e-02  1.164195e-01  5.828908e-03  
   6.6700001  9.507787e+02  3.809564e-02  1.075576e-01  6.352318e-03  
   6.6799998  9.533616e+02  4.202057e-02  9.667774e-02  7.044217e-03  
   6.6900001  9.555028e+02  4.663489e-02  8.459277e-02  7.851845e-03  
   6.6999998  9.575456e+02  5.161971e-02  7.221343e-02  8.723780e-03  
   6.7100000  9.596160e+02  5.672485e-02  6.043786e-02  9.619933e-03  
   6.7199998  9.616068e+02  6.180493e-02  5.007264e-02  1.051746e-02  
   6.7300000  9.632175e+02  6.682681e-02  4.177891e-02  1.141185e-02  
   6.7399998  9.640400e+02  7.183816e-02  3.606198e-02  1.231155e-02  
   6.7500000  9.636652e+02  7.691389e-02  3.327760e-02  1.322878e-02  
   6.7600002  9.617796e+02  8.209158e-02  3.365306e-02  1.416862e-02  
   6.7700000  9.582260e+02  8.732382e-02  3.730117e-02  1.512103e-02  
   6.7800002  9.530145e+02  9.246491e-02  4.422721e-02  1.605880e-02  
   6.7900000  9.462922e+02  9.729808e-02  5.432348e-02  1.694247e-02  
   6.8000002  9.382784e+02  1.016034e-01  6.736254e-02  1.773235e-02  
   6.8099999  9.292040e+02  1.052408e-01  8.298308e-02  1.840291e-02  
   6.8200002  9.192578e+02  1.082258e-01  1.006862e-01  1.895614e-02  
   6.8299999  9.085737e+02  1.107669e-01  1.198240e-01  1.942801e-02  
   6.8400002  8.972325e+02  1.132511e-01  1.396071e-01  1.988598e-02  
   6.8499999  8.852983e+02  1.161726e-01  1.591106e-01  2.041653e-02  
   6.8600001  8.728441e+02  1.200255e-01  1.773191e-01  2.110645e-02  
   6.8699999  8.599841e+02  1.251852e-01  1.931970e-01  2.202190e-02  
   6.8800001  8.468824e+02  1.318139e-01  2.058155e-01  2.319193e-02  
   6.8899999  8.337595e+02  1.398107e-01  2.145091e-01  2.459961e-02  
   6.9000001  8.208785e+02  1.488225e-01  2.190503e-01  2.618375e-02  
   6.9099998  8.085334e+02  1.582990e-01  2.197856e-01  2.784852e-02  
   6.9200001  7.970225e+02  1.675827e-01  2.176935e-01  2.947919e-02  
   6.9299998  7.866220e+02  1.759983e-01  2.143167e-01  3.095757e-02  
   6.9400001  7.775432e+02  1.829302e-01  2.115644e-01  3.217583e-02  
   6.9499998  7.698992e+02  1.878687e-01  2.114087e-01  3.304446e-02  
   6.9600000  7.636667e+02  1.904348e-01  2.155365e-01  3.349676e-02  
   6.9699998  7.586743e+02  1.903858e-01  2.250329e-01  3.348988e-02  
   6.9800000  7.546028e+02  1.876201e-01  2.401701e-01  3.300573e-02  
   6.9899998  7.510193e+02  1.821863e-01  2.603398e-01  3.205283e-02  
   7.0000000  7.474207e+02  1.742980e-01  2.841522e-01  3.066881e-02  
   7.0100002  7.432955e+02  1.643503e-01  3.096543e-01  2.892357e-02  
   7.0200000  7.381819e+02  1.529219e-01  3.346432e-01  2.691950e-02  
   7.0300002  7.317203e+02  1.407508e-01  3.570073e-01  2.478730e-02  
   7.0400000  7.236946e+02  1.286870e-01  3.750374e-01  2.267756e-02  
   7.0500002  7.140546e+02  1.176099e-01  3.876867e-01  2.074625e-02  
   7.0599999  7.029217e+02  1.083401e-01  3.947172e-01  1.913914e-02  
   7.0700002  6.905724e+02  1.015455e-01  3.967278e-01  1.797536e-02  
   7.0799999  6.774093e+02  9.767459e-02  3.950297e-01  1.733560e-02  
   7.0900002  6.639129e+02  9.691574e-02  3.913860e-01  1.725494e-02  
   7.0999999  6.506014e+02  9.919716e-02  3.876471e-01  1.772279e-02  
   7.1100001  6.379846e+02  1.042184e-01  3.853475e-01  1.868832e-02  
   7.1199999  6.265416e+02  1.115068e-01  3.853625e-01  2.007023e-02  
   7.1300001  6.166992e+02  1.204908e-01  3.877005e-01  2.176963e-02  
   7.1399999  6.088281e+02  1.305746e-01  3.914960e-01  2.368323e-02  
   7.1500001  6.032250e+02  1.412165e-01  3.952056e-01  2.571730e-02  
   7.1599998  6.000952e+02  1.519917e-01  3.969566e-01  2.779893e-02  
   7.1700001  5.995148e+02  1.626461e-01  3.949672e-01  2.988612e-02  
   7.1799998  6.013960e+02  1.731199e-01  3.879286e-01  3.197192e-02  
   7.1900001  6.054578e+02  1.835462e-01  3.752689e-01  3.408450e-02  
   7.1999998  6.112241e+02  1.942054e-01  3.572544e-01  3.627866e-02  
   7.2100000  6.180587e+02  2.054511e-01  3.349127e-01  3.862225e-02  
   7.2199998  6.252367e+02  2.176037e-01  3.098324e-01  4.117590e-02  
   7.2300000  6.320499e+02  2.308442e-01  2.838666e-01  4.397317e-02  
   7.2399998  6.379209e+02  2.451165e-01  2.588390e-01  4.700165e-02  
   7.2500000  6.425123e+02  2.600781e-01  2.362695e-01  5.019322e-02  
   7.2600002  6.458047e+02  2.750950e-01  2.171988e-01  5.342261e-02  
   7.2700000  6.481309e+02  2.893029e-01  2.021025e-01  5.651850e-02  
   7.2800002  6.501535e+02  3.017157e-01  1.909118e-01  5.928436e-02  
   7.2900000  6.527848e+02  3.113621e-01  1.831234e-01  6.152454e-02  
   7.3000002  6.570518e+02  3.174345e-01  1.779525e-01  6.307411e-02  
   7.3099999  6.639216e+02  3.194149e-01  1.745043e-01  6.382403e-02  
   7.3200002  6.741122e+02  3.171630e-01  1.719157e-01  6.373983e-02  
   7.3299999  6.879177e+02  3.109460e-01  1.694536e-01  6.286857e-02  
   7.3400002  7.050917e+02  3.014029e-01  1.665558e-01  6.133310e-02  
   7.3499999  7.248075e+02  2.894544e-01  1.628323e-01  5.931398e-02  
   7.3600001  7.457252e+02  2.761576e-01  1.580410e-01  5.702104e-02  
   7.3699999  7.661392e+02  2.625514e-01  1.520664e-01  5.466128e-02  
   7.3800001  7.841955e+02  2.495009e-01  1.449101e-01  5.240705e-02  
   7.3899999  7.981107e+02  2.375945e-01  1.367096e-01  5.037420e-02  
   7.4000001  8.063666e+02  2.270934e-01  1.277679e-01  4.861160e-02  
   7.4099998  8.078319e+02  2.179641e-01  1.185988e-01  4.710774e-02  
   7.4200001  8.018109e+02  2.099653e-01  1.099605e-01  4.580914e-02  
   7.4299998  7.880303e+02  2.027801e-01  1.028799e-01  4.464850e-02  
   7.4400001  7.665863e+02  1.961468e-01  9.864241e-02  4.357253e-02  
   7.4499998  7.378950e+02  1.899648e-01  9.875195e-02  4.256457e-02  
   7.4600000  7.026390e+02  1.843392e-01  1.048422e-01  4.165414e-02  
   7.4699998  6.617504e+02  1.795681e-01  1.185405e-01  4.091347e-02  
   7.4800000  6.163764e+02  1.760687e-01  1.412884e-01  4.044123e-02  
   7.4899998  5.678673e+02  1.742786e-01  1.741223e-01  4.033996e-02  
   7.5000000  5.177147e+02  1.745519e-01  2.174633e-01  4.069317e-02  
   7.5100002  4.675005e+02  1.770878e-01  2.709205e-01  4.154902e-02  
   7.5200000  4.188029e+02  1.819008e-01  3.331822e-01  4.291409e-02  
   7.5300002  3.730880e+02  1.888411e-01  4.020283e-01  4.475809e-02  
   7.5400000  3.316230e+02  1.976450e-01  4.744493e-01  4.702555e-02  
   7.5500002  2.953627e+02  2.080012e-01  5.469467e-01  4.965123e-02  
   7.5599999  2.648872e+02  2.196019e-01  6.158919e-01  5.257136e-02  
   7.5700002  2.403398e+02  2.321747e-01  6.779914e-01  5.573073e-02  
   7.5799999  2.214295e+02  2.454771e-01  7.306780e-01  5.908054e-02  
   7.5900002  2.074601e+02  2.592772e-01  7.724506e-01  6.257315e-02  
   7.5999999  1.974263e+02  2.733162e-01  8.030063e-01  6.615222e-02  
   7.6100001  1.901413e+02  2.872856e-01  8.232047e-01  6.974695e-02  
   7.6199999  1.844052e+02  3.008108e-01  8.348144e-01  7.326739e-02  
   7.6300001  1.791743e+02  3.134652e-01  8.401397e-01  7.660781e-02  
   7.6399999  1.737214e+02  3.247913e-01  8.415878e-01  7.965167e-02  
   7.6500001  1.677493e+02  3.343424e-01  8.412863e-01  8.228253e-02  
   7.6599998  1.614523e+02  3.417183e-01  8.408337e-01  8.439302e-02  
   7.6700001  1.555063e+02  3.466018e-01  8.412085e-01  8.589507e-02  
   7.6799998  1.510029e+02  3.487786e-01  8.428301e-01  8.672576e-02  
   7.6900001  1.493361e+02  3.481470e-01  8.457006e-01  8.685075e-02  
   7.6999998  1.520730e+02  3.447120e-01  8.495479e-01  8.626348e-02  
   7.7100000  1.608326e+02  3.385684e-01  8.539066e-01  8.498120e-02  
   7.7199998  1.771939e+02  3.298794e-01  8.581070e-01  8.303939e-02  
   7.7300000  2.026448e+02  3.188535e-01  8.612188e-01  8.048511e-02  
   7.7399998  2.385465e+02  3.057314e-01  8.620044e-01  7.737330e-02  
   7.7500000  2.861116e+02  2.907810e-01  8.589581e-01  7.376446e-02  
   7.7600002  3.463231e+02  2.743120e-01  8.504648e-01  6.972861e-02  
   7.7700000  4.198045e+02  2.566983e-01  8.350542e-01  6.535153e-02  
   7.7800002  5.066340e+02  2.384019e-01  8.116727e-01  6.074214e-02  
   7.7900000  6.060903e+02  2.199987e-01  7.798982e-01  5.604100e-02  
   7.8000002  7.164904e+02  2.021717e-01  7.400043e-01  5.142041e-02  
   7.8099999  8.350748e+02  1.856911e-01  6.928945e-01  4.708058e-02  
   7.8200002  9.581578e+02  1.713483e-01  6.398973e-01  4.323315e-02  
   7.8299999  1.081408e+03  1.598765e-01  5.825590e-01  4.008026e-02  
   7.8400002  1.200396e+03  1.518462e-01  5.224398e-01  3.778603e-02  
   7.8499999  1.311141e+03  1.475742e-01  4.610362e-01  3.645115e-02  
   7.8600001  1.410706e+03  1.470512e-01  3.997450e-01  3.609193e-02  
   7.8699999  1.497529e+03  1.499171e-01  3.399183e-01  3.663208e-02  
   7.8800001  1.571590e+03  1.554877e-01  2.828664e-01  3.790830e-02  
   7.8899999  1.634227e+03  1.628351e-01  2.298622e-01  3.969019e-02  
   7.9000001  1.687797e+03  1.709108e-01  1.820450e-01  4.171192e-02  
   7.9099998  1.735155e+03  1.786844e-01  1.403302e-01  4.370835e-02  
   7.9200001  1.779178e+03  1.852806e-01  1.052833e-01  4.545092e-02  
   7.9299998  1.822344e+03  1.900802e-01  7.706846e-02  4.677429e-02  
   7.9400001  1.866501e+03  1.927772e-01  5.543058e-02  4.759197e-02  
   7.9499998  1.912781e+03  1.933778e-01  3.976563e-02  4.789673e-02  
   7.9600000  1.961691e+03  1.921542e-01  2.921742e-02  4.774931e-02  
   7.9699998  2.013269e+03  1.895613e-01  2.280874e-02  4.725761e-02  
   7.9800000  2.067312e+03  1.861394e-01  1.955687e-02  4.655205e-02  
   7.9899998  2.123545e+03  1.824235e-01  1.857453e-02  4.576273e-02  
   8.0000000  2.181784e+03  1.788724e-01  1.913779e-02  4.500148e-02  
   8.0100002  2.241982e+03  1.758326e-01  2.072604e-02  4.435302e-02  
   8.0200005  2.304246e+03  1.735353e-01  2.303100e-02  4.387434e-02  
   8.0299997  2.368781e+03  1.721216e-01  2.593575e-02  4.360149e-02  
   8.0400000  2.435839e+03  1.716815e-01  2.946503e-02  4.355976e-02  
   8.0500002  2.505599e+03  1.722929e-01  3.370679e-02  4.377346e-02  
   8.0600004  2.578114e+03  1.740423e-01  3.872132e-02  4.427101e-02  
   8.0699997  2.653236e+03  1.770217e-01  4.445202e-02  4.508355e-02  
   8.0799999  2.730613e+03  1.813041e-01  5.066520e-02  4.623769e-02  
   8.0900002  2.809639e+03  1.869025e-01  5.693033e-02  4.774433e-02  
   8.1000004  2.889495e+03  1.937348e-01  6.266124e-02  4.958858e-02  
   8.1099997  2.969195e+03  2.016013e-01  6.720497e-02  5.172369e-02  
   8.1199999  3.047688e+03  2.101909e-01  6.996239e-02  5.407211e-02  
   8.1300001  3.123917e+03  2.191001e-01  7.050417e-02  5.653050e-02  
   8.1400003  3.196966e+03  2.278742e-01  6.865965e-02  5.898067e-02  
   8.1499996  3.266167e+03  2.360466e-01  6.455076e-02  6.129995e-02  
   8.1599998  3.331221e+03  2.431775e-01  5.856409e-02  6.337171e-02  
   8.1700001  3.392233e+03  2.488786e-01  5.127738e-02  6.509176e-02  
   8.1800003  3.449740e+03  2.528387e-01  4.335370e-02  6.637573e-02  
   8.1899996  3.504657e+03  2.548473e-01  3.543558e-02  6.716491e-02  
   8.1999998  3.558187e+03  2.548189e-01  2.805558e-02  6.743333e-02  
   8.2100000  3.611637e+03  2.528149e-01  2.158917e-02  6.719381e-02  
   8.2200003  3.666254e+03  2.490603e-01  1.623821e-02  6.650253e-02  
   8.2299995  3.723045e+03  2.439416e-01  1.205146e-02  6.545947e-02  
   8.2399998  3.782682e+03  2.379823e-01  8.963703e-03  6.420208e-02  
   8.2500000  3.845388e+03  2.317991e-01  6.846308e-03  6.289425e-02  
   8.2600002  3.910992e+03  2.260377e-01  5.549278e-03  6.170943e-02  
   8.2700005  3.979004e+03  2.213037e-01  4.932751e-03  6.081237e-02  
   8.2799997  4.048742e+03  2.180992e-01  4.881985e-03  6.034194e-02  
   8.2900000  4.119516e+03  2.167728e-01  5.307556e-03  6.039761e-02  
   8.3000002  4.190698e+03  2.174957e-01  6.135255e-03  6.103219e-02  
   8.3100004  4.261823e+03  2.202576e-01  7.291796e-03  6.225030e-02  
   8.3199997  4.332578e+03  2.248869e-01  8.692438e-03  6.401301e-02  
   8.3299999  4.402770e+03  2.310893e-01  1.023573e-02  6.624796e-02  
   8.3400002  4.472189e+03  2.384926e-01  1.180540e-02  6.886048e-02  
   8.3500004  4.540545e+03  2.466972e-01  1.328156e-02  7.174735e-02  
   8.3599997  4.607377e+03  2.553189e-01  1.455621e-02  7.480761e-02  
   8.3699999  4.672081e+03  2.640235e-01  1.555043e-02  7.795207e-02  
   8.3800001  4.733904e+03  2.725357e-01  1.622685e-02  8.110485e-02  
   8.3900003  4.792096e+03  2.806413e-01  1.659629e-02  8.420370e-02  
   8.3999996  4.846032e+03  2.881694e-01  1.671483e-02  8.719460e-02  
   8.4099998  4.895382e+03  2.949747e-01  1.667245e-02  9.002718e-02  
   8.4200001  4.940176e+03  3.009155e-01  1.657518e-02  9.264802e-02  
   8.4300003  4.980887e+03  3.058474e-01  1.652469e-02  9.500033e-02  
   8.4399996  5.018392e+03  3.096286e-01  1.659950e-02  9.702624e-02  
   8.4499998  5.053905e+03  3.121395e-01  1.684164e-02  9.867434e-02  
   8.4600000  5.088814e+03  3.133066e-01  1.725142e-02  9.990785e-02  
   8.4700003  5.124521e+03  3.131306e-01  1.779081e-02  1.007149e-01  
   8.4799995  5.162261e+03  3.117060e-01  1.839433e-02  1.011154e-01  
   8.4899998  5.202963e+03  3.092279e-01  1.898471e-02  1.011648e-01  
   8.5000000  5.247107e+03  3.059853e-01  1.948879e-02  1.009518e-01  
   8.5100002  5.294681e+03  3.023394e-01  1.985127e-02  1.005922e-01  
   8.5200005  5.345206e+03  2.986919e-01  2.004291e-02  1.002183e-01  
   8.5299997  5.397814e+03  2.954448e-01  2.006256e-02  9.996524e-02  
   8.5400000  5.451430e+03  2.929581e-01  1.993330e-02  9.995598e-02  
   8.5500002  5.504912e+03  2.915110e-01  1.969474e-02  1.002872e-01  
   8.5600004  5.557247e+03  2.912680e-01  1.939344e-02  1.010170e-01  
   8.5699997  5.607656e+03  2.922592e-01  1.907357e-02  1.021574e-01  
   8.5799999  5.655662e+03  2.943790e-01  1.876932e-02  1.036730e-01  
   8.5900002  5.701037e+03  2.974025e-01  1.850023e-02  1.054867e-01  
   8.6000004  5.743732e+03  3.010247e-01  1.826918e-02  1.074930e-01  
   8.6099997  5.783772e+03  3.049116e-01  1.806353e-02  1.095757e-01  
   8.6199999  5.821181e+03  3.087590e-01  1.785842e-02  1.116293e-01  
   8.6300001  5.855914e+03  3.123420e-01  1.762216e-02  1.135764e-01  
   8.6400003  5.887895e+03  3.155508e-01  1.732207e-02  1.153810e-01  
   8.6499996  5.917092e+03  3.184020e-01  1.693012e-02  1.170527e-01  
   8.6599998  5.943621e+03  3.210247e-01  1.642685e-02  1.186432e-01  
   8.6700001  5.967842e+03  3.236248e-01  1.580358e-02  1.202318e-01  
   8.6800003  5.990420e+03  3.264372e-01  1.506211e-02  1.219099e-01  
   8.6899996  6.012328e+03  3.296770e-01  1.421310e-02  1.237611e-01  
   8.6999998  6.034757e+03  3.334973e-01  1.327345e-02  1.258465e-01  
   8.7100000  6.058952e+03  3.379611e-01  1.226484e-02  1.281922e-01  
   8.7200003  6.086024e+03  3.430304e-01  1.121213e-02  1.307850e-01  
   8.7299995  6.116789e+03  3.485702e-01  1.014296e-02  1.335725e-01  
   8.7399998  6.151652e+03  3.543671e-01  9.086801e-03  1.364703e-01  
   8.7500000  6.190571e+03  3.601503e-01  8.074421e-03  1.393692e-01  
   8.7600002  6.233128e+03  3.656224e-01  7.135504e-03  1.421475e-01  
   8.7700005  6.278648e+03  3.704883e-01  6.296035e-03  1.446828e-01  
   8.7799997  6.326337e+03  3.744852e-01  5.575523e-03  1.468641e-01  
   8.7900000  6.375457e+03  3.774108e-01  4.984499e-03  1.486045e-01  
   8.8000002  6.425365e+03  3.791446e-01  4.523900e-03  1.498489e-01  
   8.8100004  6.475594e+03  3.796645e-01  4.185215e-03  1.505827e-01  
   8.8199997  6.525854e+03  3.790533e-01  3.952319e-03  1.508341e-01  
   8.8299999  6.575991e+03  3.774914e-01  3.804001e-03  1.506727e-01  
   8.8400002  6.625947e+03  3.752402e-01  3.716962e-03  1.502031e-01  
   8.8500004  6.675710e+03  3.726148e-01  3.668337e-03  1.495550e-01  
   8.8599997  6.725300e+03  3.699511e-01  3.637662e-03  1.488707e-01  
   8.8699999  6.774780e+03  3.675727e-01  3.607976e-03  1.482910e-01  
   8.8800001  6.824233e+03  3.657634e-01  3.566143e-03  1.479436e-01  
   8.8900003  6.873824e+03  3.647478e-01  3.502591e-03  1.479338e-01  
   8.8999996  6.923797e+03  3.646814e-01  3.410798e-03  1.483389e-01  
   8.9099998  6.974521e+03  3.656514e-01  3.286770e-03  1.492059e-01  
   8.9200001  7.026414e+03  3.676831e-01  3.128845e-03  1.505529e-01  
   8.9300003  7.079908e+03  3.707484e-01  2.937684e-03  1.523713e-01  
   8.9399996  7.135364e+03  3.747734e-01  2.716525e-03  1.546283e-01  
   8.9499998  7.192985e+03  3.796447e-01  2.471249e-03  1.572702e-01  
   8.9600000  7.252718e+03  3.852068e-01  2.210449e-03  1.602226e-01  
   8.9700003  7.314234e+03  3.912640e-01  1.944882e-03  1.633921e-01  
   8.9799995  7.376928e+03  3.975798e-01  1.686652e-03  1.666691e-01  
   8.9899998  7.440018e+03  4.038870e-01  1.447939e-03  1.699335e-01  
   9.0000000  7.502600e+03  4.098949e-01  1.239874e-03  1.730587e-01  
   9.0100002  7.563792e+03  4.153133e-01  1.071266e-03  1.759232e-01  
   9.0200005  7.622824e+03  4.198741e-01  9.477289e-04  1.784190e-01  
   9.0299997  7.679124e+03  4.233576e-01  8.711859e-04  1.804624e-01  
   9.0400000  7.732377e+03  4.256155e-01  8.397620e-04  1.820020e-01  
   9.0500002  7.782513e+03  4.265867e-01  8.481380e-04  1.830231e-01  
   9.0600004  7.829729e+03  4.263059e-01  8.881590e-04  1.835502e-01  
   9.0699997  7.874459e+03  4.249026e-01  9.497403e-04  1.836449e-01  
   9.0799999  7.917352e+03  4.225869e-01  1.021974e-03  1.834005e-01  
   9.0900002  7.959223e+03  4.196299e-01  1.094254e-03  1.829325e-01  
   9.1000004  8.001010e+03  4.163331e-01  1.157434e-03  1.823681e-01  
   9.1099997  8.043698e+03  4.129971e-01  1.204778e-03  1.818334e-01  
   9.1199999  8.088271e+03  4.098869e-01  1.232638e-03  1.814404e-01  
   9.1300001  8.135585e+03  4.072076e-01  1.240651e-03  1.812765e-01  
   9.1400003  8.186306e+03  4.050849e-01  1.231509e-03  1.813963e-01  
   9.1499996  8.240811e+03  4.035578e-01  1.210241e-03  1.818182e-01  
   9.1599998  8.299146e+03  4.025859e-01  1.183140e-03  1.825255e-01  
   9.1700001  8.360989e+03  4.020650e-01  1.156560e-03  1.834726e-01  
   9.1800003  8.425657e+03  4.018518e-01  1.135748e-03  1.845943e-01  
   9.1899996  8.492183e+03  4.017913e-01  1.123962e-03  1.858173e-01  
   9.1999998  8.559444e+03  4.017420e-01  1.122001e-03  1.870726e-01  
   9.2100000  8.626254e+03  4.015956e-01  1.128236e-03  1.883040e-01  
   9.2200003  8.691534e+03  4.012865e-01  1.139064e-03  1.894748e-01  
   9.2299995  8.754439e+03  4.007944e-01  1.149701e-03  1.905694e-01  
   9.2399998  8.814478e+03  4.001353e-01  1.155107e-03  1.915912e-01  
   9.2500000  8.871504e+03  3.993472e-01  1.150882e-03  1.925560e-01  
   9.2600002  8.925708e+03  3.984738e-01  1.133971e-03  1.934851e-01  
   9.2700005  8.977523e+03  3.975481e-01  1.103071e-03  1.943968e-01  
   9.2799997  9.027489e+03  3.965803e-01  1.058738e-03  1.953001e-01  
   9.2900000  9.076108e+03  3.955505e-01  1.003182e-03  1.961903e-01  
   9.3000002  9.123696e+03  3.944089e-01  9.398896e-04  1.970479e-01  
   9.3100004  9.170318e+03  3.930806e-01  8.730909e-04  1.978401e-01  
   9.3199997  9.215766e+03  3.914764e-01  8.072077e-04  1.985264e-01  
   9.3299999  9.259572e+03  3.895061e-01  7.463105e-04  1.990648e-01  
   9.3400002  9.301062e+03  3.870946e-01  6.937311e-04  1.994197e-01  
   9.3500004  9.339434e+03  3.841955e-01  6.517380e-04  1.995694e-01  
   9.3599997  9.373801e+03  3.808045e-01  6.214069e-04  1.995124e-01  
   9.3699999  9.403262e+03  3.769647e-01  6.026271e-04  1.992704e-01  
   9.3800001  9.426878e+03  3.727690e-01  5.942879e-04  1.988880e-01  
   9.3900003  9.443729e+03  3.683502e-01  5.945524e-04  1.984278e-01  
   9.3999996  9.452904e+03  3.638676e-01  6.012142e-04  1.979620e-01  
   9.4099998  9.453517e+03  3.594824e-01  6.120573e-04  1.975608e-01  
   9.4200001  9.444724e+03  3.553370e-01  6.251532e-04  1.972800e-01  
   9.4300003  9.425769e+03  3.515310e-01  6.390529e-04  1.971505e-01  
   9.4399996  9.396050e+03  3.481068e-01  6.528422e-04  1.971710e-01  
   9.4499998  9.355222e+03  3.450426e-01  6.660746e-04  1.973073e-01  
   9.4600000  9.303326e+03  3.422620e-01  6.785960e-04  1.974979e-01  
   9.4700003  9.240950e+03  3.396487e-01  6.903365e-04  1.976642e-01  
   9.4799995  9.169317e+03  3.370717e-01  7.011134e-04  1.977258e-01  
   9.4899998  9.090330e+03  3.344081e-01  7.105055e-04  1.976149e-01  
   9.5000000  9.006462e+03  3.315654e-01  7.178130e-04  1.972868e-01  
   9.5100002  8.920518e+03  3.284923e-01  7.221308e-04  1.967271e-01  
   9.5200005  8.835271e+03  3.251801e-01  7.224899e-04  1.959504e-01  
   9.5299997  8.753102e+03  3.216565e-01  7.180381e-04  1.949952e-01  
   9.5400000  8.675616e+03  3.179719e-01  7.082048e-04  1.939138e-01  
   9.5500002  8.603531e+03  3.141870e-01  6.928165e-04  1.927629e-01  
   9.5600004  8.536576e+03  3.103610e-01  6.721336e-04  1.915954e-01  
   9.5699997  8.473687e+03  3.065441e-01  6.468137e-04  1.904548e-01  
   9.5799999  8.413176e+03  3.027727e-01  6.177983e-04  1.893727e-01  
   9.5900002  8.353046e+03  2.990718e-01  5.861886e-04  1.883691e-01  
   9.6000004  8.291198e+03  2.954536e-01  5.530919e-04  1.874526e-01  
   9.6099997  8.225609e+03  2.919185e-01  5.195019e-04  1.866212e-01  
   9.6199999  8.154414e+03  2.884544e-01  4.862031e-04  1.858620e-01  
   9.6300001  8.075977e+03  2.850367e-01  4.537523e-04  1.851501e-01  
   9.6400003  7.988906e+03  2.816267e-01  4.224778e-04  1.844494e-01  
   9.6499996  7.892083e+03  2.781736e-01  3.925299e-04  1.837121e-01  
   9.6599998  7.784625e+03  2.746145e-01  3.639316e-04  1.828817e-01  
   9.6700001  7.665991e+03  2.708815e-01  3.366552e-04  1.818967e-01  
   9.6800003  7.535921e+03  2.669060e-01  3.106539e-04  1.806964e-01  
   9.6899996  7.394477e+03  2.626247e-01  2.858876e-04  1.792262e-01  
   9.6999998  7.241921e+03  2.579844e-01  2.623155e-04  1.774415e-01  
   9.7100000  7.078752e+03  2.529465e-01  2.399025e-04  1.753114e-01  
   9.7200003  6.905543e+03  2.474866e-01  2.186039e-04  1.728174e-01  
   9.7299995  6.722888e+03  2.415937e-01  1.983722e-04  1.699518e-01  
   9.7399998  6.531238e+03  2.352643e-01  1.791618e-04  1.667127e-01  
   9.7500000  6.330962e+03  2.285019e-01  1.609565e-04  1.631012e-01  
   9.7600002  6.122233e+03  2.213118e-01  1.437751e-04  1.591173e-01  
   9.7700005  5.905060e+03  2.136995e-01  1.276775e-04  1.547591e-01  
   9.7799997  5.679351e+03  2.056716e-01  1.127573e-04  1.500233e-01  
   9.7900000  5.444878e+03  1.972347e-01  9.912007e-05  1.449053e-01  
   9.8000002  5.201517e+03  1.884020e-01  8.687464e-05  1.394049e-01  
   9.8100004  4.949314e+03  1.791947e-01  7.612209e-05  1.335286e-01  
   9.8199997  4.688827e+03  1.696511e-01  6.698038e-05  1.272963e-01  
   9.8299999  4.421517e+03  1.598347e-01  5.965209e-05  1.207506e-01  
   9.8400002  4.150775e+03  1.498619e-01  5.457510e-05  1.139775e-01  
   9.8500004  3.883137e+03  1.399332e-01  5.266426e-05  1.071342e-01  
   9.8599997  3.630163e+03  1.303822e-01  5.567051e-05  1.004894e-01  
   9.8699999  3.410433e+03  1.217281e-01  6.663119e-05  9.446778e-02  
   9.8800001  3.251512e+03  1.147284e-01  9.031683e-05  8.969292e-02  
   9.8900003  3.190412e+03  1.103887e-01  1.335048e-04  8.699614e-02  
   9.8999996  3.271767e+03  1.099126e-01  2.048357e-04  8.737475e-02  
   9.9099998  3.542904e+03  1.145674e-01  3.140997e-04  9.188162e-02  
   9.9200001  4.045987e+03  1.254762e-01  4.708119e-04  1.014524e-01  
   9.9300003  4.809038e+03  1.433803e-01  6.824546e-04  1.167092e-01  
   9.9399996  5.838403e+03  1.684437e-01  9.527550e-04  1.377989e-01  
   9.9499998  7.115900e+03  2.001826e-01  1.280748e-03  1.643339e-01  
   9.9600000  8.600204e+03  2.375089e-01  1.660556e-03  1.954271e-01  
   9.9700003  1.023370e+04  2.789133e-01  2.082374e-03  2.298431e-01  
   9.9799995  1.195090e+04  3.226894e-01  2.533911e-03  2.661824e-01  
   9.9899998  1.368761e+04  3.671720e-01  3.002214e-03  3.030778e-01  
  10.0000000  1.538635e+04  4.108777e-01  3.474816e-03  3.393106e-01  
