# RiF 1e-20 (cm^2/W)
# 1w RpP RpS RsP RsS
# Gaussian absolute broadening  0.04 [eV]
   0.0100000  9.653619e-10  5.090762e-09  2.878746e-09  2.702984e-09  
   0.0200000  1.303887e-09  6.891256e-09  3.896688e-09  3.658908e-09  
   0.0300000  1.769207e-09  9.373545e-09  5.299993e-09  4.976779e-09  
   0.0400000  2.406717e-09  1.278573e-08  7.228838e-09  6.788297e-09  
   0.0500000  3.274891e-09  1.744973e-08  9.865074e-09  9.264328e-09  
   0.0600000  4.446872e-09  2.377180e-08  1.343814e-08  1.262048e-08  
   0.0700000  6.011249e-09  3.224919e-08  1.822878e-08  1.712066e-08  
   0.0800000  8.071754e-09  4.347168e-08  2.456992e-08  2.307782e-08  
   0.0900000  1.074599e-08  5.811840e-08  3.284473e-08  3.085231e-08  
   0.1000000  1.416356e-08  7.695180e-08  4.348320e-08  4.084860e-08  
   0.1100000  1.846428e-08  1.008124e-07  5.695914e-08  5.351254e-08  
   0.1200000  2.379689e-08  1.306166e-07  7.378872e-08  6.933012e-08  
   0.1300000  3.031852e-08  1.673588e-07  9.453176e-08  8.882859e-08  
   0.1400000  3.819460e-08  2.121166e-07  1.197944e-07  1.125793e-07  
   0.1500000  4.759888e-08  2.660579e-07  1.502332e-07  1.412011e-07  
   0.1600000  5.871335e-08  3.304465e-07  1.865580e-07  1.753637e-07  
   0.1700000  7.172773e-08  4.066472e-07  2.295345e-07  2.157903e-07  
   0.1800000  8.683850e-08  4.961290e-07  2.799864e-07  2.632588e-07  
   0.1900000  1.042478e-07  6.004674e-07  3.387957e-07  3.186033e-07  
   0.2000000  1.241623e-07  7.213461e-07  4.069045e-07  3.827152e-07  
   0.2100000  1.467914e-07  8.605592e-07  4.853151e-07  4.565441e-07  
   0.2200000  1.723464e-07  1.020014e-06  5.750919e-07  5.410991e-07  
   0.2300000  2.010388e-07  1.201735e-06  6.773620e-07  6.374503e-07  
   0.2400000  2.330789e-07  1.407862e-06  7.933174e-07  7.467297e-07  
   0.2500000  2.686748e-07  1.640663e-06  9.242159e-07  8.701355e-07  
   0.2600000  3.080303e-07  1.902527e-06  1.071384e-06  1.008930e-06  
   0.2700000  3.513443e-07  2.195979e-06  1.236217e-06  1.164448e-06  
   0.2800000  3.988081e-07  2.523675e-06  1.420184e-06  1.338090e-06  
   0.2900000  4.506052e-07  2.888413e-06  1.624826e-06  1.531332e-06  
   0.3000000  5.069094e-07  3.293138e-06  1.851763e-06  1.745731e-06  
   0.3100000  5.678823e-07  3.740942e-06  2.102692e-06  1.982915e-06  
   0.3200000  6.336732e-07  4.235076e-06  2.379392e-06  2.244597e-06  
   0.3300000  7.044163e-07  4.778955e-06  2.683726e-06  2.532578e-06  
   0.3400000  7.802298e-07  5.376158e-06  3.017642e-06  2.848743e-06  
   0.3500000  8.612138e-07  6.030441e-06  3.383181e-06  3.195069e-06  
   0.3600000  9.474502e-07  6.745754e-06  3.782478e-06  3.573634e-06  
   0.3700000  1.038999e-06  7.526222e-06  4.217754e-06  3.986605e-06  
   0.3800000  1.135898e-06  8.376175e-06  4.691343e-06  4.436264e-06  
   0.3900000  1.238163e-06  9.300158e-06  5.205671e-06  4.924997e-06  
   0.4000000  1.345783e-06  1.030293e-05  5.763280e-06  5.455302e-06  
   0.4100000  1.458721e-06  1.138947e-05  6.366811e-06  6.029794e-06  
   0.4200000  1.576913e-06  1.256499e-05  7.019029e-06  6.651216e-06  
   0.4300000  1.700264e-06  1.383499e-05  7.722813e-06  7.322437e-06  
   0.4400000  1.828651e-06  1.520518e-05  8.481166e-06  8.046460e-06  
   0.4500000  1.961918e-06  1.668157e-05  9.297221e-06  8.826438e-06  
   0.4600000  2.099878e-06  1.827046e-05  1.017424e-05  9.665662e-06  
   0.4700000  2.242310e-06  1.997843e-05  1.111563e-05  1.056758e-05  
   0.4800000  2.388958e-06  2.181241e-05  1.212492e-05  1.153582e-05  
   0.4900000  2.539533e-06  2.377964e-05  1.320582e-05  1.257417e-05  
   0.5000000  2.693709e-06  2.588769e-05  1.436217e-05  1.368658e-05  
   0.5100000  2.851126e-06  2.814455e-05  1.559797e-05  1.487723e-05  
   0.5200000  3.011386e-06  3.055856e-05  1.691739e-05  1.615048e-05  
   0.5300000  3.174056e-06  3.313848e-05  1.832478e-05  1.751089e-05  
   0.5400000  3.338669e-06  3.589353e-05  1.982467e-05  1.896328e-05  
   0.5500000  3.504717e-06  3.883331e-05  2.142175e-05  2.051265e-05  
   0.5600000  3.671663e-06  4.196797e-05  2.312094e-05  2.216431e-05  
   0.5700000  3.838933e-06  4.530816e-05  2.492734e-05  2.392378e-05  
   0.5800000  4.005919e-06  4.886505e-05  2.684626e-05  2.579688e-05  
   0.5900000  4.171982e-06  5.265038e-05  2.888323e-05  2.778975e-05  
   0.6000000  4.336456e-06  5.667654e-05  3.104402e-05  2.990879e-05  
   0.6100000  4.498640e-06  6.095644e-05  3.333461e-05  3.216074e-05  
   0.6200000  4.657810e-06  6.550379e-05  3.576120e-05  3.455274e-05  
   0.6300000  4.813219e-06  7.033299e-05  3.833033e-05  3.709224e-05  
   0.6400000  4.964099e-06  7.545916e-05  4.104872e-05  3.978711e-05  
   0.6500000  5.109662e-06  8.089826e-05  4.392339e-05  4.264563e-05  
   0.6600000  5.249109e-06  8.666718e-05  4.696165e-05  4.567657e-05  
   0.6700000  5.381623e-06  9.278359e-05  5.017108e-05  4.888906e-05  
   0.6800000  5.506392e-06  9.926625e-05  5.355957e-05  5.229287e-05  
   0.6900000  5.622596e-06  1.061350e-04  5.713534e-05  5.589822e-05  
   0.7000000  5.729416e-06  1.134106e-04  6.090692e-05  5.971596e-05  
   0.7100000  5.826050e-06  1.211152e-04  6.488318e-05  6.375746e-05  
   0.7200000  5.911706e-06  1.292723e-04  6.907337e-05  6.803493e-05  
   0.7300000  5.985613e-06  1.379065e-04  7.348698e-05  7.256106e-05  
   0.7400000  6.047034e-06  1.470440e-04  7.813403e-05  7.734944e-05  
   0.7500000  6.095262e-06  1.567127e-04  8.302478e-05  8.241440e-05  
   0.7600000  6.129633e-06  1.669419e-04  8.816998e-05  8.777122e-05  
   0.7700000  6.149543e-06  1.777630e-04  9.358067e-05  9.343601e-05  
   0.7800000  6.154440e-06  1.892092e-04  9.926841e-05  9.942590e-05  
   0.7900000  6.143849e-06  2.013159e-04  1.052451e-04  1.057593e-04  
   0.8000000  6.117368e-06  2.141206e-04  1.115230e-04  1.124554e-04  
   0.8100000  6.074688e-06  2.276634e-04  1.181149e-04  1.195349e-04  
   0.8200000  6.015591e-06  2.419872e-04  1.250339e-04  1.270200e-04  
   0.8300000  5.939978e-06  2.571376e-04  1.322936e-04  1.349341e-04  
   0.8400000  5.847857e-06  2.731633e-04  1.399079e-04  1.433024e-04  
   0.8500000  5.739374e-06  2.901166e-04  1.478912e-04  1.521518e-04  
   0.8600000  5.614809e-06  3.080532e-04  1.562580e-04  1.615109e-04  
   0.8700000  5.474594e-06  3.270334e-04  1.650235e-04  1.714107e-04  
   0.8800000  5.319324e-06  3.471214e-04  1.742028e-04  1.818846e-04  
   0.8900000  5.149761e-06  3.683869e-04  1.838114e-04  1.929680e-04  
   0.9000000  4.966847e-06  3.909047e-04  1.938648e-04  2.046995e-04  
   0.9100000  4.771705e-06  4.147558e-04  2.043786e-04  2.171210e-04  
   0.9200000  4.565654e-06  4.400274e-04  2.153679e-04  2.302772e-04  
   0.9300000  4.350195e-06  4.668149e-04  2.268477e-04  2.442170e-04  
   0.9400000  4.127020e-06  4.952215e-04  2.388322e-04  2.589935e-04  
   0.9500000  3.898001e-06  5.253599e-04  2.513349e-04  2.746647e-04  
   0.9600000  3.665170e-06  5.573532e-04  2.643680e-04  2.912938e-04  
   0.9700000  3.430719e-06  5.913367e-04  2.779421e-04  3.089503e-04  
   0.9800000  3.196977e-06  6.274589e-04  2.920658e-04  3.277106e-04  
   0.9900000  2.966404e-06  6.658841e-04  3.067455e-04  3.476590e-04  
   1.0000000  2.741606e-06  7.067934e-04  3.219843e-04  3.688885e-04  
   1.0100000  2.525387e-06  7.503880e-04  3.377821e-04  3.915025e-04  
   1.0200000  2.320834e-06  7.968881e-04  3.541344e-04  4.156139e-04  
   1.0300000  2.131478e-06  8.465348e-04  3.710328e-04  4.413467e-04  
   1.0400000  1.961522e-06  8.995879e-04  3.884647e-04  4.688342e-04  
   1.0500000  1.816138e-06  9.563243e-04  4.064146e-04  4.982182e-04  
   1.0599999  1.701879e-06  1.017035e-03  4.248662e-04  5.296481e-04  
   1.0700001  1.627192e-06  1.082027e-03  4.438055e-04  5.632808e-04  
   1.0800000  1.603124e-06  1.151626e-03  4.632247e-04  5.992826e-04  
   1.0900000  1.644318e-06  1.226191e-03  4.831280e-04  6.378381e-04  
   1.1000000  1.770528e-06  1.306136e-03  5.035356e-04  6.791580e-04  
   1.1100000  2.009028e-06  1.391948e-03  5.244871e-04  7.234915e-04  
   1.1200000  2.398439e-06  1.484205e-03  5.460434e-04  7.711348e-04  
   1.1300000  2.994722e-06  1.583572e-03  5.682878e-04  8.224290e-04  
   1.1400000  3.880124e-06  1.690779e-03  5.913293e-04  8.777469e-04  
   1.1500000  5.175840e-06  1.806549e-03  6.153102e-04  9.374598e-04  
   1.1600000  7.058620e-06  1.931520e-03  6.404266e-04  1.001893e-03  
   1.1700000  9.780727e-06  2.066148e-03  6.669621e-04  1.071276e-03  
   1.1799999  1.369106e-05  2.210639e-03  6.953422e-04  1.145711e-03  
   1.1900001  1.925345e-05  2.364957e-03  7.262020e-04  1.225172e-03  
   1.2000000  2.705518e-05  2.528895e-03  7.604586e-04  1.309545e-03  
   1.2100000  3.779901e-05  2.702294e-03  7.993749e-04  1.398740e-03  
   1.2200000  5.226877e-05  2.885310e-03  8.445829e-04  1.492828e-03  
   1.2300000  7.126362e-05  3.078731e-03  8.980446e-04  1.592206e-03  
   1.2400000  9.550023e-05  3.284245e-03  9.619306e-04  1.697733e-03  
   1.2500000  1.254926e-04  3.504578e-03  1.038407e-03  1.810806e-03  
   1.2600000  1.614315e-04  3.743417e-03  1.129343e-03  1.933314e-03  
   1.2700000  2.031018e-04  4.005093e-03  1.235988e-03  2.067479e-03  
   1.2800000  2.498862e-04  4.294027e-03  1.358691e-03  2.215564e-03  
   1.2900000  3.009187e-04  4.614021e-03  1.496750e-03  2.379516e-03  
   1.3000000  3.554525e-04  4.967540e-03  1.648520e-03  2.560589e-03  
   1.3099999  4.135056e-04  5.355147e-03  1.811863e-03  2.759055e-03  
   1.3200001  4.768464e-04  5.775293e-03  1.985059e-03  2.974099e-03  
   1.3300000  5.503637e-04  6.224563e-03  2.168195e-03  3.203942e-03  
   1.3400000  6.438697e-04  6.698533e-03  2.365076e-03  3.446284e-03  
   1.3500000  7.743599e-04  7.193129e-03  2.585600e-03  3.699001e-03  
   1.3600000  9.687613e-04  7.706391e-03  2.848502e-03  3.961051e-03  
   1.3700000  1.267203e-03  8.240430e-03  3.184379e-03  4.233480e-03  
   1.3800000  1.726847e-03  8.803260e-03  3.638819e-03  4.520353e-03  
   1.3900000  2.426356e-03  9.410134e-03  4.275523e-03  4.829440e-03  
   1.4000000  3.471136e-03  1.008416e-02  5.179270e-03  5.172521e-03  
   1.4100000  4.999590e-03  1.085590e-02  6.458623e-03  5.565186e-03  
   1.4200000  7.190687e-03  1.176190e-02  8.248299e-03  6.026063e-03  
   1.4299999  1.027324e-02  1.284217e-02  1.071106e-02  6.575529e-03  
   1.4400001  1.453724e-02  1.413688e-02  1.403899e-02  7.234015e-03  
   1.4500000  2.034670e-02  1.568232e-02  1.845342e-02  8.019957e-03  
   1.4600000  2.815395e-02  1.750717e-02  2.420342e-02  8.947843e-03  
   1.4700000  3.851189e-02  1.962878e-02  3.156071e-02  1.002638e-02  
   1.4800000  5.208077e-02  2.205084e-02  4.080987e-02  1.125725e-02  
   1.4900000  6.962304e-02  2.476268e-02  5.223158e-02  1.263483e-02  
   1.5000000  9.197915e-02  2.774153e-02  6.607708e-02  1.414725e-02  
   1.5100000  1.200171e-01  3.095811e-02  8.253308e-02  1.577937e-02  
   1.5200000  1.545520e-01  3.438722e-02  1.016786e-01  1.751803e-02  
   1.5300000  1.962384e-01  3.802253e-02  1.234391e-01  1.935965e-02  
   1.5400000  2.454519e-01  4.189517e-02  1.475491e-01  2.131962e-02  
   1.5500000  3.021925e-01  4.609276e-02  1.735415e-01  2.344197e-02  
   1.5599999  3.660682e-01  5.077374e-02  2.007895e-01  2.580656e-02  
   1.5700001  4.364453e-01  5.617011e-02  2.286366e-01  2.853051e-02  
   1.5800000  5.128668e-01  6.257102e-02  2.566522e-01  3.175984e-02  
   1.5900000  5.958655e-01  7.028337e-02  2.850502e-01  3.564952e-02  
   1.6000000  6.882359e-01  7.956818e-02  3.152788e-01  4.033127e-02  
   1.6100000  7.967553e-01  9.056079e-02  3.507571e-01  4.587316e-02  
   1.6200000  9.341633e-01  1.031885e-01  3.976540e-01  5.223814e-02  
   1.6300000  1.120964e+00  1.171062e-01  4.655231e-01  5.925139e-02  
   1.6400000  1.386364e+00  1.316682e-01  5.675110e-01  6.658647e-02  
   1.6500000  1.767483e+00  1.459539e-01  7.198196e-01  7.377829e-02  
   1.6600000  2.306030e+00  1.588504e-01  9.401320e-01  8.026507e-02  
   1.6700000  3.042011e+00  1.691867e-01  1.244884e+00  8.545611e-02  
   1.6799999  4.004812e+00  1.758989e-01  1.645571e+00  8.881550e-02  
   1.6900001  5.203023e+00  1.781999e-01  2.144678e+00  8.994731e-02  
   1.7000000  6.615298e+00  1.757219e-01  2.732138e+00  8.866754e-02  
   1.7100000  8.185335e+00  1.686057e-01  3.383570e+00  8.504871e-02  
   1.7200000  9.823295e+00  1.575187e-01  4.061151e+00  7.942848e-02  
   1.7300000  1.141510e+01  1.435960e-01  4.717667e+00  7.237983e-02  
   1.7400000  1.283866e+01  1.283135e-01  5.303307e+00  6.464638e-02  
   1.7500000  1.398390e+01  1.133094e-01  5.773892e+00  5.705276e-02  
   1.7600000  1.477183e+01  1.001823e-01  6.098619e+00  5.040259e-02  
   1.7700000  1.516778e+01  9.029114e-02  6.265315e+00  4.537831e-02  
   1.7800000  1.518536e+01  8.458540e-02  6.281804e+00  4.245588e-02  
   1.7900000  1.488029e+01  8.348653e-02  6.173100e+00  4.184583e-02  
   1.8000000  1.433599e+01  8.683625e-02  5.975211e+00  4.346774e-02  
   1.8099999  1.364534e+01  9.391941e-02  5.727333e+00  4.696224e-02  
   1.8200001  1.289303e+01  1.035598e-01  5.464368e+00  5.173952e-02  
   1.8300000  1.214261e+01  1.142768e-01  5.211416e+00  5.705801e-02  
   1.8400000  1.143018e+01  1.244840e-01  4.981082e+00  6.212411e-02  
   1.8500000  1.076493e+01  1.326993e-01  4.773698e+00  6.619728e-02  
   1.8600000  1.013476e+01  1.377381e-01  4.579828e+00  6.868618e-02  
   1.8700000  9.515000e+00  1.388580e-01  4.384156e+00  6.922112e-02  
   1.8800000  8.877742e+00  1.358363e-01  4.169865e+00  6.769192e-02  
   1.8900000  8.200076e+00  1.289680e-01  3.922663e+00  6.424676e-02  
   1.9000000  7.470029e+00  1.189912e-01  3.633951e+00  5.925438e-02  
   1.9100000  6.689520e+00  1.069547e-01  3.302672e+00  5.323787e-02  
   1.9200000  5.874341e+00  9.405561e-02  2.935720e+00  4.679362e-02  
   1.9299999  5.051470e+00  8.147641e-02  2.546912e+00  4.050992e-02  
   1.9400001  4.254615e+00  7.024728e-02  2.154840e+00  3.489856e-02  
   1.9500000  3.519163e+00  6.115446e-02  1.780144e+00  3.034941e-02  
   1.9600000  2.877600e+00  5.470022e-02  1.442763e+00  2.711057e-02  
   1.9700000  2.356571e+00  5.111258e-02  1.159836e+00  2.529354e-02  
   1.9800000  1.975802e+00  5.039059e-02  9.445097e-01  2.489587e-02  
   1.9900000  1.748747e+00  5.236718e-02  8.057250e-01  2.583257e-02  
   2.0000000  1.684263e+00  5.677253e-02  7.487238e-01  2.796781e-02  
   2.0100000  1.788422e+00  6.328434e-02  7.759029e-01  3.113997e-02  
   2.0200000  2.065822e+00  7.155956e-02  8.876554e-01  3.517757e-02  
   2.0300000  2.520108e+00  8.124828e-02  1.082992e+00  3.990627e-02  
   2.0400000  3.153874e+00  9.199563e-02  1.359933e+00  4.514977e-02  
   2.0500000  3.968332e+00  1.034383e-01  1.715775e+00  5.072837e-02  
   2.0599999  4.963048e+00  1.152021e-01  2.147324e+00  5.645750e-02  
   2.0699999  6.135723e+00  1.269014e-01  2.651090e+00  6.214771e-02  
   2.0799999  7.481667e+00  1.381424e-01  3.223277e+00  6.760602e-02  
   2.0899999  8.992367e+00  1.485272e-01  3.859337e+00  7.263827e-02  
   2.0999999  1.065277e+01  1.576616e-01  4.552894e+00  7.705261e-02  
   2.1099999  1.243745e+01  1.651663e-01  5.294110e+00  8.066514e-02  
   2.1199999  1.430652e+01  1.706970e-01  6.067808e+00  8.330946e-02  
   2.1300001  1.620281e+01  1.739720e-01  6.852067e+00  8.485013e-02  
   2.1400001  1.805180e+01  1.748071e-01  7.617852e+00  8.519940e-02  
   2.1500001  1.976608e+01  1.731499e-01  8.330548e+00  8.433390e-02  
   2.1600001  2.125355e+01  1.691043e-01  8.953151e+00  8.230609e-02  
   2.1700001  2.242884e+01  1.629339e-01  9.450854e+00  7.924616e-02  
   2.1800001  2.322512e+01  1.550422e-01  9.796005e+00  7.535194e-02  
   2.1900001  2.360346e+01  1.459279e-01  9.972102e+00  7.086711e-02  
   2.2000000  2.355730e+01  1.361243e-01  9.975862e+00  6.605191e-02  
   2.2100000  2.311086e+01  1.261359e-01  9.816675e+00  6.115208e-02  
   2.2200000  2.231209e+01  1.163833e-01  9.513752e+00  5.637215e-02  
   2.2300000  2.122232e+01  1.071668e-01  9.091730e+00  5.185819e-02  
   2.2400000  1.990568e+01  9.865422e-02  8.576173e+00  4.769155e-02  
   2.2500000  1.842090e+01  9.088895e-02  7.990013e+00  4.389323e-02  
   2.2600000  1.681750e+01  8.381640e-02  7.351902e+00  4.043663e-02  
   2.2700000  1.513624e+01  7.731985e-02  6.676526e+00  3.726501e-02  
   2.2800000  1.341294e+01  7.125940e-02  5.976380e+00  3.431036e-02  
   2.2900000  1.168314e+01  6.550802e-02  5.264106e+00  3.151086e-02  
   2.3000000  9.985999e+00  5.997936e-02  4.554432e+00  2.882420e-02  
   2.3099999  8.365554e+00  5.464436e-02  3.865012e+00  2.623563e-02  
   2.3199999  6.869308e+00  4.953473e-02  3.215982e+00  2.375956e-02  
   2.3299999  5.544613e+00  4.473346e-02  2.628453e+00  2.143498e-02  
   2.3399999  4.434084e+00  4.035522e-02  2.122472e+00  1.931604e-02  
   2.3499999  3.571335e+00  3.652072e-02  1.715024e+00  1.745982e-02  
   2.3599999  2.977823e+00  3.333104e-02  1.418483e+00  1.591395e-02  
   2.3699999  2.661101e+00  3.084682e-02  1.239650e+00  1.470679e-02  
   2.3800001  2.614336e+00  2.907693e-02  1.179345e+00  1.384199e-02  
   2.3900001  2.816711e+00  2.797809e-02  1.232374e+00  1.329833e-02  
   2.4000001  3.234492e+00  2.746427e-02  1.387746e+00  1.303427e-02  
   2.4100001  3.822755e+00  2.742349e-02  1.629130e+00  1.299597e-02  
   2.4200001  4.527850e+00  2.773673e-02  1.935603e+00  1.312630e-02  
   2.4300001  5.290806e+00  2.829432e-02  2.282792e+00  1.337268e-02  
   2.4400001  6.051507e+00  2.900648e-02  2.644429e+00  1.369207e-02  
   2.4500000  6.753312e+00  2.980599e-02  2.994236e+00  1.405231e-02  
   2.4600000  7.347535e+00  3.064417e-02  3.307924e+00  1.443015e-02  
   2.4700000  7.797036e+00  3.148251e-02  3.565044e+00  1.480736e-02  
   2.4800000  8.078527e+00  3.228382e-02  3.750430e+00  1.516648e-02  
   2.4900000  8.183228e+00  3.300588e-02  3.855057e+00  1.548782e-02  
   2.5000000  8.115937e+00  3.359942e-02  3.876218e+00  1.574850e-02  
   2.5100000  7.892866e+00  3.401154e-02  3.817085e+00  1.592395e-02  
   2.5200000  7.538711e+00  3.419407e-02  3.685781e+00  1.599186e-02  
   2.5300000  7.083581e+00  3.411727e-02  3.494229e+00  1.593843e-02  
   2.5400000  6.560502e+00  3.378789e-02  3.257016e+00  1.576674e-02  
   2.5500000  6.003838e+00  3.327050e-02  2.990534e+00  1.550655e-02  
   2.5599999  5.448909e+00  3.270785e-02  2.712457e+00  1.522362e-02  
   2.5699999  4.932436e+00  3.233342e-02  2.441481e+00  1.502542e-02  
   2.5799999  4.493032e+00  3.246711e-02  2.197007e+00  1.505915e-02  
   2.5899999  4.170724e+00  3.348675e-02  1.998413e+00  1.549847e-02  
   2.5999999  4.004655e+00  3.577224e-02  1.863604e+00  1.651785e-02  
   2.6099999  4.028593e+00  3.962900e-02  1.806844e+00  1.825733e-02  
   2.6199999  4.264912e+00  4.520541e-02  1.836241e+00  2.078457e-02  
   2.6300001  4.718479e+00  5.242578e-02  1.951564e+00  2.406424e-02  
   2.6400001  5.372277e+00  6.095840e-02  2.143159e+00  2.794346e-02  
   2.6500001  6.186574e+00  7.023435e-02  2.392549e+00  3.216071e-02  
   2.6600001  7.102198e+00  7.951409e-02  2.674754e+00  3.637659e-02  
   2.6700001  8.047517e+00  8.799052e-02  2.961874e+00  4.022142e-02  
   2.6800001  8.947447e+00  9.490564e-02  3.227029e+00  4.334870e-02  
   2.6900001  9.732427e+00  9.965479e-02  3.447693e+00  4.548296e-02  
   2.7000000  1.034538e+01  1.018591e-01  3.607718e+00  4.645271e-02  
   2.7100000  1.074581e+01  1.013955e-01  3.697818e+00  4.620404e-02  
   2.7200000  1.091100e+01  9.838536e-02  3.714857e+00  4.479482e-02  
   2.7300000  1.083524e+01  9.315100e-02  3.660532e+00  4.237454e-02  
   2.7400000  1.052831e+01  8.615376e-02  3.540123e+00  3.915574e-02  
   2.7500000  1.001378e+01  7.792760e-02  3.361686e+00  3.538336e-02  
   2.7600000  9.327374e+00  6.901805e-02  3.135755e+00  3.130676e-02  
   2.7700000  8.514930e+00  5.993275e-02  2.875231e+00  2.715729e-02  
   2.7800000  7.629316e+00  5.110577e-02  2.595087e+00  2.313198e-02  
   2.7900000  6.725924e+00  4.287507e-02  2.311549e+00  1.938372e-02  
   2.8000000  5.857086e+00  3.547240e-02  2.040690e+00  1.601671e-02  
   2.8099999  5.066291e+00  2.902406e-02  1.796646e+00  1.308718e-02  
   2.8199999  4.383412e+00  2.356116e-02  1.589850e+00  1.060817e-02  
   2.8299999  3.822082e+00  1.903805e-02  1.425741e+00  8.558012e-03  
   2.8399999  3.379808e+00  1.535582e-02  1.304267e+00  6.891131e-03  
   2.8499999  3.040703e+00  1.238783e-02  1.220297e+00  5.549481e-03  
   2.8599999  2.780134e+00  1.000281e-02  1.164852e+00  4.473095e-03  
   2.8699999  2.570146e+00  8.082687e-03  1.126836e+00  3.608013e-03  
   2.8800001  2.384562e+00  6.532718e-03  1.094944e+00  2.910868e-03  
   2.8900001  2.202893e+00  5.284264e-03  1.059382e+00  2.350129e-03  
   2.9000001  2.012527e+00  4.291266e-03  1.013149e+00  1.904491e-03  
   2.9100001  1.809228e+00  3.523700e-03  9.527391e-01  1.559962e-03  
   2.9200001  1.596136e+00  2.960243e-03  8.782201e-01  1.306547e-03  
   2.9300001  1.381759e+00  2.582468e-03  7.927839e-01  1.135652e-03  
   2.9400001  1.177475e+00  2.371646e-03  7.018837e-01  1.038632e-03  
   2.9500000  9.950002e-01  2.308151e-03  6.121557e-01  1.006490e-03  
   2.9600000  8.442274e-01  2.372640e-03  5.303066e-01  1.030387e-03  
   2.9700000  7.316660e-01  2.547812e-03  4.621282e-01  1.102405e-03  
   2.9800000  6.596056e-01  2.819564e-03  4.117590e-01  1.216056e-03  
   2.9900000  6.260043e-01  3.176770e-03  3.812536e-01  1.366205e-03  
   3.0000000  6.250106e-01  3.609524e-03  3.704658e-01  1.548322e-03  
   3.0100000  6.479644e-01  4.106281e-03  3.772178e-01  1.757262e-03  
   3.0200000  6.846856e-01  4.650808e-03  3.976961e-01  1.985964e-03  
   3.0300000  7.248342e-01  5.220000e-03  4.270021e-01  2.224509e-03  
   3.0400000  7.591458e-01  5.783502e-03  4.597771e-01  2.459966e-03  
   3.0500000  7.803734e-01  6.305655e-03  4.908223e-01  2.677211e-03  
   3.0599999  7.838344e-01  6.749737e-03  5.156382e-01  2.860716e-03  
   3.0699999  7.675465e-01  7.083741e-03  5.308325e-01  2.996990e-03  
   3.0799999  7.320084e-01  7.286556e-03  5.343651e-01  3.077167e-03  
   3.0899999  6.797363e-01  7.352980e-03  5.256298e-01  3.099093e-03  
   3.0999999  6.146793e-01  7.296222e-03  5.053849e-01  3.068358e-03  
   3.1099999  5.416151e-01  7.146979e-03  4.755531e-01  2.997867e-03  
   3.1199999  4.655902e-01  6.948974e-03  4.389149e-01  2.905949e-03  
   3.1300001  3.914250e-01  6.751699e-03  3.987148e-01  2.813296e-03  
   3.1400001  3.233092e-01  6.601899e-03  3.582231e-01  2.739420e-03  
   3.1500001  2.644716e-01  6.535518e-03  3.202904e-01  2.699298e-03  
   3.1600001  2.169826e-01  6.571837e-03  2.869834e-01  2.700978e-03  
   3.1700001  1.816880e-01  6.710795e-03  2.593539e-01  2.744511e-03  
   3.1800001  1.582956e-01  6.933819e-03  2.373975e-01  2.822348e-03  
   3.1900001  1.455927e-01  7.207645e-03  2.202047e-01  2.920961e-03  
   3.2000000  1.417443e-01  7.490133e-03  2.062669e-01  3.023283e-03  
   3.2100000  1.446078e-01  7.736892e-03  1.938617e-01  3.111423e-03  
   3.2200000  1.519975e-01  7.907554e-03  1.814242e-01  3.169220e-03  
   3.2300000  1.618640e-01  7.970919e-03  1.678308e-01  3.184304e-03  
   3.2400000  1.723832e-01  7.908503e-03  1.525466e-01  3.149465e-03  
   3.2500000  1.819820e-01  7.716337e-03  1.356313e-01  3.063310e-03  
   3.2600000  1.893410e-01  7.405101e-03  1.176268e-01  2.930245e-03  
   3.2700000  1.934120e-01  6.998786e-03  9.937681e-02  2.759884e-03  
   3.2800000  1.934638e-01  6.532100e-03  8.182511e-02  2.565964e-03  
   3.2900000  1.891498e-01  6.046868e-03  6.583793e-02  2.364913e-03  
   3.3000000  1.805652e-01  5.587701e-03  5.207653e-02  2.174150e-03  
   3.3099999  1.682613e-01  5.197308e-03  4.093248e-02  2.010282e-03  
   3.3199999  1.531929e-01  4.911982e-03  3.252112e-02  1.887392e-03  
   3.3299999  1.365965e-01  4.757784e-03  2.672052e-02  1.815609e-03  
   3.3399999  1.198247e-01  4.748081e-03  2.323606e-02  1.800202e-03  
   3.3499999  1.041727e-01  4.882843e-03  2.167123e-02  1.841344e-03  
   3.3599999  9.073987e-02  5.149993e-03  2.158864e-02  1.934624e-03  
   3.3699999  8.035070e-02  5.528588e-03  2.255178e-02  2.072256e-03  
   3.3800001  7.354014e-02  5.993355e-03  2.414691e-02  2.244763e-03  
   3.3900001  7.058545e-02  6.519594e-03  2.599049e-02  2.442808e-03  
   3.4000001  7.155300e-02  7.087614e-03  2.773283e-02  2.658834e-03  
   3.4100001  7.633574e-02  7.685458e-03  2.906583e-02  2.888094e-03  
   3.4200001  8.466605e-02  8.309479e-03  2.973998e-02  3.128876e-03  
   3.4300001  9.611144e-02  8.962655e-03  2.958797e-02  3.381899e-03  
   3.4400001  1.100729e-01  9.651138e-03  2.854775e-02  3.649059e-03  
   3.4500000  1.258071e-01  1.038007e-02  2.667546e-02  3.931899e-03  
   3.4600000  1.424820e-01  1.114986e-02  2.414157e-02  4.230238e-03  
   3.4700000  1.592584e-01  1.195375e-02  2.120853e-02  4.541283e-03  
   3.4800000  1.753736e-01  1.277738e-02  1.819478e-02  4.859455e-03  
   3.4900000  1.902017e-01  1.359997e-02  1.543398e-02  5.176814e-03  
   3.5000000  2.032714e-01  1.439668e-02  1.323912e-02  5.483944e-03  
   3.5100000  2.142416e-01  1.514133e-02  1.187885e-02  5.770932e-03  
   3.5200000  2.228506e-01  1.580880e-02  1.156858e-02  6.028258e-03  
   3.5300000  2.288659e-01  1.637669e-02  1.247468e-02  6.247421e-03  
   3.5400000  2.320609e-01  1.682641e-02  1.472607e-02  6.421324e-03  
   3.5500000  2.322386e-01  1.714365e-02  1.842733e-02  6.544485e-03  
   3.5599999  2.293095e-01  1.731885e-02  2.366741e-02  6.613194e-03  
   3.5699999  2.234227e-01  1.734726e-02  3.052146e-02  6.625597e-03  
   3.5799999  2.151397e-01  1.722897e-02  3.904554e-02  6.581684e-03  
   3.5899999  2.056361e-01  1.696823e-02  4.926758e-02  6.483048e-03  
   3.5999999  1.969016e-01  1.657220e-02  6.117952e-02  6.332429e-03  
   3.6099999  1.919018e-01  1.604923e-02  7.473615e-02  6.133048e-03  
   3.6199999  1.946474e-01  1.540737e-02  8.986448e-02  5.888025e-03  
   3.6300001  2.101099e-01  1.465360e-02  1.064846e-01  5.600081e-03  
   3.6400001  2.439210e-01  1.379469e-02  1.245362e-01  5.271857e-03  
   3.6500001  3.018267e-01  1.283938e-02  1.440079e-01  4.906753e-03  
   3.6600001  3.888996e-01  1.180185e-02  1.649562e-01  4.510222e-03  
   3.6700001  5.085925e-01  1.070511e-02  1.875118e-01  4.091076e-03  
   3.6800001  6.617894e-01  9.583361e-03  2.118742e-01  3.662400e-03  
   3.6900001  8.460588e-01  8.482458e-03  2.383029e-01  3.241716e-03  
   3.7000000  1.055331e+00  7.457957e-03  2.671159e-01  2.850248e-03  
   3.7100000  1.280155e+00  6.570808e-03  2.986993e-01  2.511273e-03  
   3.7200000  1.508570e+00  5.881143e-03  3.335223e-01  2.247758e-03  
   3.7300000  1.727468e+00  5.441028e-03  3.721308e-01  2.079584e-03  
   3.7400000  1.924183e+00  5.287284e-03  4.150805e-01  2.020805e-03  
   3.7500000  2.087938e+00  5.435898e-03  4.627807e-01  2.077514e-03  
   3.7600000  2.210884e+00  5.879690e-03  5.152350e-01  2.246939e-03  
   3.7700000  2.288508e+00  6.590529e-03  5.717196e-01  2.518297e-03  
   3.7800000  2.319457e+00  7.526420e-03  6.304801e-01  2.875497e-03  
   3.7900000  2.304970e+00  8.642168e-03  6.885701e-01  3.301210e-03  
   3.8000000  2.248187e+00  9.900522e-03  7.419500e-01  3.781141e-03  
   3.8099999  2.153625e+00  1.127991e-02  7.859227e-01  4.306972e-03  
   3.8199999  2.026939e+00  1.277506e-02  8.158841e-01  4.876615e-03  
   3.8299999  1.874942e+00  1.438902e-02  8.282635e-01  5.491182e-03  
   3.8399999  1.705709e+00  1.611810e-02  8.214204e-01  6.149236e-03  
   3.8499999  1.528520e+00  1.793417e-02  7.962357e-01  6.840040e-03  
   3.8599999  1.353487e+00  1.977047e-02  7.561756e-01  7.538169e-03  
   3.8699999  1.190791e+00  2.151687e-02  7.067348e-01  8.201682e-03  
   3.8800001  1.049634e+00  2.302785e-02  6.543564e-01  8.775190e-03  
   3.8900001  9.371429e-01  2.414298e-02  6.050972e-01  9.197653e-03  
   3.9000001  8.574402e-01  2.471618e-02  5.633848e-01  9.413528e-03  
   3.9100001  8.111789e-01  2.464637e-02  5.312300e-01  9.384437e-03  
   3.9200001  7.956176e-01  2.390207e-02  5.080860e-01  9.098483e-03  
   3.9300001  8.052520e-01  2.253301e-02  4.913576e-01  8.574701e-03  
   3.9400001  8.328549e-01  2.066541e-02  4.773577e-01  7.861202e-03  
   3.9500000  8.706721e-01  1.848111e-02  4.623884e-01  7.027237e-03  
   3.9600000  9.115044e-01  1.618562e-02  4.436301e-01  6.151010e-03  
   3.9700000  9.494460e-01  1.397235e-02  4.196207e-01  5.306109e-03  
   3.9800000  9.801837e-01  1.199170e-02  3.902816e-01  4.549760e-03  
   3.9900000  1.000906e+00  1.033174e-02  3.565949e-01  3.915500e-03  
   4.0000000  1.010000e+00  9.013820e-03  3.201213e-01  3.411512e-03  
   4.0100002  1.006750e+00  8.002328e-03  2.825466e-01  3.024360e-03  
   4.0200000  9.911916e-01  7.224708e-03  2.453839e-01  2.726576e-03  
   4.0300002  9.641589e-01  6.594995e-03  2.098402e-01  2.485577e-03  
   4.0400000  9.274318e-01  6.035667e-03  1.768377e-01  2.271947e-03  
   4.0500002  8.837823e-01  5.492163e-03  1.470594e-01  2.064926e-03  
   4.0599999  8.368013e-01  4.939127e-03  1.210054e-01  1.854766e-03  
   4.0700002  7.903971e-01  4.377941e-03  9.897907e-02  1.641804e-03  
   4.0799999  7.481102e-01  3.829003e-03  8.106095e-02  1.433540e-03  
   4.0900002  7.123700e-01  3.321301e-03  6.706439e-02  1.240702e-03  
   4.0999999  6.839953e-01  2.883454e-03  5.654419e-02  1.073862e-03  
   4.1100001  6.620378e-01  2.537576e-03  4.884634e-02  9.411015e-04  
   4.1199999  6.440870e-01  2.297461e-03  4.321352e-02  8.473222e-04  
   4.1300001  6.268946e-01  2.169731e-03  3.890284e-02  7.946559e-04  
   4.1399999  6.071884e-01  2.156781e-03  3.529557e-02  7.835819e-04  
   4.1500001  5.824191e-01  2.259283e-03  3.196285e-02  8.138933e-04  
   4.1599998  5.513014e-01  2.476958e-03  2.868436e-02  8.850559e-04  
   4.1700001  5.140183e-01  2.807036e-03  2.541834e-02  9.957284e-04  
   4.1799998  4.721251e-01  3.240766e-03  2.224509e-02  1.142576e-03  
   4.1900001  4.281713e-01  3.759600e-03  1.929859e-02  1.318949e-03  
   4.1999998  3.852082e-01  4.332294e-03  1.670917e-02  1.513871e-03  
   4.2100000  3.462268e-01  4.915060e-03  1.456275e-02  1.712095e-03  
   4.2199998  3.136950e-01  5.454859e-03  1.288437e-02  1.895236e-03  
   4.2300000  2.891919e-01  5.896409e-03  1.163949e-02  2.044200e-03  
   4.2399998  2.732421e-01  6.190850e-03  1.075021e-02  2.142171e-03  
   4.2500000  2.653125e-01  6.304844e-03  1.011691e-02  2.177730e-03  
   4.2600002  2.639964e-01  6.227334e-03  9.641011e-03  2.147148e-03  
   4.2700000  2.673177e-01  5.972720e-03  9.242804e-03  2.055444e-03  
   4.2800002  2.731096e-01  5.579384e-03  8.871798e-03  1.915807e-03  
   4.2900000  2.793801e-01  5.104248e-03  8.508682e-03  1.747686e-03  
   4.3000002  2.845943e-01  4.614334e-03  8.159158e-03  1.573851e-03  
   4.3099999  2.878148e-01  4.177821e-03  7.842987e-03  1.417295e-03  
   4.3200002  2.886898e-01  3.855852e-03  7.581513e-03  1.298434e-03  
   4.3299999  2.873116e-01  3.697149e-03  7.388315e-03  1.233277e-03  
   4.3400002  2.840110e-01  3.735363e-03  7.265476e-03  1.232563e-03  
   4.3499999  2.791640e-01  3.989205e-03  7.207012e-03  1.301877e-03  
   4.3600001  2.730737e-01  4.464035e-03  7.207644e-03  1.442284e-03  
   4.3699999  2.659703e-01  5.153524e-03  7.273984e-03  1.651024e-03  
   4.3800001  2.581134e-01  6.040657e-03  7.433861e-03  1.921996e-03  
   4.3899999  2.499695e-01  7.097060e-03  7.740146e-03  2.245690e-03  
   4.4000001  2.423868e-01  8.282191e-03  8.267062e-03  2.609021e-03  
   4.4099998  2.367154e-01  9.542375e-03  9.098477e-03  2.995072e-03  
   4.4200001  2.348072e-01  1.081267e-02  1.031053e-02  3.383667e-03  
   4.4299998  2.388813e-01  1.202090e-02  1.195101e-02  3.752589e-03  
   4.4400001  2.512586e-01  1.309556e-02  1.402125e-02  4.079971e-03  
   4.4499998  2.740100e-01  1.397463e-02  1.646325e-02  4.346978e-03  
   4.4600000  3.086010e-01  1.461488e-02  1.915845e-02  4.540611e-03  
   4.4699998  3.555959e-01  1.499784e-02  2.193738e-02  4.655512e-03  
   4.4800000  4.145324e-01  1.513196e-02  2.460311e-02  4.694570e-03  
   4.4899998  4.839553e-01  1.504957e-02  2.696057e-02  4.667959e-03  
   4.5000000  5.616722e-01  1.479984e-02  2.884911e-02  4.590945e-03  
   4.5100002  6.450878e-01  1.443939e-02  3.016644e-02  4.480983e-03  
   4.5200000  7.315968e-01  1.402255e-02  3.088113e-02  4.354724e-03  
   4.5300002  8.189151e-01  1.359317e-02  3.102927e-02  4.225516e-03  
   4.5400000  9.052396e-01  1.317949e-02  3.069884e-02  4.101852e-03  
   4.5500002  9.893411e-01  1.279216e-02  3.000888e-02  3.986767e-03  
   4.5599999  1.070503e+00  1.242570e-02  2.909175e-02  3.878316e-03  
   4.5700002  1.148526e+00  1.206217e-02  2.808396e-02  3.770710e-03  
   4.5799999  1.223722e+00  1.167675e-02  2.712748e-02  3.656047e-03  
   4.5900002  1.297006e+00  1.124348e-02  2.637552e-02  3.526078e-03  
   4.5999999  1.369925e+00  1.074089e-02  2.599592e-02  3.373950e-03  
   4.6100001  1.444593e+00  1.015604e-02  2.616264e-02  3.195494e-03  
   4.6199999  1.523348e+00  9.487395e-03  2.703216e-02  2.990100e-03  
   4.6300001  1.608203e+00  8.745417e-03  2.870738e-02  2.760955e-03  
   4.6399999  1.700093e+00  7.952219e-03  3.119766e-02  2.514954e-03  
   4.6500001  1.798242e+00  7.139630e-03  3.438935e-02  2.262123e-03  
   4.6599998  1.899775e+00  6.347458e-03  3.803660e-02  2.015115e-03  
   4.6700001  1.999931e+00  5.621338e-03  4.178263e-02  1.788548e-03  
   4.6799998  2.092790e+00  5.011840e-03  4.520583e-02  1.598748e-03  
   4.6900001  2.172546e+00  4.573692e-03  4.788667e-02  1.463516e-03  
   4.6999998  2.234925e+00  4.365867e-03  4.947610e-02  1.402156e-03  
   4.7100000  2.278469e+00  4.450817e-03  4.975439e-02  1.435219e-03  
   4.7199998  2.305283e+00  4.892234e-03  4.866464e-02  1.583764e-03  
   4.7300000  2.321105e+00  5.750061e-03  4.631657e-02  1.867709e-03  
   4.7399998  2.334602e+00  7.071845e-03  4.296114e-02  2.302997e-03  
   4.7500000  2.356111e+00  8.881696e-03  3.894128e-02  2.897960e-03  
   4.7600002  2.396055e+00  1.116742e-02  3.463323e-02  3.649093e-03  
   4.7700000  2.463377e+00  1.387006e-02  3.038752e-02  4.537588e-03  
   4.7800002  2.564268e+00  1.687926e-02  2.648202e-02  5.527772e-03  
   4.7900000  2.701340e+00  2.003553e-02  2.309695e-02  6.567789e-03  
   4.8000002  2.873427e+00  2.314384e-02  2.030953e-02  7.593974e-03  
   4.8099999  3.075855e+00  2.599283e-02  1.811174e-02  8.537115e-03  
   4.8200002  3.301297e+00  2.838043e-02  1.643997e-02  9.330765e-03  
   4.8299999  3.540838e+00  3.013648e-02  1.521192e-02  9.918682e-03  
   4.8400002  3.785361e+00  3.114184e-02  1.435856e-02  1.026109e-02  
   4.8499999  4.026752e+00  3.133778e-02  1.384637e-02  1.033783e-02  
   4.8600001  4.259029e+00  3.072771e-02  1.368388e-02  1.014907e-02  
   4.8699999  4.478898e+00  2.937137e-02  1.391364e-02  9.713450e-03  
   4.8800001  4.685930e+00  2.737431e-02  1.459234e-02  9.064827e-03  
   4.8899999  4.882031e+00  2.487616e-02  1.576586e-02  8.248514e-03  
   4.9000001  5.070598e+00  2.203701e-02  1.744675e-02  7.316899e-03  
   4.9099998  5.255313e+00  1.902576e-02  1.960031e-02  6.325624e-03  
   4.9200001  5.439116e+00  1.600630e-02  2.214537e-02  5.329040e-03  
   4.9299998  5.623372e+00  1.312640e-02  2.496831e-02  4.376456e-03  
   4.9400001  5.807688e+00  1.050556e-02  2.795038e-02  3.507990e-03  
   4.9499998  5.990116e+00  8.227486e-03  3.099784e-02  2.751996e-03  
   4.9600000  6.167912e+00  6.334887e-03  3.407000e-02  2.123190e-03  
   4.9699998  6.338285e+00  4.831272e-03  3.719203e-02  1.623171e-03  
   4.9800000  6.499122e+00  3.686444e-03  4.045097e-02  1.242203e-03  
   4.9899998  6.649175e+00  2.847380e-03  4.396912e-02  9.628265e-04  
   5.0000000  6.787897e+00  2.249905e-03  4.786459e-02  7.637650e-04  
   5.0100002  6.914751e+00  1.830428e-03  5.220411e-02  6.238820e-04  
   5.0200000  7.028445e+00  1.534321e-03  5.696524e-02  5.250126e-04  
   5.0300002  7.126311e+00  1.320386e-03  6.201857e-02  4.534753e-04  
   5.0400000  7.204029e+00  1.161335e-03  6.713437e-02  4.002404e-04  
   5.0500002  7.255966e+00  1.041087e-03  7.201932e-02  3.600149e-04  
   5.0599999  7.275896e+00  9.508052e-04  7.636847e-02  3.299018e-04  
   5.0700002  7.258006e+00  8.850158e-04  7.992495e-02  3.080869e-04  
   5.0799999  7.197822e+00  8.390938e-04  8.252581e-02  2.929962e-04  
   5.0900002  7.092812e+00  8.083728e-04  8.412674e-02  2.830075e-04  
   5.0999999  6.942599e+00  7.887196e-04  8.479494e-02  2.766632e-04  
   5.1100001  6.748758e+00  7.778343e-04  8.467691e-02  2.731291e-04  
   5.1199999  6.514551e+00  7.765465e-04  8.394919e-02  2.726463e-04  
   5.1300001  6.244609e+00  7.894735e-04  8.276801e-02  2.767582e-04  
   5.1399999  5.945030e+00  8.247329e-04  8.123227e-02  2.882098e-04  
   5.1500001  5.623524e+00  8.927489e-04  7.936826e-02  3.105294e-04  
   5.1599998  5.289800e+00  1.004400e-03  7.713993e-02  3.473878e-04  
   5.1700001  4.955504e+00  1.169001e-03  7.447752e-02  4.019059e-04  
   5.1799998  4.633883e+00  1.392459e-03  7.131653e-02  4.760275e-04  
   5.1900001  4.338589e+00  1.676078e-03  6.763215e-02  5.701283e-04  
   5.1999998  4.082250e+00  2.015962e-03  6.346304e-02  6.828315e-04  
   5.2100000  3.874623e+00  2.403283e-03  5.891456e-02  8.111221e-04  
   5.2199998  3.721258e+00  2.824889e-03  5.414701e-02  9.505718e-04  
   5.2300000  3.622651e+00  3.264503e-03  4.934763e-02  1.095756e-03  
   5.2399998  3.574449e+00  3.703826e-03  4.470072e-02  1.240622e-03  
   5.2500000  3.568449e+00  4.123996e-03  4.035693e-02  1.378969e-03  
   5.2600002  3.594290e+00  4.506804e-03  3.641563e-02  1.504839e-03  
   5.2700000  3.641342e+00  4.836133e-03  3.291757e-02  1.612971e-03  
   5.2800002  3.700424e+00  5.099354e-03  2.985041e-02  1.699259e-03  
   5.2900000  3.764977e+00  5.288522e-03  2.716463e-02  1.761126e-03  
   5.3000002  3.831580e+00  5.401568e-03  2.479097e-02  1.797929e-03  
   5.3099999  3.899819e+00  5.443169e-03  2.265915e-02  1.811238e-03  
   5.3200002  3.971717e+00  5.425679e-03  2.071051e-02  1.805162e-03  
   5.3299999  4.050902e+00  5.370112e-03  1.890747e-02  1.786682e-03  
   5.3400002  4.141784e+00  5.307353e-03  1.723689e-02  1.766067e-03  
   5.3499999  4.248736e+00  5.279310e-03  1.571159e-02  1.757272e-03  
   5.3600001  4.375490e+00  5.339150e-03  1.436735e-02  1.778021e-03  
   5.3699999  4.524560e+00  5.549472e-03  1.325759e-02  1.849206e-03  
   5.3800001  4.696919e+00  5.977178e-03  1.244269e-02  1.993172e-03  
   5.3899999  4.891769e+00  6.684195e-03  1.197622e-02  2.230627e-03  
   5.4000001  5.106706e+00  7.714955e-03  1.188852e-02  2.576441e-03  
   5.4099998  5.338060e+00  9.081800e-03  1.217245e-02  3.034776e-03  
   5.4200001  5.581643e+00  1.075279e-02  1.277529e-02  3.594987e-03  
   5.4299998  5.833491e+00  1.264400e-02  1.360004e-02  4.229045e-03  
   5.4400001  6.090714e+00  1.462200e-02  1.451779e-02  4.892323e-03  
   5.4499998  6.351895e+00  1.651544e-02  1.538785e-02  5.527504e-03  
   5.4600000  6.617287e+00  1.813822e-02  1.608179e-02  6.072268e-03  
   5.4699998  6.888417e+00  1.931745e-02  1.650424e-02  6.468696e-03  
   5.4800000  7.167554e+00  1.992358e-02  1.660597e-02  6.673332e-03  
   5.4899998  7.456903e+00  1.989387e-02  1.638582e-02  6.665074e-03  
   5.5000000  7.758065e+00  1.924514e-02  1.588214e-02  6.449472e-03  
   5.5100002  8.071527e+00  1.807205e-02  1.515731e-02  6.058159e-03  
   5.5200000  8.396594e+00  1.653130e-02  1.428017e-02  5.543593e-03  
   5.5300002  8.731526e+00  1.481480e-02  1.331109e-02  4.970079e-03  
   5.5400000  9.073705e+00  1.311885e-02  1.229397e-02  4.403430e-03  
   5.5500002  9.420074e+00  1.161354e-02  1.125471e-02  3.900707e-03  
   5.5599999  9.767361e+00  1.042031e-02  1.020624e-02  3.502665e-03  
   5.5700002  1.011256e+01  9.598596e-03  9.155763e-03  3.229253e-03  
   5.5799999  1.045318e+01  9.144709e-03  8.112410e-03  3.079225e-03  
   5.5900002  1.078770e+01  9.000027e-03  7.091594e-03  3.032866e-03  
   5.5999999  1.111586e+01  9.067258e-03  6.116592e-03  3.057454e-03  
   5.6100001  1.143886e+01  9.230644e-03  5.216233e-03  3.114050e-03  
   5.6199999  1.175921e+01  9.377212e-03  4.421563e-03  3.164653e-03  
   5.6300001  1.208036e+01  9.415870e-03  3.761384e-03  3.178630e-03  
   5.6399999  1.240587e+01  9.291646e-03  3.259037e-03  3.137538e-03  
   5.6500001  1.273851e+01  8.993144e-03  2.929649e-03  3.037624e-03  
   5.6599998  1.307916e+01  8.552137e-03  2.778723e-03  2.889718e-03  
   5.6700001  1.342620e+01  8.035381e-03  2.801076e-03  2.716451e-03  
   5.6799998  1.377498e+01  7.530732e-03  2.980538e-03  2.547581e-03  
   5.6900001  1.411828e+01  7.130015e-03  3.290342e-03  2.414200e-03  
   5.6999998  1.444690e+01  6.913153e-03  3.694559e-03  2.343363e-03  
   5.7100000  1.475098e+01  6.936282e-03  4.151092e-03  2.354064e-03  
   5.7199998  1.502127e+01  7.226699e-03  4.615701e-03  2.455520e-03  
   5.7300000  1.525051e+01  7.784705e-03  5.047061e-03  2.647774e-03  
   5.7399998  1.543431e+01  8.590776e-03  5.411212e-03  2.924128e-03  
   5.7500000  1.557178e+01  9.615715e-03  5.684966e-03  3.274559e-03  
   5.7600002  1.566563e+01  1.083000e-02  5.856977e-03  3.688889e-03  
   5.7700000  1.572200e+01  1.221066e-02  5.926752e-03  4.159122e-03  
   5.7800002  1.575017e+01  1.374447e-02  5.901938e-03  4.680541e-03  
   5.7900000  1.576207e+01  1.542673e-02  5.794961e-03  5.251310e-03  
   5.8000002  1.577188e+01  1.725821e-02  5.620128e-03  5.871488e-03  
   5.8099999  1.579540e+01  1.923943e-02  5.391966e-03  6.541105e-03  
   5.8200002  1.584938e+01  2.136572e-02  5.124860e-03  7.258503e-03  
   5.8299999  1.595055e+01  2.362104e-02  4.833869e-03  8.018275e-03  
   5.8400002  1.611445e+01  2.597426e-02  4.535670e-03  8.810009e-03  
   5.8499999  1.635383e+01  2.837553e-02  4.249376e-03  9.617022e-03  
   5.8600001  1.667715e+01  3.075665e-02  3.996247e-03  1.041648e-02  
   5.8699999  1.708684e+01  3.303260e-02  3.798672e-03  1.117990e-02  
   5.8800001  1.757819e+01  3.510782e-02  3.678099e-03  1.187523e-02  
   5.8899999  1.813857e+01  3.688320e-02  3.652710e-03  1.246919e-02  
   5.9000001  1.874817e+01  3.826571e-02  3.734952e-03  1.293054e-02  
   5.9099998  1.938148e+01  3.917681e-02  3.929514e-03  1.323288e-02  
   5.9200001  2.001034e+01  3.956120e-02  4.232082e-03  1.335765e-02  
   5.9299998  2.060745e+01  3.939390e-02  4.629035e-03  1.329645e-02  
   5.9400001  2.115037e+01  3.868673e-02  5.098599e-03  1.305331e-02  
   5.9499998  2.162448e+01  3.749370e-02  5.613119e-03  1.264644e-02  
   5.9600000  2.202506e+01  3.591356e-02  6.142981e-03  1.210911e-02  
   5.9699998  2.235739e+01  3.408915e-02  6.661242e-03  1.148943e-02  
   5.9800000  2.263544e+01  3.219960e-02  7.149110e-03  1.084768e-02  
   5.9899998  2.287909e+01  3.044720e-02  7.600671e-03  1.025193e-02  
   6.0000000  2.311087e+01  2.903720e-02  8.026535e-03  9.771195e-03  
   6.0100002  2.335264e+01  2.815639e-02  8.454646e-03  9.468280e-03  
   6.0200000  2.362276e+01  2.795230e-02  8.927997e-03  9.392795e-03  
   6.0300002  2.393424e+01  2.851844e-02  9.498905e-03  9.576233e-03  
   6.0400000  2.429378e+01  2.988753e-02  1.022020e-02  1.002973e-02  
   6.0500002  2.470188e+01  3.203274e-02  1.113551e-02  1.074451e-02  
   6.0599999  2.515341e+01  3.487410e-02  1.226961e-02  1.169406e-02  
   6.0700002  2.563902e+01  3.828872e-02  1.362230e-02  1.283762e-02  
   6.0799999  2.614640e+01  4.211949e-02  1.516553e-02  1.412299e-02  
   6.0900002  2.666179e+01  4.618450e-02  1.684636e-02  1.548969e-02  
   6.0999999  2.717109e+01  5.028300e-02  1.859266e-02  1.687086e-02  
   6.1100001  2.766097e+01  5.420466e-02  2.032247e-02  1.819628e-02  
   6.1199999  2.811931e+01  5.773779e-02  2.195220e-02  1.939504e-02  
   6.1300001  2.853588e+01  6.068422e-02  2.340477e-02  2.040046e-02  
   6.1399999  2.890256e+01  6.287501e-02  2.461382e-02  2.115539e-02  
   6.1500001  2.921379e+01  6.419186e-02  2.552665e-02  2.161938e-02  
   6.1599998  2.946691e+01  6.458753e-02  2.610447e-02  2.177572e-02  
   6.1700001  2.966273e+01  6.410550e-02  2.632279e-02  2.163807e-02  
   6.1799998  2.980566e+01  6.289138e-02  2.617174e-02  2.125459e-02  
   6.1900001  2.990414e+01  6.119202e-02  2.565715e-02  2.070767e-02  
   6.1999998  2.997051e+01  5.933774e-02  2.480174e-02  2.010813e-02  
   6.2100000  3.002079e+01  5.770466e-02  2.364501e-02  1.958253e-02  
   6.2199998  3.007390e+01  5.666259e-02  2.224185e-02  1.925552e-02  
   6.2300000  3.015079e+01  5.651372e-02  2.065773e-02  1.922912e-02  
   6.2399998  3.027304e+01  5.743713e-02  1.896291e-02  1.956386e-02  
   6.2500000  3.046134e+01  5.945084e-02  1.722434e-02  2.026578e-02  
   6.2600002  3.073365e+01  6.240208e-02  1.549948e-02  2.128310e-02  
   6.2700000  3.110357e+01  6.598979e-02  1.383141e-02  2.251382e-02  
   6.2800002  3.157891e+01  6.981695e-02  1.224720e-02  2.382338e-02  
   6.2900000  3.216061e+01  7.345810e-02  1.076020e-02  2.506764e-02  
   6.3000002  3.284266e+01  7.653213e-02  9.373754e-03  2.611753e-02  
   6.3099999  3.361251e+01  7.875980e-02  8.086978e-03  2.687862e-02  
   6.3200002  3.445277e+01  8.000033e-02  6.899029e-03  2.730351e-02  
   6.3299999  3.534293e+01  8.025837e-02  5.812714e-03  2.739421e-02  
   6.3400002  3.626213e+01  7.966652e-02  4.835022e-03  2.719615e-02  
   6.3499999  3.719120e+01  7.844941e-02  3.976422e-03  2.678600e-02  
   6.3600001  3.811484e+01  7.687858e-02  3.247941e-03  2.625626e-02  
   6.3699999  3.902259e+01  7.522816e-02  2.658372e-03  2.570030e-02  
   6.3800001  3.990925e+01  7.373592e-02  2.211105e-03  2.519895e-02  
   6.3899999  4.077399e+01  7.257529e-02  1.902365e-03  2.481114e-02  
   6.4000001  4.161921e+01  7.183781e-02  1.720314e-03  2.456783e-02  
   6.4099998  4.244852e+01  7.152841e-02  1.645891e-03  2.447040e-02  
   6.4200001  4.326532e+01  7.157189e-02  1.654746e-03  2.449285e-02  
   6.4299998  4.407141e+01  7.183073e-02  1.720286e-03  2.458790e-02  
   6.4400001  4.486684e+01  7.213162e-02  1.817169e-03  2.469596e-02  
   6.4499998  4.565032e+01  7.229663e-02  1.924630e-03  2.475592e-02  
   6.4600000  4.642095e+01  7.217284e-02  2.029053e-03  2.471515e-02  
   6.4699998  4.718011e+01  7.165406e-02  2.125186e-03  2.453715e-02  
   6.4800000  4.793364e+01  7.068994e-02  2.215859e-03  2.420452e-02  
   6.4899998  4.869334e+01  6.928100e-02  2.310173e-03  2.371755e-02  
   6.5000000  4.947736e+01  6.746221e-02  2.420719e-03  2.308844e-02  
   6.5100002  5.030932e+01  6.528205e-02  2.560350e-03  2.233428e-02  
   6.5200000  5.121590e+01  6.278332e-02  2.739308e-03  2.147037e-02  
   6.5300002  5.222395e+01  5.999216e-02  2.963315e-03  2.050647e-02  
   6.5400000  5.335658e+01  5.691979e-02  3.232791e-03  1.944720e-02  
   6.5500002  5.463048e+01  5.357293e-02  3.543374e-03  1.829559e-02  
   6.5599999  5.605337e+01  4.997350e-02  3.886954e-03  1.705964e-02  
   6.5700002  5.762347e+01  4.617665e-02  4.253021e-03  1.575848e-02  
   6.5799999  5.932991e+01  4.228744e-02  4.629249e-03  1.442805e-02  
   6.5900002  6.115462e+01  3.846566e-02  5.001583e-03  1.312279e-02  
   6.5999999  6.307451e+01  3.492233e-02  5.353523e-03  1.191451e-02  
   6.6100001  6.506445e+01  3.190134e-02  5.665745e-03  1.088621e-02  
   6.6199999  6.709913e+01  2.965320e-02  5.916304e-03  1.012317e-02  
   6.6300001  6.915559e+01  2.839952e-02  6.082445e-03  9.700891e-03  
   6.6399999  7.121361e+01  2.829793e-02  6.143559e-03  9.673103e-03  
   6.6500001  7.325694e+01  2.941162e-02  6.084965e-03  1.006134e-02  
   6.6599998  7.527248e+01  3.169267e-02  5.901248e-03  1.084925e-02  
   6.6700001  7.725053e+01  3.498519e-02  5.598225e-03  1.198362e-02  
   6.6799998  7.918358e+01  3.904910e-02  5.192972e-03  1.338246e-02  
   6.6900001  8.106635e+01  4.360414e-02  4.711785e-03  1.495011e-02  
   6.6999998  8.289455e+01  4.838098e-02  4.187168e-03  1.659468e-02  
   6.7100000  8.466494e+01  5.317197e-02  3.654123e-03  1.824538e-02  
   6.7199998  8.637428e+01  5.786105e-02  3.147288e-03  1.986286e-02  
   6.7300000  8.801944e+01  6.243019e-02  2.698484e-03  2.144129e-02  
   6.7399998  8.959679e+01  6.693250e-02  2.335425e-03  2.299917e-02  
   6.7500000  9.110270e+01  7.144649e-02  2.080536e-03  2.456353e-02  
   6.7600002  9.253377e+01  7.601981e-02  1.950232e-03  2.615069e-02  
   6.7700000  9.388752e+01  8.062754e-02  1.954031e-03  2.775181e-02  
   6.7800002  9.516380e+01  8.515891e-02  2.093904e-03  2.932851e-02  
   6.7900000  9.636491e+01  8.943982e-02  2.363998e-03  3.082049e-02  
   6.8000002  9.749670e+01  9.329093e-02  2.750951e-03  3.216569e-02  
   6.8099999  9.856808e+01  9.659965e-02  3.234668e-03  3.332505e-02  
   6.8200002  9.959153e+01  9.938755e-02  3.789671e-03  3.430579e-02  
   6.8299999  1.005821e+02  1.018442e-01  4.386211e-03  3.517304e-02  
   6.8400002  1.015577e+02  1.043156e-01  4.991595e-03  3.604592e-02  
   6.8499999  1.025383e+02  1.072432e-01  5.570994e-03  3.707632e-02  
   6.8600001  1.035458e+02  1.110689e-01  6.088936e-03  3.841629e-02  
   6.8699999  1.046038e+02  1.161292e-01  6.511161e-03  4.018145e-02  
   6.8800001  1.057357e+02  1.225711e-01  6.808022e-03  4.242188e-02  
   6.8899999  1.069632e+02  1.303051e-01  6.958769e-03  4.510617e-02  
   6.9000001  1.083039e+02  1.390129e-01  6.956418e-03  4.812402e-02  
   6.9099998  1.097685e+02  1.481951e-01  6.811636e-03  5.130277e-02  
   6.9200001  1.113594e+02  1.572504e-01  6.554209e-03  5.443493e-02  
   6.9299998  1.130703e+02  1.655544e-01  6.230993e-03  5.730527e-02  
   6.9400001  1.148878e+02  1.725306e-01  5.899802e-03  5.971534e-02  
   6.9499998  1.167936e+02  1.776922e-01  5.620496e-03  6.149782e-02  
   6.9600000  1.187683e+02  1.806674e-01  5.444696e-03  6.252498e-02  
   6.9699998  1.207952e+02  1.812064e-01  5.406900e-03  6.271115e-02  
   6.9800000  1.228632e+02  1.791887e-01  5.518673e-03  6.201502e-02  
   6.9899998  1.249675e+02  1.746346e-01  5.767359e-03  6.044368e-02  
   7.0000000  1.271112e+02  1.677205e-01  6.119243e-03  5.805796e-02  
   7.0100002  1.293025e+02  1.587959e-01  6.526104e-03  5.497846e-02  
   7.0200000  1.315537e+02  1.483857e-01  6.933681e-03  5.138654e-02  
   7.0300002  1.338789e+02  1.371685e-01  7.290426e-03  4.751677e-02  
   7.0400000  1.362910e+02  1.259319e-01  7.554908e-03  4.364186e-02  
   7.0500002  1.388012e+02  1.154957e-01  7.701412e-03  4.004594e-02  
   7.0599999  1.414176e+02  1.066305e-01  7.722810e-03  3.699640e-02  
   7.0700002  1.441468e+02  9.997077e-02  7.630697e-03  3.471380e-02  
   7.0799999  1.469937e+02  9.595397e-02  7.452650e-03  3.335071e-02  
   7.0900002  1.499642e+02  9.478367e-02  7.226791e-03  3.297873e-02  
   7.0999999  1.530643e+02  9.642976e-02  6.994546e-03  3.358851e-02  
   7.1100001  1.563013e+02  1.006566e-01  6.792554e-03  3.509932e-02  
   7.1199999  1.596795e+02  1.070724e-01  6.645621e-03  3.737619e-02  
   7.1300001  1.631992e+02  1.151941e-01  6.562025e-03  4.025217e-02  
   7.1399999  1.668518e+02  1.245120e-01  6.532488e-03  4.355099e-02  
   7.1500001  1.706181e+02  1.345588e-01  6.532913e-03  4.711094e-02  
   7.1599998  1.744677e+02  1.449654e-01  6.530222e-03  5.080455e-02  
   7.1700001  1.783619e+02  1.555112e-01  6.489718e-03  5.455611e-02  
   7.1799998  1.822580e+02  1.661458e-01  6.382296e-03  5.834952e-02  
   7.1900001  1.861168e+02  1.769895e-01  6.189782e-03  6.222862e-02  
   7.1999998  1.899083e+02  1.882922e-01  5.907668e-03  6.628272e-02  
   7.2100000  1.936181e+02  2.003649e-01  5.544817e-03  7.062272e-02  
   7.2199998  1.972481e+02  2.134798e-01  5.120963e-03  7.534572e-02  
   7.2300000  2.008159e+02  2.277706e-01  4.662451e-03  8.050007e-02  
   7.2399998  2.043490e+02  2.431410e-01  4.197794e-03  8.605234e-02  
   7.2500000  2.078768e+02  2.592188e-01  3.753249e-03  9.187104e-02  
   7.2600002  2.114220e+02  2.753522e-01  3.349753e-03  9.772468e-02  
   7.2700000  2.149924e+02  2.906674e-01  3.000938e-03  1.033020e-01  
   7.2800002  2.185772e+02  3.041754e-01  2.712590e-03  1.082491e-01  
   7.2900000  2.221451e+02  3.149006e-01  2.483448e-03  1.122155e-01  
   7.3000002  2.256483e+02  3.220277e-01  2.306641e-03  1.149063e-01  
   7.3099999  2.290282e+02  3.250245e-01  2.171751e-03  1.161264e-01  
   7.3200002  2.322249e+02  3.237330e-01  2.066703e-03  1.158137e-01  
   7.3299999  2.351853e+02  3.184037e-01  1.979470e-03  1.140522e-01  
   7.3400002  2.378708e+02  3.096668e-01  1.899212e-03  1.110628e-01  
   7.3499999  2.402632e+02  2.984454e-01  1.817045e-03  1.071721e-01  
   7.3600001  2.423672e+02  2.858139e-01  1.726401e-03  1.027630e-01  
   7.3699999  2.442099e+02  2.728390e-01  1.623307e-03  9.821649e-02  
   7.3800001  2.458388e+02  2.604167e-01  1.506515e-03  9.385423e-02  
   7.3899999  2.473154e+02  2.491599e-01  1.377701e-03  8.989693e-02  
   7.4000001  2.487106e+02  2.393382e-01  1.241475e-03  8.644266e-02  
   7.4099998  2.500966e+02  2.309032e-01  1.105300e-03  8.347549e-02  
   7.4200001  2.515415e+02  2.235731e-01  9.790530e-04  8.089576e-02  
   7.4299998  2.531031e+02  2.169682e-01  8.743774e-04  7.856858e-02  
   7.4400001  2.548267e+02  2.107476e-01  8.036956e-04  7.637326e-02  
   7.4499998  2.567426e+02  2.047261e-01  7.791436e-04  7.424526e-02  
   7.4600000  2.588668e+02  1.989302e-01  8.113970e-04  7.219636e-02  
   7.4699998  2.612018e+02  1.935947e-01  9.086108e-04  7.031375e-02  
   7.4800000  2.637390e+02  1.890981e-01  1.075531e-03  6.873623e-02  
   7.4899998  2.664601e+02  1.858682e-01  1.312801e-03  6.762016e-02  
   7.5000000  2.693397e+02  1.842794e-01  1.616685e-03  6.710260e-02  
   7.5100002  2.723456e+02  1.845797e-01  1.978983e-03  6.727435e-02  
   7.5200000  2.754403e+02  1.868565e-01  2.387429e-03  6.816792e-02  
   7.5300002  2.785822e+02  1.910489e-01  2.826482e-03  6.976195e-02  
   7.5400000  2.817262e+02  1.969923e-01  3.278254e-03  7.199716e-02  
   7.5500002  2.848262e+02  2.044746e-01  3.724026e-03  7.479720e-02  
   7.5599999  2.878368e+02  2.132812e-01  4.145613e-03  7.808449e-02  
   7.5700002  2.907179e+02  2.232189e-01  4.527134e-03  8.178908e-02  
   7.5799999  2.934382e+02  2.341069e-01  4.856340e-03  8.584503e-02  
   7.5900002  2.959806e+02  2.457537e-01  5.125914e-03  9.018221e-02  
   7.5999999  2.983446e+02  2.579219e-01  5.333974e-03  9.471311e-02  
   7.6100001  3.005497e+02  2.703082e-01  5.484084e-03  9.932589e-02  
   7.6199999  3.026332e+02  2.825337e-01  5.584347e-03  1.038807e-01  
   7.6300001  3.046468e+02  2.941629e-01  5.646044e-03  1.082168e-01  
   7.6399999  3.066490e+02  3.047295e-01  5.681864e-03  1.121621e-01  
   7.6500001  3.086974e+02  3.137770e-01  5.704282e-03  1.155480e-01  
   7.6599998  3.108381e+02  3.208904e-01  5.724373e-03  1.182214e-01  
   7.6700001  3.131002e+02  3.257252e-01  5.751256e-03  1.200548e-01  
   7.6799998  3.154906e+02  3.280203e-01  5.792114e-03  1.209516e-01  
   7.6900001  3.179962e+02  3.276043e-01  5.852457e-03  1.208480e-01  
   7.6999998  3.205879e+02  3.243926e-01  5.936241e-03  1.197122e-01  
   7.7100000  3.232299e+02  3.183841e-01  6.045535e-03  1.175425e-01  
   7.7199998  3.258901e+02  3.096609e-01  6.179637e-03  1.143685e-01  
   7.7300000  3.285498e+02  2.983924e-01  6.333977e-03  1.102513e-01  
   7.7399998  3.312122e+02  2.848523e-01  6.499213e-03  1.052910e-01  
   7.7500000  3.339070e+02  2.694331e-01  6.661146e-03  9.963129e-02  
   7.7600002  3.366886e+02  2.526701e-01  6.801655e-03  9.346862e-02  
   7.7700000  3.396312e+02  2.352491e-01  6.900691e-03  8.705532e-02  
   7.7800002  3.428170e+02  2.179937e-01  6.938891e-03  8.069485e-02  
   7.7900000  3.463207e+02  2.018346e-01  6.900154e-03  7.473023e-02  
   7.8000002  3.501926e+02  1.877343e-01  6.773618e-03  6.951663e-02  
   7.8099999  3.544434e+02  1.766010e-01  6.554706e-03  6.538911e-02  
   7.8200002  3.590350e+02  1.691774e-01  6.245119e-03  6.262188e-02  
   7.8299999  3.638807e+02  1.659454e-01  5.852266e-03  6.139296e-02  
   7.8400002  3.688578e+02  1.670497e-01  5.388148e-03  6.175595e-02  
   7.8499999  3.738271e+02  1.722649e-01  4.868480e-03  6.362820e-02  
   7.8600001  3.786589e+02  1.810102e-01  4.311553e-03  6.679621e-02  
   7.8699999  3.832561e+02  1.924090e-01  3.737466e-03  7.093790e-02  
   7.8800001  3.875706e+02  2.053902e-01  3.166807e-03  7.565993e-02  
   7.8899999  3.916068e+02  2.188069e-01  2.619530e-03  8.054157e-02  
   7.9000001  3.954160e+02  2.315688e-01  2.113236e-03  8.518338e-02  
   7.9099998  3.990803e+02  2.427558e-01  1.661964e-03  8.924877e-02  
   7.9200001  4.026942e+02  2.517136e-01  1.274957e-03  9.249889e-02  
   7.9299998  4.063477e+02  2.581023e-01  9.564076e-04  9.481033e-02  
   7.9400001  4.101149e+02  2.619077e-01  7.056191e-04  9.617882e-02  
   7.9499998  4.140484e+02  2.634002e-01  5.180219e-04  9.670423e-02  
   7.9600000  4.181816e+02  2.630605e-01  3.863356e-04  9.656317e-02  
   7.9699998  4.225309e+02  2.614805e-01  3.019435e-04  9.597241e-02  
   7.9800000  4.271047e+02  2.592599e-01  2.559503e-04  9.515148e-02  
   7.9899998  4.319059e+02  2.569208e-01  2.400107e-04  9.429111e-02  
   8.0000000  4.369369e+02  2.548532e-01  2.468071e-04  9.353364e-02  
   8.0100002  4.422016e+02  2.533025e-01  2.703451e-04  9.296859e-02  
   8.0200005  4.477059e+02  2.523955e-01  3.061176e-04  9.264214e-02  
   8.0299997  4.534587e+02  2.521933e-01  3.511825e-04  9.257665e-02  
   8.0400000  4.594739e+02  2.527510e-01  4.041243e-04  9.279259e-02  
   8.0500002  4.657677e+02  2.541654e-01  4.647457e-04  9.332609e-02  
   8.0600004  4.723585e+02  2.565922e-01  5.335123e-04  9.423501e-02  
   8.0699997  4.792634e+02  2.602273e-01  6.107113e-04  9.559197e-02  
   8.0799999  4.864949e+02  2.652591e-01  6.955526e-04  9.746703e-02  
   8.0900002  4.940515e+02  2.718049e-01  7.853440e-04  9.990391e-02  
   8.1000004  5.019148e+02  2.798558e-01  8.751613e-04  1.028998e-01  
   8.1099997  5.100463e+02  2.892450e-01  9.580798e-04  1.063935e-01  
   8.1199999  5.183939e+02  2.996538e-01  1.026079e-03  1.102676e-01  
   8.1300001  5.268937e+02  3.106396e-01  1.071328e-03  1.143587e-01  
   8.1400003  5.354848e+02  3.216937e-01  1.087706e-03  1.184786e-01  
   8.1499996  5.441212e+02  3.322981e-01  1.072055e-03  1.224354e-01  
   8.1599998  5.527860e+02  3.419825e-01  1.024892e-03  1.260544e-01  
   8.1700001  5.614928e+02  3.503578e-01  9.504131e-04  1.291908e-01  
   8.1800003  5.702894e+02  3.571451e-01  8.557855e-04  1.317408e-01  
   8.1899996  5.792485e+02  3.621919e-01  7.499162e-04  1.336476e-01  
   8.1999998  5.884593e+02  3.654830e-01  6.419439e-04  1.349056e-01  
   8.2100000  5.980068e+02  3.671427e-01  5.399269e-04  1.355615e-01  
   8.2200003  6.079589e+02  3.674340e-01  4.497966e-04  1.357136e-01  
   8.2299995  6.183539e+02  3.667446e-01  3.748931e-04  1.355071e-01  
   8.2399998  6.291974e+02  3.655589e-01  3.159961e-04  1.351228e-01  
   8.2500000  6.404560e+02  3.644159e-01  2.718649e-04  1.347624e-01  
   8.2600002  6.520667e+02  3.638563e-01  2.399574e-04  1.346277e-01  
   8.2700005  6.639441e+02  3.643654e-01  2.172362e-04  1.349003e-01  
   8.2799997  6.759874e+02  3.663202e-01  2.008419e-04  1.357218e-01  
   8.2900000  6.880934e+02  3.699509e-01  1.885250e-04  1.371792e-01  
   8.3000002  7.001538e+02  3.753199e-01  1.788227e-04  1.392972e-01  
   8.3100004  7.120620e+02  3.823255e-01  1.709876e-04  1.420398e-01  
   8.3199997  7.237144e+02  3.907289e-01  1.647707e-04  1.453189e-01  
   8.3299999  7.350131e+02  4.002019e-01  1.601441e-04  1.490133e-01  
   8.3400002  7.458624e+02  4.103812e-01  1.570645e-04  1.529869e-01  
   8.3500004  7.561749e+02  4.209269e-01  1.553287e-04  1.571120e-01  
   8.3599997  7.658745e+02  4.315676e-01  1.545576e-04  1.612848e-01  
   8.3699999  7.749034e+02  4.421290e-01  1.542885e-04  1.654370e-01  
   8.3800001  7.832222e+02  4.525231e-01  1.541358e-04  1.695320e-01  
   8.3900003  7.908192e+02  4.627258e-01  1.539541e-04  1.735560e-01  
   8.3999996  7.977136e+02  4.727250e-01  1.539480e-04  1.775001e-01  
   8.4099998  8.039603e+02  4.824724e-01  1.546846e-04  1.813420e-01  
   8.4200001  8.096482e+02  4.918348e-01  1.569975e-04  1.850276e-01  
   8.4300003  8.148987e+02  5.005753e-01  1.618042e-04  1.884650e-01  
   8.4399996  8.198597e+02  5.083616e-01  1.698810e-04  1.915266e-01  
   8.4499998  8.246989e+02  5.148044e-01  1.816609e-04  1.940647e-01  
   8.4600000  8.295858e+02  5.195144e-01  1.970955e-04  1.959322e-01  
   8.4700003  8.346807e+02  5.221736e-01  2.156309e-04  1.970092e-01  
   8.4799995  8.401195e+02  5.226011e-01  2.362868e-04  1.972284e-01  
   8.4899998  8.460011e+02  5.208011e-01  2.578308e-04  1.965927e-01  
   8.5000000  8.523739e+02  5.169881e-01  2.789688e-04  1.951845e-01  
   8.5100002  8.592342e+02  5.115825e-01  2.985400e-04  1.931639e-01  
   8.5200005  8.665275e+02  5.051789e-01  3.156472e-04  1.907574e-01  
   8.5299997  8.741583e+02  4.984936e-01  3.297112e-04  1.882369e-01  
   8.5400000  8.820101e+02  4.922935e-01  3.404635e-04  1.858935e-01  
   8.5500002  8.899616e+02  4.873255e-01  3.478775e-04  1.840103e-01  
   8.5600004  8.979098e+02  4.842403e-01  3.520980e-04  1.828342e-01  
   8.5699997  9.057855e+02  4.835339e-01  3.533731e-04  1.825529e-01  
   8.5799999  9.135660e+02  4.855031e-01  3.520092e-04  1.832790e-01  
   8.5900002  9.212700e+02  4.902253e-01  3.483502e-04  1.850422e-01  
   8.6000004  9.289526e+02  4.975633e-01  3.427702e-04  1.877907e-01  
   8.6099997  9.366912e+02  5.071930e-01  3.356696e-04  1.914032e-01  
   8.6199999  9.445757e+02  5.186586e-01  3.274580e-04  1.957082e-01  
   8.6300001  9.526900e+02  5.314310e-01  3.185337e-04  2.005074e-01  
   8.6400003  9.611101e+02  5.449821e-01  3.092447e-04  2.056028e-01  
   8.6499996  9.699011e+02  5.588484e-01  2.998486e-04  2.108216e-01  
   8.6599998  9.791231e+02  5.726872e-01  2.904727e-04  2.160361e-01  
   8.6700001  9.888282e+02  5.862956e-01  2.810977e-04  2.211719e-01  
   8.6800003  9.990663e+02  5.996150e-01  2.715582e-04  2.262084e-01  
   8.6899996  1.009879e+03  6.126998e-01  2.615832e-04  2.311680e-01  
   8.6999998  1.021297e+03  6.256741e-01  2.508619e-04  2.360987e-01  
   8.7100000  1.033329e+03  6.386648e-01  2.391434e-04  2.410492e-01  
   8.7200003  1.045956e+03  6.517504e-01  2.263292e-04  2.460496e-01  
   8.7299995  1.059129e+03  6.649171e-01  2.125471e-04  2.510946e-01  
   8.7399998  1.072785e+03  6.780431e-01  1.981739e-04  2.561381e-01  
   8.7500000  1.086844e+03  6.908945e-01  1.838118e-04  2.610903e-01  
   8.7600002  1.101234e+03  7.031558e-01  1.702004e-04  2.658312e-01  
   8.7700005  1.115896e+03  7.144693e-01  1.580991e-04  2.702238e-01  
   8.7799997  1.130794e+03  7.244849e-01  1.481640e-04  2.741346e-01  
   8.7900000  1.145917e+03  7.329127e-01  1.408402e-04  2.774523e-01  
   8.8000002  1.161270e+03  7.395612e-01  1.363037e-04  2.801033e-01  
   8.8100004  1.176862e+03  7.443699e-01  1.344408e-04  2.820639e-01  
   8.8199997  1.192700e+03  7.474216e-01  1.348766e-04  2.833647e-01  
   8.8299999  1.208784e+03  7.489379e-01  1.370355e-04  2.840888e-01  
   8.8400002  1.225091e+03  7.492565e-01  1.402196e-04  2.843638e-01  
   8.8500004  1.241593e+03  7.488025e-01  1.436922e-04  2.843502e-01  
   8.8599997  1.258252e+03  7.480520e-01  1.467549e-04  2.842276e-01  
   8.8699999  1.275047e+03  7.474971e-01  1.488122e-04  2.841822e-01  
   8.8800001  1.291971e+03  7.476166e-01  1.494134e-04  2.843946e-01  
   8.8900003  1.309053e+03  7.488526e-01  1.482782e-04  2.850321e-01  
   8.8999996  1.326350e+03  7.515913e-01  1.453024e-04  2.862411e-01  
   8.9099998  1.343953e+03  7.561478e-01  1.405458e-04  2.881414e-01  
   8.9200001  1.361959e+03  7.627497e-01  1.342132e-04  2.908199e-01  
   8.9300003  1.380456e+03  7.715175e-01  1.266248e-04  2.943234e-01  
   8.9399996  1.399505e+03  7.824461e-01  1.181848e-04  2.986512e-01  
   8.9499998  1.419121e+03  7.953914e-01  1.093439e-04  3.037497e-01  
   8.9600000  1.439261e+03  8.100557e-01  1.005674e-04  3.095066e-01  
   8.9700003  1.459824e+03  8.259952e-01  9.229632e-05  3.157541e-01  
   8.9799995  1.480664e+03  8.426442e-01  8.491454e-05  3.222767e-01  
   8.9899998  1.501615e+03  8.593609e-01  7.871677e-05  3.288303e-01  
   9.0000000  1.522499e+03  8.754805e-01  7.389137e-05  3.351611e-01  
   9.0100002  1.543154e+03  8.903881e-01  7.050663e-05  3.410345e-01  
   9.0200005  1.563455e+03  9.035844e-01  6.851312e-05  3.462599e-01  
   9.0299997  1.583312e+03  9.147381e-01  6.775653e-05  3.507105e-01  
   9.0400000  1.602690e+03  9.237216e-01  6.799991e-05  3.543373e-01  
   9.0500002  1.621593e+03  9.306073e-01  6.895246e-05  3.571686e-01  
   9.0600004  1.640065e+03  9.356552e-01  7.030004e-05  3.593030e-01  
   9.0699997  1.658174e+03  9.392644e-01  7.173502e-05  3.608936e-01  
   9.0799999  1.676009e+03  9.419226e-01  7.298341e-05  3.621264e-01  
   9.0900002  1.693652e+03  9.441427e-01  7.382484e-05  3.631968e-01  
   9.1000004  1.711175e+03  9.464076e-01  7.410764e-05  3.642884e-01  
   9.1099997  1.728628e+03  9.491253e-01  7.375629e-05  3.655553e-01  
   9.1199999  1.746045e+03  9.525973e-01  7.277160e-05  3.671096e-01  
   9.1300001  1.763429e+03  9.570000e-01  7.122538e-05  3.690147e-01  
   9.1400003  1.780777e+03  9.623874e-01  6.924906e-05  3.712860e-01  
   9.1499996  1.798084e+03  9.687027e-01  6.701826e-05  3.738953e-01  
   9.1599998  1.815361e+03  9.758084e-01  6.473294e-05  3.767825e-01  
   9.1700001  1.832642e+03  9.835166e-01  6.259781e-05  3.798689e-01  
   9.1800003  1.849992e+03  9.916324e-01  6.080015e-05  3.830725e-01  
   9.1899996  1.867509e+03  9.999889e-01  5.949055e-05  3.863245e-01  
   9.1999998  1.885328e+03  1.008486e+00  5.876692e-05  3.895839e-01  
   9.2100000  1.903600e+03  1.017103e+00  5.866635e-05  3.928432e-01  
   9.2200003  1.922496e+03  1.025907e+00  5.916359e-05  3.961314e-01  
   9.2299995  1.942183e+03  1.035032e+00  6.017915e-05  3.995076e-01  
   9.2399998  1.962829e+03  1.044654e+00  6.159552e-05  4.030494e-01  
   9.2500000  1.984575e+03  1.054939e+00  6.327740e-05  4.068328e-01  
   9.2600002  2.007530e+03  1.066003e+00  6.509502e-05  4.109143e-01  
   9.2700005  2.031762e+03  1.077867e+00  6.694500e-05  4.153160e-01  
   9.2799997  2.057283e+03  1.090441e+00  6.876711e-05  4.200133e-01  
   9.2900000  2.084057e+03  1.103514e+00  7.055505e-05  4.249346e-01  
   9.3000002  2.111983e+03  1.116771e+00  7.235857e-05  4.299650e-01  
   9.3100004  2.140915e+03  1.129825e+00  7.428022e-05  4.349599e-01  
   9.3199997  2.170666e+03  1.142268e+00  7.646439e-05  4.397627e-01  
   9.3299999  2.201040e+03  1.153717e+00  7.908171e-05  4.442260e-01  
   9.3400002  2.231831e+03  1.163867e+00  8.230721e-05  4.482297e-01  
   9.3500004  2.262849e+03  1.172537e+00  8.629815e-05  4.517004e-01  
   9.3599997  2.293932e+03  1.179706e+00  9.117123e-05  4.546245e-01  
   9.3699999  2.324963e+03  1.185529e+00  9.698636e-05  4.570575e-01  
   9.3800001  2.355856e+03  1.190336e+00  1.037328e-04  4.591205e-01  
   9.3900003  2.386561e+03  1.194601e+00  1.113289e-04  4.609914e-01  
   9.3999996  2.417059e+03  1.198892e+00  1.196275e-04  4.628843e-01  
   9.4099998  2.447361e+03  1.203796e+00  1.284330e-04  4.650226e-01  
   9.4200001  2.477489e+03  1.209832e+00  1.375144e-04  4.676050e-01  
   9.4300003  2.507480e+03  1.217378e+00  1.466267e-04  4.707768e-01  
   9.4399996  2.537395e+03  1.226614e+00  1.555266e-04  4.746087e-01  
   9.4499998  2.567331e+03  1.237509e+00  1.639911e-04  4.790909e-01  
   9.4600000  2.597424e+03  1.249842e+00  1.718269e-04  4.841408e-01  
   9.4700003  2.627862e+03  1.263263e+00  1.788881e-04  4.896269e-01  
   9.4799995  2.658883e+03  1.277388e+00  1.850901e-04  4.954022e-01  
   9.4899998  2.690763e+03  1.291884e+00  1.904232e-04  5.013404e-01  
   9.5000000  2.723765e+03  1.306534e+00  1.949531e-04  5.073571e-01  
   9.5100002  2.758110e+03  1.321273e+00  1.988177e-04  5.134269e-01  
   9.5200005  2.793934e+03  1.336183e+00  2.022047e-04  5.195791e-01  
   9.5299997  2.831257e+03  1.351450e+00  2.053220e-04  5.258833e-01  
   9.5400000  2.870000e+03  1.367312e+00  2.083655e-04  5.324292e-01  
   9.5500002  2.909978e+03  1.383994e+00  2.114909e-04  5.393022e-01  
   9.5600004  2.950947e+03  1.401670e+00  2.148034e-04  5.465686e-01  
   9.5699997  2.992630e+03  1.420442e+00  2.183645e-04  5.542676e-01  
   9.5799999  3.034766e+03  1.440341e+00  2.222152e-04  5.624138e-01  
   9.5900002  3.077094e+03  1.461337e+00  2.264016e-04  5.709975e-01  
   9.6000004  3.119387e+03  1.483363e+00  2.310004e-04  5.799966e-01  
   9.6099997  3.161429e+03  1.506326e+00  2.361262e-04  5.893785e-01  
   9.6199999  3.203038e+03  1.530127e+00  2.419258e-04  5.991076e-01  
   9.6300001  3.244040e+03  1.554649e+00  2.485499e-04  6.091403e-01  
   9.6400003  3.284285e+03  1.579767e+00  2.561217e-04  6.194279e-01  
   9.6499996  3.323658e+03  1.605337e+00  2.647034e-04  6.299142e-01  
   9.6599998  3.362088e+03  1.631213e+00  2.742768e-04  6.405402e-01  
   9.6700001  3.399541e+03  1.657237e+00  2.847319e-04  6.512406e-01  
   9.6800003  3.436031e+03  1.683251e+00  2.958794e-04  6.619511e-01  
   9.6899996  3.471624e+03  1.709107e+00  3.074735e-04  6.726093e-01  
   9.6999998  3.506438e+03  1.734674e+00  3.192490e-04  6.831594e-01  
   9.7100000  3.540631e+03  1.759823e+00  3.309509e-04  6.935463e-01  
   9.7200003  3.574397e+03  1.784427e+00  3.423718e-04  7.037162e-01  
   9.7299995  3.607962e+03  1.808359e+00  3.533759e-04  7.136138e-01  
   9.7399998  3.641581e+03  1.831490e+00  3.639193e-04  7.231843e-01  
   9.7500000  3.675513e+03  1.853683e+00  3.740497e-04  7.323706e-01  
   9.7600002  3.710016e+03  1.874815e+00  3.839056e-04  7.411222e-01  
   9.7700005  3.745341e+03  1.894793e+00  3.937037e-04  7.494026e-01  
   9.7799997  3.781709e+03  1.913569e+00  4.037191e-04  7.571957e-01  
   9.7900000  3.819317e+03  1.931157e+00  4.142700e-04  7.645123e-01  
   9.8000002  3.858302e+03  1.947628e+00  4.256957e-04  7.713864e-01  
   9.8100004  3.898738e+03  1.963095e+00  4.383569e-04  7.778722e-01  
   9.8199997  3.940606e+03  1.977695e+00  4.526520e-04  7.840319e-01  
   9.8299999  3.983774e+03  1.991561e+00  4.690909e-04  7.899270e-01  
   9.8400002  4.027927e+03  2.004789e+00  4.884268e-04  7.956008e-01  
   9.8500004  4.072503e+03  2.017416e+00  5.119059e-04  8.010719e-01  
   9.8599997  4.116576e+03  2.029390e+00  5.416235e-04  8.063203e-01  
   9.8699999  4.158745e+03  2.040548e+00  5.809783e-04  8.112781e-01  
   9.8800001  4.196964e+03  2.050572e+00  6.350752e-04  8.158117e-01  
   9.8900003  4.228478e+03  2.058965e+00  7.109409e-04  8.197139e-01  
   9.8999996  4.249856e+03  2.065035e+00  8.172643e-04  8.226962e-01  
   9.9099998  4.257237e+03  2.067918e+00  9.635662e-04  8.243998e-01  
   9.9200001  4.246780e+03  2.066650e+00  1.158657e-03  8.244267e-01  
   9.9300003  4.215281e+03  2.060304e+00  1.408878e-03  8.223918e-01  
   9.9399996  4.160783e+03  2.048134e+00  1.716490e-03  8.179881e-01  
   9.9499998  4.082963e+03  2.029714e+00  2.078963e-03  8.110371e-01  
   9.9600000  3.983254e+03  2.005019e+00  2.489001e-03  8.015249e-01  
   9.9700003  3.864573e+03  1.974420e+00  2.935771e-03  7.896000e-01  
   9.9799995  3.730870e+03  1.938621e+00  3.406469e-03  7.755457e-01  
   9.9899998  3.586516e+03  1.898536e+00  3.888166e-03  7.597320e-01  
  10.0000000  3.435881e+03  1.855189e+00  4.368870e-03  7.425737e-01  
