# RiF 1e-20 (cm^2/W)
# 1w RpP RpS RsP RsS
# Gaussian absolute broadening  0.04 [eV]
   0.0100000  2.230524e-07  1.282253e-08  1.729548e-10  8.018276e-09  
   0.0200000  3.017692e-07  1.735807e-08  2.340384e-10  1.085428e-08  
   0.0300000  4.102106e-07  2.361130e-08  3.182105e-10  1.476424e-08  
   0.0400000  5.591489e-07  3.220743e-08  4.338506e-10  2.013901e-08  
   0.0500000  7.625358e-07  4.395774e-08  5.918179e-10  2.748572e-08  
   0.0600000  1.037938e-06  5.988611e-08  8.057963e-10  3.744438e-08  
   0.0700000  1.406801e-06  8.124596e-08  1.092506e-09  5.079841e-08  
   0.0800000  1.894480e-06  1.095242e-07  1.471739e-09  6.847709e-08  
   0.0900000  2.530058e-06  1.464333e-07  1.966225e-09  9.155048e-08  
   0.1000000  3.346038e-06  1.938962e-07  2.601406e-09  1.212201e-07  
   0.1100000  4.378063e-06  2.540333e-07  3.405237e-09  1.588105e-07  
   0.1200000  5.664765e-06  3.291570e-07  4.408075e-09  2.057662e-07  
   0.1300000  7.247799e-06  4.217773e-07  5.642722e-09  2.636543e-07  
   0.1400000  9.171995e-06  5.346155e-07  7.144572e-09  3.341740e-07  
   0.1500000  1.148559e-05  6.706210e-07  8.951792e-09  4.191662e-07  
   0.1600000  1.424040e-05  8.329869e-07  1.110549e-08  5.206243e-07  
   0.1700000  1.749194e-05  1.025164e-06  1.364983e-08  6.407005e-07  
   0.1800000  2.129946e-05  1.250866e-06  1.663207e-08  7.817118e-07  
   0.1900000  2.572592e-05  1.514077e-06  2.010258e-08  9.461431e-07  
   0.2000000  3.083799e-05  1.819060e-06  2.411490e-08  1.136651e-06  
   0.2100000  3.670599e-05  2.170357e-06  2.872565e-08  1.356068e-06  
   0.2200000  4.340391e-05  2.572799e-06  3.399463e-08  1.607404e-06  
   0.2300000  5.100933e-05  3.031514e-06  3.998477e-08  1.893851e-06  
   0.2400000  5.960338e-05  3.551934e-06  4.676216e-08  2.218794e-06  
   0.2500000  6.927088e-05  4.139806e-06  5.439616e-08  2.585810e-06  
   0.2600000  8.010025e-05  4.801198e-06  6.295934e-08  2.998675e-06  
   0.2700000  9.218347e-05  5.542523e-06  7.252758e-08  3.461375e-06  
   0.2800000  1.056160e-04  6.370530e-06  8.317999e-08  3.978112e-06  
   0.2900000  1.204972e-04  7.292333e-06  9.499907e-08  4.553304e-06  
   0.3000000  1.369298e-04  8.315428e-06  1.080709e-07  5.191610e-06  
   0.3100000  1.550201e-04  9.447686e-06  1.224846e-07  5.897918e-06  
   0.3200000  1.748781e-04  1.069739e-05  1.383333e-07  6.677370e-06  
   0.3300000  1.966174e-04  1.207324e-05  1.557132e-07  7.535371e-06  
   0.3400000  2.203551e-04  1.358438e-05  1.747242e-07  8.477580e-06  
   0.3500000  2.462121e-04  1.524038e-05  1.954700e-07  9.509949e-06  
   0.3600000  2.743127e-04  1.705135e-05  2.180577e-07  1.063873e-05  
   0.3700000  3.047847e-04  1.902782e-05  2.425985e-07  1.187044e-05  
   0.3800000  3.377602e-04  2.118089e-05  2.692070e-07  1.321197e-05  
   0.3900000  3.733741e-04  2.352217e-05  2.980018e-07  1.467051e-05  
   0.4000000  4.117653e-04  2.606386e-05  3.291053e-07  1.625359e-05  
   0.4100000  4.530766e-04  2.881874e-05  3.626439e-07  1.796912e-05  
   0.4200000  4.974538e-04  3.180018e-05  3.987481e-07  1.982537e-05  
   0.4300000  5.450472e-04  3.502230e-05  4.375523e-07  2.183105e-05  
   0.4400000  5.960099e-04  3.849976e-05  4.791947e-07  2.399523e-05  
   0.4500000  6.504994e-04  4.224804e-05  5.238186e-07  2.632746e-05  
   0.4600000  7.086767e-04  4.628336e-05  5.715708e-07  2.883773e-05  
   0.4700000  7.707063e-04  5.062267e-05  6.226022e-07  3.153650e-05  
   0.4800000  8.367565e-04  5.528380e-05  6.770687e-07  3.443478e-05  
   0.4900000  9.069998e-04  6.028545e-05  7.351301e-07  3.754408e-05  
   0.5000000  9.816118e-04  6.564723e-05  7.969510e-07  4.087646e-05  
   0.5100000  1.060772e-03  7.138972e-05  8.627002e-07  4.444460e-05  
   0.5200000  1.144665e-03  7.753451e-05  9.325512e-07  4.826178e-05  
   0.5300000  1.233477e-03  8.410427e-05  1.006682e-06  5.234193e-05  
   0.5400000  1.327401e-03  9.112291e-05  1.085276e-06  5.669975e-05  
   0.5500000  1.426630e-03  9.861529e-05  1.168520e-06  6.135053e-05  
   0.5600000  1.531365e-03  1.066078e-04  1.256607e-06  6.631046e-05  
   0.5700000  1.641808e-03  1.151281e-04  1.349734e-06  7.159645e-05  
   0.5800000  1.758169e-03  1.242051e-04  1.448102e-06  7.722638e-05  
   0.5900000  1.880656e-03  1.338695e-04  1.551919e-06  8.321893e-05  
   0.6000000  2.009487e-03  1.441535e-04  1.661397e-06  8.959389e-05  
   0.6100000  2.144882e-03  1.550907e-04  1.776753e-06  9.637191e-05  
   0.6200000  2.287064e-03  1.667169e-04  1.898207e-06  1.035748e-04  
   0.6300000  2.436263e-03  1.790696e-04  2.025988e-06  1.112256e-04  
   0.6400000  2.592713e-03  1.921885e-04  2.160326e-06  1.193484e-04  
   0.6500000  2.756650e-03  2.061152e-04  2.301459e-06  1.279689e-04  
   0.6600000  2.928318e-03  2.208938e-04  2.449628e-06  1.371140e-04  
   0.6700000  3.107962e-03  2.365707e-04  2.605078e-06  1.468119e-04  
   0.6800000  3.295837e-03  2.531951e-04  2.768062e-06  1.570927e-04  
   0.6900000  3.492200e-03  2.708187e-04  2.938834e-06  1.679880e-04  
   0.7000000  3.697310e-03  2.894964e-04  3.117656e-06  1.795314e-04  
   0.7100000  3.911440e-03  3.092863e-04  3.304792e-06  1.917580e-04  
   0.7200000  4.134860e-03  3.302501e-04  3.500515e-06  2.047057e-04  
   0.7300000  4.367849e-03  3.524522e-04  3.705091e-06  2.184138e-04  
   0.7400000  4.610694e-03  3.759620e-04  3.918801e-06  2.329244e-04  
   0.7500000  4.863684e-03  4.008527e-04  4.141926e-06  2.482820e-04  
   0.7600000  5.127117e-03  4.272020e-04  4.374749e-06  2.645340e-04  
   0.7700000  5.401297e-03  4.550923e-04  4.617554e-06  2.817306e-04  
   0.7800000  5.686535e-03  4.846115e-04  4.870631e-06  2.999251e-04  
   0.7900000  5.983150e-03  5.158531e-04  5.134269e-06  3.191747e-04  
   0.8000000  6.291466e-03  5.489163e-04  5.408756e-06  3.395392e-04  
   0.8100000  6.611816e-03  5.839071e-04  5.694380e-06  3.610833e-04  
   0.8200000  6.944542e-03  6.209389e-04  5.991433e-06  3.838759e-04  
   0.8300000  7.289993e-03  6.601327e-04  6.300195e-06  4.079903e-04  
   0.8400000  7.648529e-03  7.016175e-04  6.620950e-06  4.335048e-04  
   0.8500000  8.020523e-03  7.455325e-04  6.953975e-06  4.605041e-04  
   0.8600000  8.406345e-03  7.920250e-04  7.299527e-06  4.890773e-04  
   0.8700000  8.806395e-03  8.412556e-04  7.657868e-06  5.193216e-04  
   0.8800000  9.221072e-03  8.933946e-04  8.029232e-06  5.513409e-04  
   0.8900000  9.650787e-03  9.486274e-04  8.413847e-06  5.852471e-04  
   0.9000000  1.009597e-02  1.007153e-03  8.811902e-06  6.211608e-04  
   0.9100000  1.055708e-02  1.069187e-03  9.223572e-06  6.592128e-04  
   0.9200000  1.103456e-02  1.134962e-03  9.648977e-06  6.995436e-04  
   0.9300000  1.152888e-02  1.204731e-03  1.008820e-05  7.423070e-04  
   0.9400000  1.204054e-02  1.278771e-03  1.054128e-05  7.876699e-04  
   0.9500000  1.257007e-02  1.357380e-03  1.100816e-05  8.358138e-04  
   0.9600000  1.311798e-02  1.440888e-03  1.148873e-05  8.869375e-04  
   0.9700000  1.368484e-02  1.529656e-03  1.198277e-05  9.412602e-04  
   0.9800000  1.427123e-02  1.624081e-03  1.248996e-05  9.990206e-04  
   0.9900000  1.487776e-02  1.724600e-03  1.300987e-05  1.060485e-03  
   1.0000000  1.550507e-02  1.831697e-03  1.354188e-05  1.125946e-03  
   1.0100000  1.615383e-02  1.945910e-03  1.408528e-05  1.195727e-03  
   1.0200000  1.682479e-02  2.067827e-03  1.463910e-05  1.270186e-03  
   1.0300000  1.751868e-02  2.198092e-03  1.520227e-05  1.349712e-03  
   1.0400000  1.823634e-02  2.337403e-03  1.577350e-05  1.434726e-03  
   1.0500000  1.897860e-02  2.486498e-03  1.635140e-05  1.525675e-03  
   1.0599999  1.974636e-02  2.646161e-03  1.693451e-05  1.623032e-03  
   1.0700001  2.054051e-02  2.817217e-03  1.752149e-05  1.727293e-03  
   1.0800000  2.136191e-02  3.000543e-03  1.811119e-05  1.838987e-03  
   1.0900000  2.221143e-02  3.197111e-03  1.870291e-05  1.958700e-03  
   1.1000000  2.308992e-02  3.408035e-03  1.929649e-05  2.087102e-03  
   1.1100000  2.399822e-02  3.634627e-03  1.989248e-05  2.224984e-03  
   1.1200000  2.493725e-02  3.878439e-03  2.049211e-05  2.373282e-03  
   1.1300000  2.590800e-02  4.141266e-03  2.109735e-05  2.533080e-03  
   1.1400000  2.691165e-02  4.425060e-03  2.171088e-05  2.705554e-03  
   1.1500000  2.794958e-02  4.731779e-03  2.233636e-05  2.891887e-03  
   1.1600000  2.902340e-02  5.063150e-03  2.297885e-05  3.093115e-03  
   1.1700000  3.013494e-02  5.420429e-03  2.364587e-05  3.309985e-03  
   1.1799999  3.128615e-02  5.804229e-03  2.434887e-05  3.542854e-03  
   1.1900001  3.247905e-02  6.214514e-03  2.510530e-05  3.791679e-03  
   1.2000000  3.371556e-02  6.650833e-03  2.594057e-05  4.056164e-03  
   1.2100000  3.499744e-02  7.112851e-03  2.688971e-05  4.336076e-03  
   1.2200000  3.632614e-02  7.601088e-03  2.799785e-05  4.631705e-03  
   1.2300000  3.770272e-02  8.117743e-03  2.931871e-05  4.944352e-03  
   1.2400000  3.912786e-02  8.667412e-03  3.091043e-05  5.276780e-03  
   1.2500000  4.060183e-02  9.257451e-03  3.282907e-05  5.633419e-03  
   1.2600000  4.212464e-02  9.897776e-03  3.511973e-05  6.020259e-03  
   1.2700000  4.369625e-02  1.060004e-02  3.780709e-05  6.444330e-03  
   1.2800000  4.531689e-02  1.137613e-02  4.088734e-05  6.912811e-03  
   1.2900000  4.698744e-02  1.223634e-02  4.432414e-05  7.431897e-03  
   1.3000000  4.870990e-02  1.318741e-02  4.805144e-05  8.005635e-03  
   1.3099999  5.048785e-02  1.423107e-02  5.198553e-05  8.635007e-03  
   1.3200001  5.232657e-02  1.536343e-02  5.604796e-05  9.317608e-03  
   1.3300000  5.423308e-02  1.657569e-02  6.019925e-05  1.004802e-02  
   1.3400000  5.621577e-02  1.785637e-02  6.448312e-05  1.081922e-02  
   1.3500000  5.828363e-02  1.919499e-02  6.907740e-05  1.162477e-02  
   1.3600000  6.044501e-02  2.058678e-02  7.434902e-05  1.246166e-02  
   1.3700000  6.270608e-02  2.203797e-02  8.090769e-05  1.333355e-02  
   1.3800000  6.506911e-02  2.357071e-02  8.965401e-05  1.425364e-02  
   1.3900000  6.753062e-02  2.522673e-02  1.018170e-04  1.524699e-02  
   1.4000000  7.008008e-02  2.706910e-02  1.189780e-04  1.635144e-02  
   1.4100000  7.269911e-02  2.918118e-02  1.430766e-04  1.761707e-02  
   1.4200000  7.536217e-02  3.166283e-02  1.763988e-04  1.910381e-02  
   1.4299999  7.803909e-02  3.462364e-02  2.215449e-04  2.087740e-02  
   1.4400001  8.069981e-02  3.817406e-02  2.813757e-04  2.300399e-02  
   1.4500000  8.332185e-02  4.241480e-02  3.589303e-04  2.554378e-02  
   1.4600000  8.590035e-02  4.742639e-02  4.573170e-04  2.854473e-02  
   1.4700000  8.846027e-02  5.325959e-02  5.795539e-04  3.203680e-02  
   1.4800000  9.106980e-02  5.992884e-02  7.283516e-04  3.602808e-02  
   1.4900000  9.385380e-02  6.741083e-02  9.058202e-04  4.050386e-02  
   1.5000000  9.700616e-02  7.565079e-02  1.113093e-03  4.543049e-02  
   1.5100000  1.007989e-01  8.457869e-02  1.349874e-03  5.076507e-02  
   1.5200000  1.055870e-01  9.413876e-02  1.613957e-03  5.647309e-02  
   1.5300000  1.118067e-01  1.043315e-01  1.900779e-03  6.255365e-02  
   1.5400000  1.199654e-01  1.152661e-01  2.203163e-03  6.907061e-02  
   1.5500000  1.306192e-01  1.272145e-01  2.511403e-03  7.618476e-02  
   1.5599999  1.443379e-01  1.406511e-01  2.813949e-03  8.417788e-02  
   1.5700001  1.616545e-01  1.562602e-01  3.098926e-03  9.345664e-02  
   1.5800000  1.830031e-01  1.748872e-01  3.356762e-03  1.045237e-01  
   1.5900000  2.086564e-01  1.974226e-01  3.584147e-03  1.179085e-01  
   1.6000000  2.386746e-01  2.246157e-01  3.789310e-03  1.340560e-01  
   1.6100000  2.728857e-01  2.568383e-01  3.998354e-03  1.531864e-01  
   1.6200000  3.109094e-01  2.938435e-01  4.261873e-03  1.751516e-01  
   1.6300000  3.522240e-01  3.345752e-01  4.660389e-03  1.993217e-01  
   1.6400000  3.962550e-01  3.770904e-01  5.306504e-03  2.245403e-01  
   1.6500000  4.424467e-01  4.186429e-01  6.341216e-03  2.491736e-01  
   1.6600000  4.902674e-01  4.559389e-01  7.921952e-03  2.712637e-01  
   1.6700000  5.391124e-01  4.855467e-01  1.020103e-02  2.887728e-01  
   1.6799999  5.881090e-01  5.043944e-01  1.329540e-02  2.998784e-01  
   1.6900001  6.358675e-01  5.102680e-01  1.725183e-02  3.032697e-01  
   1.7000000  6.802756e-01  5.022164e-01  2.201463e-02  2.983868e-01  
   1.7100000  7.184477e-01  4.807866e-01  2.740608e-02  2.855598e-01  
   1.7200000  7.469125e-01  4.480400e-01  3.312799e-02  2.660168e-01  
   1.7300000  7.620627e-01  4.073485e-01  3.879022e-02  2.417613e-01  
   1.7400000  7.608021e-01  3.630007e-01  4.396453e-02  2.153385e-01  
   1.7500000  7.412479e-01  3.196831e-01  4.825425e-02  1.895257e-01  
   1.7600000  7.033006e-01  2.819070e-01  5.136362e-02  1.669931e-01  
   1.7700000  6.489275e-01  2.534597e-01  5.314953e-02  1.499800e-01  
   1.7800000  5.820668e-01  2.369499e-01  5.364129e-02  1.400258e-01  
   1.7900000  5.081657e-01  2.334961e-01  5.302393e-02  1.377877e-01  
   1.8000000  4.334550e-01  2.425999e-01  5.158983e-02  1.429679e-01  
   1.8099999  3.641214e-01  2.622208e-01  4.967283e-02  1.543590e-01  
   1.8200001  3.055259e-01  2.890472e-01  4.758147e-02  1.700054e-01  
   1.8300000  2.615992e-01  3.189316e-01  4.554687e-02  1.874616e-01  
   1.8400000  2.344534e-01  3.474407e-01  4.369387e-02  2.041168e-01  
   1.8500000  2.242381e-01  3.704362e-01  4.203774e-02  2.175365e-01  
   1.8600000  2.292083e-01  3.846084e-01  4.050238e-02  2.257759e-01  
   1.8700000  2.459879e-01  3.878781e-01  3.895266e-02  2.276161e-01  
   1.8800000  2.700083e-01  3.796117e-01  3.723323e-02  2.226880e-01  
   1.8900000  2.960955e-01  3.606177e-01  3.520615e-02  2.114699e-01  
   1.9000000  3.191582e-01  3.329416e-01  3.278201e-02  1.951649e-01  
   1.9100000  3.348888e-01  2.995009e-01  2.993970e-02  1.754859e-01  
   1.9200000  3.403668e-01  2.636354e-01  2.673264e-02  1.543912e-01  
   1.9299999  3.344478e-01  2.286527e-01  2.328110e-02  1.338181e-01  
   1.9400001  3.178530e-01  1.974457e-01  1.975256e-02  1.154580e-01  
   1.9500000  2.929468e-01  1.722354e-01  1.633563e-02  1.006071e-01  
   1.9600000  2.632524e-01  1.544561e-01  1.321263e-02  9.009924e-02  
   1.9700000  2.328254e-01  1.447821e-01  1.053746e-02  8.432248e-02  
   1.9800000  2.056165e-01  1.432520e-01  8.422041e-03  8.329236e-02  
   1.9900000  1.849460e-01  1.494431e-01  6.932146e-03  8.675476e-02  
   2.0000000  1.731622e-01  1.626473e-01  6.090938e-03  9.428894e-02  
   2.0100000  1.715030e-01  1.820085e-01  5.886641e-03  1.053887e-01  
   2.0200000  1.801357e-01  2.066068e-01  6.281105e-03  1.195122e-01  
   2.0300000  1.983258e-01  2.354911e-01  7.217133e-03  1.361007e-01  
   2.0400000  2.246823e-01  2.676767e-01  8.624213e-03  1.545783e-01  
   2.0500000  2.574292e-01  3.021301e-01  1.042349e-02  1.743430e-01  
   2.0599999  2.946688e-01  3.377576e-01  1.253298e-02  1.947598e-01  
   2.0699999  3.346036e-01  3.734064e-01  1.487343e-02  2.151619e-01  
   2.0799999  3.756931e-01  4.078783e-01  1.737374e-02  2.348588e-01  
   2.0899999  4.167275e-01  4.399540e-01  1.997434e-02  2.531495e-01  
   2.0999999  4.568188e-01  4.684241e-01  2.262679e-02  2.693417e-01  
   2.1099999  4.953270e-01  4.921331e-01  2.528874e-02  2.827755e-01  
   2.1199999  5.317656e-01  5.100370e-01  2.791568e-02  2.928573e-01  
   2.1300001  5.657380e-01  5.212818e-01  3.045241e-02  2.991040e-01  
   2.1400001  5.969423e-01  5.252940e-01  3.282780e-02  3.011941e-01  
   2.1500001  6.252747e-01  5.218720e-01  3.495698e-02  2.990198e-01  
   2.1600001  6.509900e-01  5.112494e-01  3.675101e-02  2.927226e-01  
   2.1700001  6.748682e-01  4.941110e-01  3.813265e-02  2.827015e-01  
   2.1800001  6.983088e-01  4.715450e-01  3.905354e-02  2.695853e-01  
   2.1900001  7.232751e-01  4.449326e-01  3.950651e-02  2.541689e-01  
   2.2000000  7.520565e-01  4.157913e-01  3.952806e-02  2.373240e-01  
   2.2100000  7.868608e-01  3.856036e-01  3.918897e-02  2.199005e-01  
   2.2200000  8.293004e-01  3.556614e-01  3.857492e-02  2.026376e-01  
   2.2300000  8.798747e-01  3.269518e-01  3.776259e-02  1.861000e-01  
   2.2400000  9.375635e-01  3.001043e-01  3.679882e-02  1.706468e-01  
   2.2500000  9.996355e-01  2.753936e-01  3.568913e-02  1.564344e-01  
   2.2600000  1.061747e+00  2.527946e-01  3.439986e-02  1.434478e-01  
   2.2700000  1.118350e+00  2.320710e-01  3.287334e-02  1.315516e-01  
   2.2800000  1.163377e+00  2.128809e-01  3.105251e-02  1.205498e-01  
   2.2900000  1.191091e+00  1.948814e-01  2.890818e-02  1.102459e-01  
   2.3000000  1.196981e+00  1.778159e-01  2.646264e-02  1.004918e-01  
   2.3099999  1.178513e+00  1.615714e-01  2.380436e-02  9.122054e-02  
   2.3199999  1.135609e+00  1.461994e-01  2.109140e-02  8.245807e-02  
   2.3299999  1.070768e+00  1.318974e-01  1.854439e-02  7.431252e-02  
   2.3399999  9.888265e-01  1.189578e-01  1.643125e-02  6.694558e-02  
   2.3499999  8.964365e-01  1.076976e-01  1.504681e-02  6.053279e-02  
   2.3599999  8.013944e-01  9.838413e-02  1.468943e-02  5.522189e-02  
   2.3699999  7.119536e-01  9.117480e-02  1.563558e-02  5.109882e-02  
   2.3800001  6.362053e-01  8.608170e-02  1.811245e-02  4.816815e-02  
   2.3900001  5.815771e-01  8.296893e-02  2.226881e-02  4.635166e-02  
   2.4000001  5.543800e-01  8.157830e-02  2.814684e-02  4.550267e-02  
   2.4100001  5.593938e-01  8.157683e-02  3.565766e-02  4.543293e-02  
   2.4200001  5.994200e-01  8.261088e-02  4.456669e-02  4.594288e-02  
   2.4300001  6.748356e-01  8.435398e-02  5.449385e-02  4.684851e-02  
   2.4400001  7.832235e-01  8.653720e-02  6.493203e-02  4.799834e-02  
   2.4500000  9.192005e-01  8.895734e-02  7.528440e-02  4.927810e-02  
   2.4600000  1.074557e+00  9.146544e-02  8.491723e-02  5.060426e-02  
   2.4700000  1.238779e+00  9.394342e-02  9.322136e-02  5.191116e-02  
   2.4800000  1.399932e+00  9.627914e-02  9.967374e-02  5.313701e-02  
   2.4900000  1.545814e+00  9.834889e-02  1.038902e-01  5.421408e-02  
   2.5000000  1.665214e+00  1.000128e-01  1.056610e-01  5.506606e-02  
   2.5100000  1.749114e+00  1.011249e-01  1.049652e-01  5.561352e-02  
   2.5200000  1.791695e+00  1.015580e-01  1.019633e-01  5.578722e-02  
   2.5300000  1.791061e+00  1.012420e-01  9.697187e-02  5.554914e-02  
   2.5400000  1.749620e+00  1.002162e-01  9.042875e-02  5.492042e-02  
   2.5500000  1.674101e+00  9.868976e-02  8.285678e-02  5.401432e-02  
   2.5599999  1.575127e+00  9.710105e-02  7.483367e-02  5.306774e-02  
   2.5699999  1.466277e+00  9.615378e-02  6.696880e-02  5.246086e-02  
   2.5799999  1.362613e+00  9.680526e-02  5.988301e-02  5.271031e-02  
   2.5899999  1.278738e+00  1.001820e-01  5.418283e-02  5.442364e-02  
   2.5999999  1.226625e+00  1.074153e-01  5.042088e-02  5.821015e-02  
   2.6099999  1.213671e+00  1.194121e-01  4.904009e-02  6.455767e-02  
   2.6199999  1.241433e+00  1.366087e-01  5.030879e-02  7.369936e-02  
   2.6300001  1.305482e+00  1.587676e-01  5.426253e-02  8.550498e-02  
   2.6400001  1.396478e+00  1.848802e-01  6.067128e-02  9.942889e-02  
   2.6500001  1.502300e+00  2.132209e-01  6.904915e-02  1.145405e-01  
   2.6600001  1.610619e+00  2.415473e-01  7.870925e-02  1.296323e-01  
   2.6700001  1.711282e+00  2.674113e-01  8.885439e-02  1.433888e-01  
   2.6800001  1.797855e+00  2.885125e-01  9.868199e-02  1.545765e-01  
   2.6900001  1.868061e+00  3.030160e-01  1.074778e-01  1.622151e-01  
   2.7000000  1.923140e+00  3.097732e-01  1.146783e-01  1.656953e-01  
   2.7100000  1.966519e+00  3.084150e-01  1.198952e-01  1.648276e-01  
   2.7200000  2.002308e+00  2.993159e-01  1.229073e-01  1.598223e-01  
   2.7300000  2.034074e+00  2.834615e-01  1.236379e-01  1.512157e-01  
   2.7400000  2.064201e+00  2.622591e-01  1.221330e-01  1.397689e-01  
   2.7500000  2.093869e+00  2.373334e-01  1.185524e-01  1.263564e-01  
   2.7600000  2.123565e+00  2.103413e-01  1.131729e-01  1.118665e-01  
   2.7700000  2.153842e+00  1.828208e-01  1.063942e-01  9.712131e-02  
   2.7800000  2.186088e+00  1.560839e-01  9.873249e-02  8.281947e-02  
   2.7900000  2.223025e+00  1.311502e-01  9.078840e-02  6.950148e-02  
   2.8000000  2.268756e+00  1.087170e-01  8.318894e-02  5.753488e-02  
   2.8099999  2.328274e+00  8.916284e-02  7.650807e-02  4.711695e-02  
   2.8199999  2.406461e+00  7.257937e-02  7.118355e-02  3.829241e-02  
   2.8299999  2.506770e+00  5.882704e-02  6.744884e-02  3.098359e-02  
   2.8399999  2.629913e+00  4.760666e-02  6.529647e-02  2.502854e-02  
   2.8499999  2.772894e+00  3.853618e-02  6.448232e-02  2.022196e-02  
   2.8599999  2.928748e+00  3.122096e-02  6.456970e-02  1.635222e-02  
   2.8699999  3.087155e+00  2.530722e-02  6.500565e-02  1.322967e-02  
   2.8800001  3.235919e+00  2.051261e-02  6.521374e-02  1.070259e-02  
   2.8900001  3.363031e+00  1.663427e-02  6.468774e-02  8.661512e-03  
   2.9000001  3.458912e+00  1.353755e-02  6.307001e-02  7.033190e-03  
   2.9100001  3.518279e+00  1.113580e-02  6.020231e-02  5.770005e-03  
   2.9200001  3.541214e+00  9.367662e-03  5.614247e-02  4.838040e-03  
   2.9300001  3.533186e+00  8.179318e-03  5.114577e-02  4.207708e-03  
   2.9400001  3.504016e+00  7.514813e-03  4.561675e-02  3.848606e-03  
   2.9500000  3.466039e+00  7.314420e-03  4.004139e-02  3.728572e-03  
   2.9600000  3.431922e+00  7.518590e-03  3.491269e-02  3.815641e-03  
   2.9700000  3.412581e+00  8.073620e-03  3.066201e-02  4.080946e-03  
   2.9800000  3.415626e+00  8.935441e-03  2.760602e-02  4.500664e-03  
   2.9900000  3.444567e+00  1.006907e-02  2.591479e-02  5.055818e-03  
   3.0000000  3.498785e+00  1.144322e-02  2.560231e-02  5.729608e-03  
   3.0100000  3.574167e+00  1.302151e-02  2.653712e-02  6.503027e-03  
   3.0200000  3.664122e+00  1.475294e-02  2.846869e-02  7.350130e-03  
   3.0300000  3.760755e+00  1.656517e-02  3.106452e-02  8.234649e-03  
   3.0400000  3.855950e+00  1.836332e-02  3.395228e-02  9.109429e-03  
   3.0500000  3.942245e+00  2.003618e-02  3.676189e-02  9.919446e-03  
   3.0599999  4.013424e+00  2.146945e-02  3.916325e-02  1.060836e-02  
   3.0699999  4.064893e+00  2.256402e-02  4.089637e-02  1.112747e-02  
   3.0799999  4.093863e+00  2.325543e-02  4.179220e-02  1.144526e-02  
   3.0899999  4.099435e+00  2.352989e-02  4.178357e-02  1.155508e-02  
   3.0999999  4.082627e+00  2.343222e-02  4.090658e-02  1.147905e-02  
   3.1099999  4.046312e+00  2.306321e-02  3.929184e-02  1.126650e-02  
   3.1199999  3.994992e+00  2.256542e-02  3.714583e-02  1.098703e-02  
   3.1300001  3.934354e+00  2.210013e-02  3.472216e-02  1.071916e-02  
   3.1400001  3.870553e+00  2.181979e-02  3.228522e-02  1.053695e-02  
   3.1500001  3.809304e+00  2.184160e-02  3.006947e-02  1.049723e-02  
   3.1600001  3.754962e+00  2.222783e-02  2.824291e-02  1.063018e-02  
   3.1700001  3.709773e+00  2.297601e-02  2.688103e-02  1.093481e-02  
   3.1800001  3.673572e+00  2.402065e-02  2.595832e-02  1.137998e-02  
   3.1900001  3.643986e+00  2.524481e-02  2.535966e-02  1.191020e-02  
   3.2000000  3.617157e+00  2.649906e-02  2.490890e-02  1.245480e-02  
   3.2100000  3.588834e+00  2.762371e-02  2.440833e-02  1.293867e-02  
   3.2200000  3.555536e+00  2.847096e-02  2.367944e-02  1.329276e-02  
   3.2300000  3.515565e+00  2.892394e-02  2.259654e-02  1.346297e-02  
   3.2400000  3.469639e+00  2.891083e-02  2.110695e-02  1.341660e-02  
   3.2500000  3.420986e+00  2.841303e-02  1.923503e-02  1.314584e-02  
   3.2600000  3.374924e+00  2.746704e-02  1.707179e-02  1.266843e-02  
   3.2700000  3.338025e+00  2.616036e-02  1.475376e-02  1.202539e-02  
   3.2800000  3.317003e+00  2.462177e-02  1.243682e-02  1.127629e-02  
   3.2900000  3.317561e+00  2.300697e-02  1.027049e-02  1.049252e-02  
   3.3000000  3.343379e+00  2.148075e-02  8.377058e-03  9.749101e-03  
   3.3099999  3.395428e+00  2.019766e-02  6.838395e-03  9.115928e-03  
   3.3199999  3.471648e+00  1.928343e-02  5.691510e-03  8.649551e-03  
   3.3299999  3.567086e+00  1.882017e-02  4.931724e-03  8.386682e-03  
   3.3399999  3.674353e+00  1.883776e-02  4.521377e-03  8.340591e-03  
   3.3499999  3.784413e+00  1.931362e-02  4.401022e-03  8.501204e-03  
   3.3599999  3.887497e+00  2.018129e-02  4.500245e-03  8.839102e-03  
   3.3699999  3.974110e+00  2.134667e-02  4.746057e-03  9.312784e-03  
   3.3800001  4.035999e+00  2.270886e-02  5.068164e-03  9.877918e-03  
   3.3900001  4.067004e+00  2.418113e-02  5.401586e-03  1.049655e-02  
   3.4000001  4.063738e+00  2.570781e-02  5.688174e-03  1.114441e-02  
   3.4100001  4.026007e+00  2.727244e-02  5.878354e-03  1.181450e-02  
   3.4200001  3.956931e+00  2.889607e-02  5.934006e-03  1.251614e-02  
   3.4300001  3.862720e+00  3.062574e-02  5.832229e-03  1.326996e-02  
   3.4400001  3.752115e+00  3.251673e-02  5.568909e-03  1.410003e-02  
   3.4500000  3.635565e+00  3.461298e-02  5.160564e-03  1.502534e-02  
   3.4600000  3.524227e+00  3.693109e-02  4.643464e-03  1.605273e-02  
   3.4700000  3.428959e+00  3.945116e-02  4.069768e-03  1.717286e-02  
   3.4800000  3.359423e+00  4.211626e-02  3.501597e-03  1.836002e-02  
   3.4900000  3.323412e+00  4.483956e-02  3.004479e-03  1.957516e-02  
   3.5000000  3.326425e+00  4.751615e-02  2.641856e-03  2.077119e-02  
   3.5100000  3.371500e+00  5.003613e-02  2.471763e-03  2.189872e-02  
   3.5200000  3.459234e+00  5.229610e-02  2.546097e-03  2.291119e-02  
   3.5300000  3.587928e+00  5.420704e-02  2.911965e-03  2.376846e-02  
   3.5400000  3.753828e+00  5.569882e-02  3.614106e-03  2.443888e-02  
   3.5500000  3.951411e+00  5.672172e-02  4.697138e-03  2.490002e-02  
   3.5599999  4.173697e+00  5.724640e-02  6.206600e-03  2.513869e-02  
   3.5699999  4.412559e+00  5.726289e-02  8.188250e-03  2.515053e-02  
   3.5799999  4.658985e+00  5.677865e-02  1.068580e-02  2.493904e-02  
   3.5899999  4.903274e+00  5.581513e-02  1.373790e-02  2.451407e-02  
   3.5999999  5.135165e+00  5.440284e-02  1.737570e-02  2.388963e-02  
   3.6099999  5.343961e+00  5.257539e-02  2.162241e-02  2.308118e-02  
   3.6199999  5.518740e+00  5.036463e-02  2.649589e-02  2.210341e-02  
   3.6300001  5.648814e+00  4.779809e-02  3.201431e-02  2.096915e-02  
   3.6400001  5.724504e+00  4.490194e-02  3.820290e-02  1.969057e-02  
   3.6500001  5.738330e+00  4.170800e-02  4.510159e-02  1.828219e-02  
   3.6600001  5.686460e+00  3.826453e-02  5.276869e-02  1.676566e-02  
   3.6700001  5.570222e+00  3.464724e-02  6.128137e-02  1.517442e-02  
   3.6800001  5.397387e+00  3.096685e-02  7.073353e-02  1.355713e-02  
   3.6900001  5.182829e+00  2.737064e-02  8.123439e-02  1.197829e-02  
   3.7000000  4.948278e+00  2.403638e-02  9.291165e-02  1.051560e-02  
   3.7100000  4.721007e+00  2.115886e-02  1.059208e-01  9.254132e-03  
   3.7200000  4.531466e+00  1.893027e-02  1.204557e-01  8.277778e-03  
   3.7300000  4.410082e+00  1.751714e-02  1.367499e-01  7.659175e-03  
   3.7400000  4.383619e+00  1.703741e-02  1.550516e-01  7.449727e-03  
   3.7500000  4.471494e+00  1.754239e-02  1.755581e-01  7.671720e-03  
   3.7600000  4.682562e+00  1.900904e-02  1.983051e-01  8.314945e-03  
   3.7700000  5.012765e+00  2.134679e-02  2.230252e-01  9.339666e-03  
   3.7800000  5.444079e+00  2.442005e-02  2.490101e-01  1.068644e-02  
   3.7900000  5.945108e+00  2.808222e-02  2.750295e-01  1.229097e-02  
   3.8000000  6.473646e+00  3.221146e-02  2.993597e-01  1.409974e-02  
   3.8099999  6.981254e+00  3.673547e-02  3.199571e-01  1.608083e-02  
   3.8199999  7.419575e+00  4.163363e-02  3.347737e-01  1.822487e-02  
   3.8299999  7.747533e+00  4.691144e-02  3.421617e-01  2.053387e-02  
   3.8399999  7.938041e+00  5.255226e-02  3.412732e-01  2.300016e-02  
   3.8499999  7.982622e+00  5.846071e-02  3.323365e-01  2.558169e-02  
   3.8599999  7.892520e+00  6.441758e-02  3.167125e-01  2.818233e-02  
   3.8699999  7.695706e+00  7.006512e-02  2.966852e-01  3.064555e-02  
   3.8800001  7.430269e+00  7.493359e-02  2.750173e-01  3.276609e-02  
   3.8900001  7.135919e+00  7.850751e-02  2.543828e-01  3.431886e-02  
   3.9000001  6.845804e+00  8.032002e-02  2.368213e-01  3.510027e-02  
   3.9100001  6.580949e+00  8.005085e-02  2.233714e-01  3.497095e-02  
   3.9200001  6.348518e+00  7.760473e-02  2.139710e-01  3.388995e-02  
   3.9300001  6.143944e+00  7.314787e-02  2.076370e-01  3.193050e-02  
   3.9400001  5.955679e+00  6.709183e-02  2.028459e-01  2.927282e-02  
   3.9500000  5.770701e+00  6.002577e-02  1.979865e-01  2.617455e-02  
   3.9600000  5.579083e+00  5.261344e-02  1.917488e-01  2.292558e-02  
   3.9700000  5.376519e+00  4.547797e-02  1.833533e-01  1.979798e-02  
   3.9800000  5.164679e+00  3.910271e-02  1.725952e-01  1.700269e-02  
   3.9900000  4.949943e+00  3.376892e-02  1.597379e-01  1.466256e-02  
   4.0000000  4.741355e+00  2.954196e-02  1.453320e-01  1.280632e-02  
   4.0100002  4.548504e+00  2.630319e-02  1.300362e-01  1.138261e-02  
   4.0200000  4.379789e+00  2.381484e-02  1.144939e-01  1.028820e-02  
   4.0300002  4.241106e+00  2.179673e-02  9.927163e-02  9.401321e-03  
   4.0400000  4.135126e+00  1.999731e-02  8.485579e-02  8.612524e-03  
   4.0500002  4.060949e+00  1.824106e-02  7.165558e-02  7.845183e-03  
   4.0599999  4.014434e+00  1.644880e-02  6.000690e-02  7.064301e-03  
   4.0700002  3.989041e+00  1.462950e-02  5.014614e-02  6.272957e-03  
   4.0799999  3.977272e+00  1.285494e-02  4.218204e-02  5.501310e-03  
   4.0900002  3.972320e+00  1.122551e-02  3.606611e-02  4.791821e-03  
   4.0999999  3.969637e+00  9.840879e-03  3.159494e-02  4.186549e-03  
   4.1100001  3.967916e+00  8.780178e-03  2.843899e-02  3.718516e-03  
   4.1199999  3.969296e+00  8.096300e-03  2.620309e-02  3.409189e-03  
   4.1300001  3.978649e+00  7.819839e-03  2.449545e-02  3.270097e-03  
   4.1399999  4.002214e+00  7.968397e-03  2.299191e-02  3.306854e-03  
   4.1500001  4.045884e+00  8.553717e-03  2.147650e-02  3.522344e-03  
   4.1599998  4.113586e+00  9.582065e-03  1.985369e-02  3.917183e-03  
   4.1700001  4.206154e+00  1.104643e-02  1.813233e-02  4.486815e-03  
   4.1799998  4.320843e+00  1.291191e-02  1.639223e-02  5.215799e-03  
   4.1900001  4.451643e+00  1.510101e-02  1.474254e-02  6.072015e-03  
   4.1999998  4.590155e+00  1.748329e-02  1.328544e-02  7.002654e-03  
   4.2100000  4.726935e+00  1.987801e-02  1.208961e-02  7.935326e-03  
   4.2199998  4.852818e+00  2.206924e-02  1.117891e-02  8.784182e-03  
   4.2300000  4.960126e+00  2.383571e-02  1.053325e-02  9.461830e-03  
   4.2399998  5.043358e+00  2.498663e-02  1.010029e-02  9.893469e-03  
   4.2500000  5.099425e+00  2.539814e-02  9.811981e-03  1.003121e-02  
   4.2600002  5.127354e+00  2.503973e-02  9.602602e-03  9.864163e-03  
   4.2700000  5.127763e+00  2.398530e-02  9.423248e-03  9.422496e-03  
   4.2800002  5.102254e+00  2.240549e-02  9.250230e-03  8.773939e-03  
   4.2900000  5.053053e+00  2.054427e-02  9.085692e-03  8.014224e-03  
   4.3000002  4.982953e+00  1.868387e-02  8.950771e-03  7.253066e-03  
   4.3099999  4.895662e+00  1.710821e-02  8.873972e-03  6.599742e-03  
   4.3200002  4.796276e+00  1.606967e-02  8.878572e-03  6.150112e-03  
   4.3299999  4.691775e+00  1.576673e-02  8.973676e-03  5.978138e-03  
   4.3400002  4.591108e+00  1.633247e-02  9.152230e-03  6.131692e-03  
   4.3499999  4.504825e+00  1.783334e-02  9.397217e-03  6.632569e-03  
   4.3600001  4.444067e+00  2.027392e-02  9.694429e-03  7.478870e-03  
   4.3699999  4.419151e+00  2.360196e-02  1.004761e-02  8.647617e-03  
   4.3800001  4.437905e+00  2.771217e-02  1.049107e-02  1.009691e-02  
   4.3899999  4.504183e+00  3.244459e-02  1.109452e-02  1.176602e-02  
   4.4000001  4.616849e+00  3.758487e-02  1.195780e-02  1.357592e-02  
   4.4099998  4.769512e+00  4.286558e-02  1.319444e-02  1.543005e-02  
   4.4200001  4.951205e+00  4.798056e-02  1.490742e-02  1.721937e-02  
   4.4299998  5.147828e+00  5.260783e-02  1.716072e-02  1.883043e-02  
   4.4400001  5.344369e+00  5.644729e-02  1.995476e-02  2.015841e-02  
   4.4499998  5.527308e+00  5.925952e-02  2.320964e-02  2.112062e-02  
   4.4600000  5.687019e+00  6.090299e-02  2.676517e-02  2.166921e-02  
   4.4699998  5.819509e+00  6.135470e-02  3.039607e-02  2.179828e-02  
   4.4800000  5.927397e+00  6.071213e-02  3.384548e-02  2.154417e-02  
   4.4899998  6.019732e+00  5.917311e-02  3.686558e-02  2.097825e-02  
   4.5000000  6.110913e+00  5.699882e-02  3.926058e-02  2.019373e-02  
   4.5100002  6.218822e+00  5.446953e-02  4.091655e-02  1.929005e-02  
   4.5200000  6.362612e+00  5.184116e-02  4.181445e-02  1.835753e-02  
   4.5300002  6.560576e+00  4.931111e-02  4.202208e-02  1.746550e-02  
   4.5400000  6.828300e+00  4.700020e-02  4.167081e-02  1.665594e-02  
   4.5500002  7.177431e+00  4.494809e-02  4.092829e-02  1.594197e-02  
   4.5599999  7.614796e+00  4.312449e-02  3.997794e-02  1.531188e-02  
   4.5700002  8.142259e+00  4.144796e-02  3.901264e-02  1.473584e-02  
   4.5799999  8.756820e+00  3.981104e-02  3.824298e-02  1.417478e-02  
   4.5900002  9.451688e+00  3.810388e-02  3.791010e-02  1.358881e-02  
   4.5999999  1.021775e+01  3.623571e-02  3.829110e-02  1.294485e-02  
   4.6100001  1.104633e+01  3.414873e-02  3.968292e-02  1.222157e-02  
   4.6199999  1.193199e+01  3.182675e-02  4.235908e-02  1.141257e-02  
   4.6300001  1.287591e+01  2.929593e-02  4.650496e-02  1.052666e-02  
   4.6399999  1.388770e+01  2.662235e-02  5.214472e-02  9.587177e-03  
   4.6500001  1.498630e+01  2.390490e-02  5.908582e-02  8.629568e-03  
   4.6599998  1.619786e+01  2.126962e-02  6.689599e-02  7.699514e-03  
   4.6700001  1.755232e+01  1.886297e-02  7.493453e-02  6.850718e-03  
   4.6799998  1.907803e+01  1.684958e-02  8.242744e-02  6.144269e-03  
   4.6900001  2.079708e+01  1.541028e-02  8.858494e-02  5.648069e-03  
   4.6999998  2.272109e+01  1.474263e-02  9.272630e-02  5.437143e-03  
   4.7100000  2.485005e+01  1.505829e-02  9.439471e-02  5.592661e-03  
   4.7199998  2.717233e+01  1.657505e-02  9.343015e-02  6.198913e-03  
   4.7300000  2.966777e+01  1.949927e-02  8.999026e-02  7.336585e-03  
   4.7399998  3.231002e+01  2.399574e-02  8.451441e-02  9.071194e-03  
   4.7500000  3.507056e+01  3.014933e-02  7.763852e-02  1.143833e-02  
   4.7600002  3.792027e+01  3.792033e-02  7.008481e-02  1.442641e-02  
   4.7700000  4.083145e+01  4.710807e-02  6.254447e-02  1.796245e-02  
   4.7800002  4.377954e+01  5.733491e-02  5.557925e-02  2.190550e-02  
   4.7900000  4.674323e+01  6.805404e-02  4.956407e-02  2.604913e-02  
   4.8000002  4.970641e+01  7.859697e-02  4.467082e-02  3.013903e-02  
   4.8099999  5.265752e+01  8.824055e-02  4.090169e-02  3.389831e-02  
   4.8200002  5.558978e+01  9.629608e-02  3.815119e-02  3.706134e-02  
   4.8299999  5.849773e+01  1.021879e-01  3.628620e-02  3.940393e-02  
   4.8400002  6.137431e+01  1.055186e-01  3.521673e-02  4.076863e-02  
   4.8499999  6.420538e+01  1.061003e-01  3.494464e-02  4.107727e-02  
   4.8600001  6.696678e+01  1.039572e-01  3.557516e-02  4.033281e-02  
   4.8699999  6.962170e+01  9.930377e-02  3.729169e-02  3.861142e-02  
   4.8800001  7.212300e+01  9.250518e-02  4.030125e-02  3.604847e-02  
   4.8899999  7.441690e+01  8.403659e-02  4.476547e-02  3.282318e-02  
   4.9000001  7.645018e+01  7.443670e-02  5.073982e-02  2.914138e-02  
   4.9099998  7.817612e+01  6.426954e-02  5.813567e-02  2.522091e-02  
   4.9200001  7.956028e+01  5.408051e-02  6.672553e-02  2.127457e-02  
   4.9299998  8.058166e+01  4.436107e-02  7.618635e-02  1.749605e-02  
   4.9400001  8.123177e+01  3.550931e-02  8.618315e-02  1.404396e-02  
   4.9499998  8.151029e+01  2.780562e-02  9.646078e-02  1.103159e-02  
   4.9600000  8.142043e+01  2.139464e-02  1.069304e-01  8.519166e-03  
   4.9699998  8.096514e+01  1.629064e-02  1.177084e-01  6.515243e-03  
   4.9800000  8.014582e+01  1.239493e-02  1.291030e-01  4.983260e-03  
   4.9899998  7.896450e+01  9.531640e-03  1.415282e-01  3.855437e-03  
   5.0000000  7.742770e+01  7.486357e-03  1.553772e-01  3.048140e-03  
   5.0100002  7.555192e+01  6.045481e-03  1.708689e-01  2.477614e-03  
   5.0200000  7.336762e+01  5.024510e-03  1.879250e-01  2.071424e-03  
   5.0300002  7.092046e+01  4.283383e-03  2.061135e-01  1.774691e-03  
   5.0400000  6.827050e+01  3.728648e-03  2.246737e-01  1.551013e-03  
   5.0500002  6.548717e+01  3.304851e-03  2.426454e-01  1.379026e-03  
   5.0599999  6.264463e+01  2.981715e-03  2.590488e-01  1.247224e-03  
   5.0700002  5.981528e+01  2.741330e-03  2.730970e-01  1.148803e-03  
   5.0799999  5.706654e+01  2.569731e-03  2.843557e-01  1.078297e-03  
   5.0900002  5.445739e+01  2.453633e-03  2.928281e-01  1.030329e-03  
   5.0999999  5.203867e+01  2.381879e-03  2.989177e-01  1.000289e-03  
   5.1100001  4.985239e+01  2.349189e-03  3.032944e-01  9.859318e-04  
   5.1199999  4.793307e+01  2.359902e-03  3.066832e-01  9.889465e-04  
   5.1300001  4.630716e+01  2.429674e-03  3.096452e-01  1.015651e-03  
   5.1399999  4.499353e+01  2.584176e-03  3.124018e-01  1.076431e-03  
   5.1500001  4.400248e+01  2.854969e-03  3.147560e-01  1.184005e-03  
   5.1599998  4.333627e+01  3.273388e-03  3.161280e-01  1.350876e-03  
   5.1700001  4.298919e+01  3.864181e-03  3.156967e-01  1.586710e-03  
   5.1799998  4.294923e+01  4.639897e-03  3.126103e-01  1.896082e-03  
   5.1900001  4.319927e+01  5.597820e-03  3.062077e-01  2.277300e-03  
   5.1999998  4.371859e+01  6.718965e-03  2.961995e-01  2.722125e-03  
   5.2100000  4.448355e+01  7.970095e-03  2.827557e-01  3.216731e-03  
   5.2199998  4.546753e+01  9.306574e-03  2.664922e-01  3.743002e-03  
   5.2300000  4.664041e+01  1.067685e-02  2.483490e-01  4.280431e-03  
   5.2399998  4.796798e+01  1.202593e-02  2.294152e-01  4.807541e-03  
   5.2500000  4.941255e+01  1.329946e-02  2.107250e-01  5.303451e-03  
   5.2600002  5.093438e+01  1.444650e-02  1.931007e-01  5.748854e-03  
   5.2700000  5.249530e+01  1.542275e-02  1.770546e-01  6.127156e-03  
   5.2800002  5.406311e+01  1.619389e-02  1.627731e-01  6.425609e-03  
   5.2900000  5.561537e+01  1.673849e-02  1.501765e-01  6.636361e-03  
   5.3000002  5.714259e+01  1.705152e-02  1.390098e-01  6.757771e-03  
   5.3099999  5.864775e+01  1.714710e-02  1.289559e-01  6.795521e-03  
   5.3200002  6.014413e+01  1.706164e-02  1.197254e-01  6.763932e-03  
   5.3299999  6.165025e+01  1.685715e-02  1.111312e-01  6.687384e-03  
   5.3400002  6.318586e+01  1.662501e-02  1.031281e-01  6.601942e-03  
   5.3499999  6.476893e+01  1.648949e-02  9.583661e-02  6.556855e-03  
   5.3600001  6.641668e+01  1.660835e-02  8.953376e-02  6.614862e-03  
   5.3699999  6.814868e+01  1.716726e-02  8.462095e-02  6.849972e-03  
   5.3800001  6.999213e+01  1.836431e-02  8.155231e-02  7.341275e-03  
   5.3899999  7.198487e+01  2.038247e-02  8.073632e-02  8.161860e-03  
   5.4000001  7.417599e+01  2.335236e-02  8.241799e-02  9.363880e-03  
   5.4099998  7.662041e+01  2.730946e-02  8.657458e-02  1.096135e-02  
   5.4200001  7.937117e+01  3.215836e-02  9.285457e-02  1.291584e-02  
   5.4299998  8.246825e+01  3.765092e-02  1.005845e-01  1.512764e-02  
   5.4400001  8.593082e+01  4.339409e-02  1.088555e-01  1.743898e-02  
   5.4499998  8.975120e+01  4.888498e-02  1.166675e-01  1.964804e-02  
   5.4600000  9.389645e+01  5.357888e-02  1.231034e-01  2.153629e-02  
   5.4699998  9.831284e+01  5.697163e-02  1.274799e-01  2.290151e-02  
   5.4800000  1.029368e+02  5.868744e-02  1.294450e-01  2.359307e-02  
   5.4899998  1.077039e+02  5.854712e-02  1.289914e-01  2.353927e-02  
   5.5000000  1.125607e+02  5.660501e-02  1.263950e-01  2.276222e-02  
   5.5100002  1.174704e+02  5.314333e-02  1.221003e-01  2.137562e-02  
   5.5200000  1.224159e+02  4.862576e-02  1.165900e-01  1.956617e-02  
   5.5300002  1.274001e+02  4.361891e-02  1.102770e-01  1.756203e-02  
   5.5400000  1.324391e+02  3.870156e-02  1.034469e-01  1.559644e-02  
   5.5500002  1.375557e+02  3.437470e-02  9.625209e-02  1.387139e-02  
   5.5599999  1.427691e+02  3.099489e-02  8.875661e-02  1.253078e-02  
   5.5700002  1.480887e+02  2.873405e-02  8.099770e-02  1.164405e-02  
   5.5799999  1.535073e+02  2.757530e-02  7.305095e-02  1.120424e-02  
   5.5900002  1.590035e+02  2.733669e-02  6.506784e-02  1.113744e-02  
   5.5999999  1.645452e+02  2.771925e-02  5.729011e-02  1.132194e-02  
   5.6100001  1.701016e+02  2.836768e-02  5.003146e-02  1.161295e-02  
   5.6199999  1.756523e+02  2.893519e-02  4.364829e-02  1.186881e-02  
   5.6300001  1.811979e+02  2.914226e-02  3.849894e-02  1.197521e-02  
   5.6399999  1.867607e+02  2.882108e-02  3.490921e-02  1.186356e-02  
   5.6500001  1.923810e+02  2.793917e-02  3.313789e-02  1.152088e-02  
   5.6599998  1.981035e+02  2.659865e-02  3.334939e-02  1.098978e-02  
   5.6700001  2.039644e+02  2.501097e-02  3.558767e-02  1.035826e-02  
   5.6799998  2.099764e+02  2.345385e-02  3.975622e-02  9.741996e-03  
   5.6900001  2.161228e+02  2.221783e-02  4.560982e-02  9.262326e-03  
   5.6999998  2.223562e+02  2.155672e-02  5.276173e-02  9.025662e-03  
   5.7100000  2.286070e+02  2.165027e-02  6.071715e-02  9.108000e-03  
   5.7199998  2.347897e+02  2.258809e-02  6.892336e-02  9.548098e-03  
   5.7300000  2.408120e+02  2.437458e-02  7.683829e-02  1.034945e-02  
   5.7399998  2.465733e+02  2.695018e-02  8.399143e-02  1.148897e-02  
   5.7500000  2.519613e+02  3.022142e-02  9.003340e-02  1.292932e-02  
   5.7600002  2.568408e+02  3.408821e-02  9.475186e-02  1.463013e-02  
   5.7700000  2.610451e+02  3.846379e-02  9.806141e-02  1.655597e-02  
   5.7800002  2.643744e+02  4.328346e-02  9.997112e-02  1.867987e-02  
   5.7900000  2.666039e+02  4.850089e-02  1.005453e-01  2.098144e-02  
   5.8000002  2.675063e+02  5.408039e-02  9.987584e-02  2.344359e-02  
   5.8099999  2.668854e+02  5.998234e-02  9.807447e-02  2.604628e-02  
   5.8200002  2.646143e+02  6.615262e-02  9.528508e-02  2.876233e-02  
   5.8299999  2.606723e+02  7.250973e-02  9.171075e-02  3.155205e-02  
   5.8400002  2.551688e+02  7.893942e-02  8.763863e-02  3.436146e-02  
   5.8499999  2.483520e+02  8.528903e-02  8.345448e-02  3.712036e-02  
   5.8600001  2.405939e+02  9.137221e-02  7.963412e-02  3.974497e-02  
   5.8699999  2.323587e+02  9.697495e-02  7.671539e-02  4.214100e-02  
   5.8800001  2.241505e+02  1.018721e-01  7.524908e-02  4.421133e-02  
   5.8899999  2.164599e+02  1.058435e-01  7.574161e-02  4.586316e-02  
   5.9000001  2.097041e+02  1.086940e-01  7.859369e-02  4.701667e-02  
   5.9099998  2.041844e+02  1.102693e-01  8.404532e-02  4.761139e-02  
   5.9200001  2.000548e+02  1.104714e-01  9.213594e-02  4.761199e-02  
   5.9299998  1.973182e+02  1.092704e-01  1.026832e-01  4.701268e-02  
   5.9400001  1.958406e+02  1.067177e-01  1.152961e-01  4.584158e-02  
   5.9499998  1.953879e+02  1.029593e-01  1.294166e-01  4.416575e-02  
   5.9600000  1.956714e+02  9.824491e-02  1.444086e-01  4.209445e-02  
   5.9699998  1.963969e+02  9.293070e-02  1.596705e-01  3.978037e-02  
   5.9800000  1.973060e+02  8.746430e-02  1.747815e-01  3.741341e-02  
   5.9899998  1.982035e+02  8.235460e-02  1.896350e-01  3.520827e-02  
   6.0000000  1.989691e+02  7.812060e-02  2.045521e-01  3.338335e-02  
   6.0100002  1.995538e+02  7.523552e-02  2.203202e-01  3.213737e-02  
   6.0200000  1.999672e+02  7.407066e-02  2.381483e-01  3.162587e-02  
   6.0300002  2.002596e+02  7.485517e-02  2.595241e-01  3.194435e-02  
   6.0400000  2.005047e+02  7.765792e-02  2.859752e-01  3.312051e-02  
   6.0500002  2.007856e+02  8.239135e-02  3.187987e-01  3.511606e-02  
   6.0599999  2.011834e+02  8.883133e-02  3.587820e-01  3.783508e-02  
   6.0700002  2.017698e+02  9.664755e-02  4.060141e-01  4.113695e-02  
   6.0799999  2.025992e+02  1.054304e-01  4.597854e-01  4.484777e-02  
   6.0900002  2.037034e+02  1.147188e-01  5.186495e-01  4.877204e-02  
   6.0999999  2.050859e+02  1.240178e-01  5.805680e-01  5.270030e-02  
   6.1100001  2.067204e+02  1.328224e-01  6.431646e-01  5.641894e-02  
   6.1199999  2.085515e+02  1.406382e-01  7.039499e-01  5.971886e-02  
   6.1300001  2.105002e+02  1.470149e-01  7.605551e-01  6.240987e-02  
   6.1399999  2.124736e+02  1.515832e-01  8.108516e-01  6.433599e-02  
   6.1500001  2.143750e+02  1.541014e-01  8.530437e-01  6.539567e-02  
   6.1599998  2.161157e+02  1.545022e-01  8.856785e-01  6.556133e-02  
   6.1700001  2.176241e+02  1.529334e-01  9.076724e-01  6.489696e-02  
   6.1799998  2.188531e+02  1.497817e-01  9.183285e-01  6.356837e-02  
   6.1900001  2.197848e+02  1.456665e-01  9.173943e-01  6.184011e-02  
   6.1999998  2.204332e+02  1.413944e-01  9.051153e-01  6.005655e-02  
   6.2100000  2.208463e+02  1.378684e-01  8.822699e-01  5.860300e-02  
   6.2199998  2.211052e+02  1.359634e-01  8.501454e-01  5.785253e-02  
   6.2300000  2.213211e+02  1.363810e-01  8.104250e-01  5.810455e-02  
   6.2399998  2.216288e+02  1.395191e-01  7.650118e-01  5.952882e-02  
   6.2500000  2.221759e+02  1.453828e-01  7.157874e-01  6.212776e-02  
   6.2600002  2.231065e+02  1.535630e-01  6.644055e-01  6.572691e-02  
   6.2700000  2.245438e+02  1.632924e-01  6.121322e-01  6.999899e-02  
   6.2800002  2.265713e+02  1.735723e-01  5.597915e-01  7.451769e-02  
   6.2900000  2.292177e+02  1.833381e-01  5.078532e-01  7.882787e-02  
   6.3000002  2.324476e+02  1.916359e-01  4.565769e-01  8.252127e-02  
   6.3099999  2.361594e+02  1.977639e-01  4.062373e-01  8.529661e-02  
   6.3200002  2.401950e+02  2.013631e-01  3.572960e-01  8.699867e-02  
   6.3299999  2.443562e+02  2.024355e-01  3.105424e-01  8.762623e-02  
   6.3400002  2.484321e+02  2.013029e-01  2.670968e-01  8.731508e-02  
   6.3499999  2.522293e+02  1.985204e-01  2.283471e-01  8.630107e-02  
   6.3600001  2.556040e+02  1.947663e-01  1.957646e-01  8.487368e-02  
   6.3699999  2.584863e+02  1.907322e-01  1.707023e-01  8.332928e-02  
   6.3800001  2.608936e+02  1.870266e-01  1.541548e-01  8.192958e-02  
   6.3899999  2.629256e+02  1.841034e-01  1.465776e-01  8.087091e-02  
   6.4000001  2.647422e+02  1.822141e-01  1.477641e-01  8.026336e-02  
   6.4099998  2.665245e+02  1.813933e-01  1.568404e-01  8.012351e-02  
   6.4200001  2.684280e+02  1.814700e-01  1.723818e-01  8.037879e-02  
   6.4299998  2.705345e+02  1.821090e-01  1.926473e-01  8.088462e-02  
   6.4400001  2.728154e+02  1.828755e-01  2.159095e-01  8.145162e-02  
   6.4499998  2.751108e+02  1.833115e-01  2.408025e-01  8.187882e-02  
   6.4600000  2.771331e+02  1.830119e-01  2.666424e-01  8.198659e-02  
   6.4699998  2.784898e+02  1.816814e-01  2.936115e-01  8.164141e-02  
   6.4800000  2.787278e+02  1.791607e-01  3.227952e-01  8.076797e-02  
   6.4899998  2.773862e+02  1.754210e-01  3.560142e-01  7.934631e-02  
   6.5000000  2.740555e+02  1.705263e-01  3.955279e-01  7.739659e-02  
   6.5100002  2.684282e+02  1.645878e-01  4.436348e-01  7.495875e-02  
   6.5200000  2.603379e+02  1.577184e-01  5.022997e-01  7.207377e-02  
   6.5300002  2.497753e+02  1.500063e-01  5.728846e-01  6.877284e-02  
   6.5400000  2.368912e+02  1.415174e-01  6.559942e-01  6.507950e-02  
   6.5500002  2.219744e+02  1.323152e-01  7.514991e-01  6.101940e-02  
   6.5599999  2.054322e+02  1.225013e-01  8.585548e-01  5.663908e-02  
   6.5700002  1.877624e+02  1.122501e-01  9.756405e-01  5.202185e-02  
   6.5799999  1.695449e+02  1.018403e-01  1.100383e+00  4.730190e-02  
   6.5900002  1.514331e+02  9.165917e-02  1.229328e+00  4.266550e-02  
   6.5999999  1.341636e+02  8.219023e-02  1.357581e+00  3.834494e-02  
   6.6100001  1.185491e+02  7.396948e-02  1.478693e+00  3.459747e-02  
   6.6199999  1.054675e+02  6.752840e-02  1.584822e+00  3.167824e-02  
   6.6300001  9.581245e+01  6.331839e-02  1.667462e+00  2.980451e-02  
   6.6399999  9.042809e+01  6.164047e-02  1.718542e+00  2.912228e-02  
   6.6500001  9.001785e+01  6.258551e-02  1.731804e+00  2.967780e-02  
   6.6599998  9.505871e+01  6.600593e-02  1.704019e+00  3.140411e-02  
   6.6700001  1.057368e+02  7.152788e-02  1.635735e+00  3.412656e-02  
   6.6799998  1.219239e+02  7.860573e-02  1.531393e+00  3.758866e-02  
   6.6900001  1.432115e+02  8.661580e-02  1.398713e+00  4.149660e-02  
   6.6999998  1.689822e+02  9.496301e-02  1.247698e+00  4.556986e-02  
   6.7100000  1.985255e+02  1.031836e-01  1.089353e+00  4.959027e-02  
   6.7199998  2.311381e+02  1.110064e-01  9.346119e-01  5.343093e-02  
   6.7300000  2.662235e+02  1.183657e-01  7.933915e-01  5.706214e-02  
   6.7399998  3.033263e+02  1.253501e-01  6.740564e-01  6.052668e-02  
   6.7500000  3.421484e+02  1.321136e-01  5.829872e-01  6.389714e-02  
   6.7600002  3.825035e+02  1.387679e-01  5.243939e-01  6.722407e-02  
   6.7700000  4.242666e+02  1.453002e-01  5.001562e-01  7.049675e-02  
   6.7800002  4.673262e+02  1.515426e-01  5.097890e-01  7.362902e-02  
   6.7900000  5.115299e+02  1.572071e-01  5.505530e-01  7.647667e-02  
   6.8000002  5.566774e+02  1.619830e-01  6.177292e-01  7.888523e-02  
   6.8099999  6.025072e+02  1.656614e-01  7.050421e-01  8.075042e-02  
   6.8200002  6.487276e+02  1.682503e-01  8.052199e-01  8.207456e-02  
   6.8299999  6.950273e+02  1.700353e-01  9.105131e-01  8.299558e-02  
   6.8400002  7.411210e+02  1.715614e-01  1.013206e+00  8.377873e-02  
   6.8499999  7.867586e+02  1.735344e-01  1.105953e+00  8.476787e-02  
   6.8600001  8.317566e+02  1.766646e-01  1.182115e+00  8.630993e-02  
   6.8699999  8.759788e+02  1.814968e-01  1.236030e+00  8.867131e-02  
   6.8800001  9.193254e+02  1.882730e-01  1.263437e+00  9.197143e-02  
   6.8899999  9.616730e+02  1.968630e-01  1.261944e+00  9.614813e-02  
   6.9000001  1.002834e+03  2.067797e-01  1.231565e+00  1.009656e-01  
   6.9099998  1.042497e+03  2.172634e-01  1.175080e+00  1.060547e-01  
   6.9200001  1.080224e+03  2.274128e-01  1.098051e+00  1.109771e-01  
   6.9299998  1.115462e+03  2.363161e-01  1.008352e+00  1.152897e-01  
   6.9400001  1.147622e+03  2.431651e-01  9.151495e-01  1.185992e-01  
   6.9499998  1.176165e+03  2.473205e-01  8.275762e-01  1.205949e-01  
   6.9600000  1.200711e+03  2.483432e-01  7.532706e-01  1.210636e-01  
   6.9699998  1.221108e+03  2.459957e-01  6.972458e-01  1.198904e-01  
   6.9800000  1.237474e+03  2.402339e-01  6.612276e-01  1.170548e-01  
   6.9899998  1.250171e+03  2.312047e-01  6.436985e-01  1.126294e-01  
   7.0000000  1.259758e+03  2.192461e-01  6.405011e-01  1.067804e-01  
   7.0100002  1.266897e+03  2.048946e-01  6.458701e-01  9.977002e-02  
   7.0200000  1.272269e+03  1.888746e-01  6.535900e-01  9.195267e-02  
   7.0300002  1.276495e+03  1.720638e-01  6.580561e-01  8.375681e-02  
   7.0400000  1.280083e+03  1.554355e-01  6.550553e-01  7.565737e-02  
   7.0500002  1.283402e+03  1.399645e-01  6.421970e-01  6.812966e-02  
   7.0599999  1.286690e+03  1.265337e-01  6.190025e-01  6.160405e-02  
   7.0700002  1.290079e+03  1.158361e-01  5.866936e-01  5.641849e-02  
   7.0799999  1.293626e+03  1.083133e-01  5.477803e-01  5.278875e-02  
   7.0900002  1.297360e+03  1.041221e-01  5.054895e-01  5.079218e-02  
   7.0999999  1.301299e+03  1.031469e-01  4.631736e-01  5.037403e-02  
   7.1100001  1.305453e+03  1.050412e-01  4.237243e-01  5.136731e-02  
   7.1199999  1.309804e+03  1.092931e-01  3.891515e-01  5.352497e-02  
   7.1300001  1.314261e+03  1.153013e-01  3.603299e-01  5.655630e-02  
   7.1399999  1.318619e+03  1.224491e-01  3.370098e-01  6.016308e-02  
   7.1500001  1.322524e+03  1.301755e-01  3.180237e-01  6.407414e-02  
   7.1599998  1.325474e+03  1.380304e-01  3.016662e-01  6.807249e-02  
   7.1700001  1.326866e+03  1.457198e-01  2.861156e-01  7.201742e-02  
   7.1799998  1.326072e+03  1.531242e-01  2.698265e-01  7.585368e-02  
   7.1900001  1.322549e+03  1.602958e-01  2.517888e-01  7.961023e-02  
   7.1999998  1.315938e+03  1.674198e-01  2.316446e-01  8.338112e-02  
   7.2100000  1.306143e+03  1.747529e-01  2.096412e-01  8.729490e-02  
   7.2199998  1.293365e+03  1.825370e-01  1.864883e-01  9.147185e-02  
   7.2300000  1.278068e+03  1.909158e-01  1.631433e-01  9.598200e-02  
   7.2399998  1.260924e+03  1.998607e-01  1.406119e-01  1.008083e-01  
   7.2500000  1.242702e+03  2.091366e-01  1.197668e-01  1.058289e-01  
   7.2600002  1.224167e+03  2.183044e-01  1.012439e-01  1.108179e-01  
   7.2700000  1.205993e+03  2.267704e-01  8.539018e-02  1.154703e-01  
   7.2800002  1.188691e+03  2.338700e-01  7.227091e-02  1.194437e-01  
   7.2900000  1.172592e+03  2.389650e-01  6.172359e-02  1.224078e-01  
   7.3000002  1.157840e+03  2.415471e-01  5.342374e-02  1.240970e-01  
   7.3099999  1.144429e+03  2.413192e-01  4.696415e-02  1.243531e-01  
   7.3200002  1.132232e+03  2.382488e-01  4.191757e-02  1.231535e-01  
   7.3299999  1.121067e+03  2.325830e-01  3.788763e-02  1.206200e-01  
   7.3400002  1.110733e+03  2.248182e-01  3.453612e-02  1.170045e-01  
   7.3499999  1.101072e+03  2.156356e-01  3.159685e-02  1.126563e-01  
   7.3600001  1.091999e+03  2.058003e-01  2.887524e-02  1.079694e-01  
   7.3699999  1.083530e+03  1.960517e-01  2.624436e-02  1.033259e-01  
   7.3800001  1.075780e+03  1.869940e-01  2.363701e-02  9.903786e-02  
   7.3899999  1.068944e+03  1.790203e-01  2.104012e-02  9.530670e-02  
   7.4000001  1.063258e+03  1.722743e-01  1.848738e-02  9.220355e-02  
   7.4099998  1.058948e+03  1.666720e-01  1.605285e-02  8.967962e-02  
   7.4200001  1.056195e+03  1.619653e-01  1.384074e-02  8.760031e-02  
   7.4299998  1.055100e+03  1.578415e-01  1.197463e-02  8.579833e-02  
   7.4400001  1.055680e+03  1.540263e-01  1.058311e-02  8.412841e-02  
   7.4499998  1.057880e+03  1.503701e-01  9.786475e-03  8.251391e-02  
   7.4600000  1.061603e+03  1.468915e-01  9.682964e-03  8.097010e-02  
   7.4699998  1.066743e+03  1.437761e-01  1.033814e-02  7.960322e-02  
   7.4800000  1.073216e+03  1.413293e-01  1.177699e-02  7.858488e-02  
   7.4899998  1.080986e+03  1.399044e-01  1.397948e-02  7.811271e-02  
   7.5000000  1.090058e+03  1.398251e-01  1.688053e-02  7.836810e-02  
   7.5100002  1.100475e+03  1.413259e-01  2.037265e-02  7.948370e-02  
   7.5200000  1.112287e+03  1.445226e-01  2.431252e-02  8.152723e-02  
   7.5300002  1.125516e+03  1.494166e-01  2.853107e-02  8.450459e-02  
   7.5400000  1.140122e+03  1.559229e-01  3.284370e-02  8.837484e-02  
   7.5500002  1.155980e+03  1.639090e-01  3.706497e-02  9.307228e-02  
   7.5599999  1.172866e+03  1.732242e-01  4.102080e-02  9.852173e-02  
   7.5700002  1.190464e+03  1.837152e-01  4.456355e-02  1.046471e-01  
   7.5799999  1.208397e+03  1.952170e-01  4.758256e-02  1.113650e-01  
   7.5900002  1.226267e+03  2.075361e-01  5.001417e-02  1.185745e-01  
   7.5999999  1.243703e+03  2.204247e-01  5.184474e-02  1.261413e-01  
   7.6100001  1.260418e+03  2.335701e-01  5.310953e-02  1.338915e-01  
   7.6199999  1.276249e+03  2.465921e-01  5.388386e-02  1.416093e-01  
   7.6300001  1.291178e+03  2.590663e-01  5.427021e-02  1.490497e-01  
   7.6399999  1.305340e+03  2.705486e-01  5.438264e-02  1.559531e-01  
   7.6500001  1.318995e+03  2.806157e-01  5.433222e-02  1.620684e-01  
   7.6599998  1.332485e+03  2.888913e-01  5.421710e-02  1.671690e-01  
   7.6700001  1.346192e+03  2.950711e-01  5.411810e-02  1.710681e-01  
   7.6799998  1.360467e+03  2.989307e-01  5.409964e-02  1.736246e-01  
   7.6900001  1.375592e+03  3.003256e-01  5.421270e-02  1.747439e-01  
   7.6999998  1.391744e+03  2.991834e-01  5.449583e-02  1.743743e-01  
   7.7100000  1.408975e+03  2.954949e-01  5.497219e-02  1.725026e-01  
   7.7199998  1.427212e+03  2.893124e-01  5.564091e-02  1.691517e-01  
   7.7300000  1.446276e+03  2.807534e-01  5.646655e-02  1.643833e-01  
   7.7399998  1.465918e+03  2.700223e-01  5.737058e-02  1.583086e-01  
   7.7500000  1.485872e+03  2.574345e-01  5.823072e-02  1.511024e-01  
   7.7600002  1.505923e+03  2.434518e-01  5.889013e-02  1.430229e-01  
   7.7700000  1.525997e+03  2.287046e-01  5.917704e-02  1.344265e-01  
   7.7800002  1.546237e+03  2.139950e-01  5.893004e-02  1.257705e-01  
   7.7900000  1.567057e+03  2.002746e-01  5.802280e-02  1.176028e-01  
   7.8000002  1.589153e+03  1.885750e-01  5.638235e-02  1.105243e-01  
   7.8099999  1.613426e+03  1.799153e-01  5.399721e-02  1.051368e-01  
   7.8200002  1.640858e+03  1.751777e-01  5.091401e-02  1.019711e-01  
   7.8299999  1.672307e+03  1.749880e-01  4.722720e-02  1.014178e-01  
   7.8400002  1.708326e+03  1.796131e-01  4.306355e-02  1.036639e-01  
   7.8499999  1.749002e+03  1.889012e-01  3.856918e-02  1.086548e-01  
   7.8600001  1.793919e+03  2.022779e-01  3.389690e-02  1.160879e-01  
   7.8699999  1.842198e+03  2.187961e-01  2.919989e-02  1.254372e-01  
   7.8800001  1.892673e+03  2.372454e-01  2.462362e-02  1.360143e-01  
   7.8899999  1.944093e+03  2.562877e-01  2.030171e-02  1.470454e-01  
   7.9000001  1.995353e+03  2.746198e-01  1.634746e-02  1.577675e-01  
   7.9099998  2.045644e+03  2.911184e-01  1.284868e-02  1.675139e-01  
   7.9200001  2.094546e+03  3.049668e-01  9.860709e-03  1.757915e-01  
   7.9299998  2.142000e+03  3.157244e-01  7.405348e-03  1.823243e-01  
   7.9400001  2.188237e+03  3.233478e-01  5.471499e-03  1.870687e-01  
   7.9499998  2.233643e+03  3.281448e-01  4.021748e-03  1.901877e-01  
   7.9600000  2.278646e+03  3.306862e-01  2.999798e-03  1.920002e-01  
   7.9699998  2.323612e+03  3.316817e-01  2.339864e-03  1.929086e-01  
   7.9800000  2.368811e+03  3.318541e-01  1.974022e-03  1.933247e-01  
   7.9899998  2.414407e+03  3.318340e-01  1.838246e-03  1.936076e-01  
   8.0000000  2.460519e+03  3.320951e-01  1.876007e-03  1.940258e-01  
   8.0100002  2.507276e+03  3.329429e-01  2.040641e-03  1.947513e-01  
   8.0200005  2.554911e+03  3.345527e-01  2.296736e-03  1.958824e-01  
   8.0299997  2.603813e+03  3.370390e-01  2.620857e-03  1.974858e-01  
   8.0400000  2.654567e+03  3.405339e-01  3.001345e-03  1.996440e-01  
   8.0500002  2.707906e+03  3.452417e-01  3.436083e-03  2.024871e-01  
   8.0600004  2.764646e+03  3.514534e-01  3.928368e-03  2.062014e-01  
   8.0699997  2.825556e+03  3.595103e-01  4.480651e-03  2.110068e-01  
   8.0799999  2.891246e+03  3.697305e-01  5.087791e-03  2.171111e-01  
   8.0900002  2.962016e+03  3.823127e-01  5.730887e-03  2.246513e-01  
   8.1000004  3.037817e+03  3.972587e-01  6.374726e-03  2.336455e-01  
   8.1099997  3.118253e+03  4.143289e-01  6.969399e-03  2.439656e-01  
   8.1199999  3.202697e+03  4.330558e-01  7.456857e-03  2.553433e-01  
   8.1300001  3.290392e+03  4.527842e-01  7.780310e-03  2.673953e-01  
   8.1400003  3.380644e+03  4.727559e-01  7.895299e-03  2.796736e-01  
   8.1499996  3.472959e+03  4.921931e-01  7.778865e-03  2.917157e-01  
   8.1599998  3.567161e+03  5.103788e-01  7.434699e-03  3.030941e-01  
   8.1700001  3.663378e+03  5.267043e-01  6.893220e-03  3.134446e-01  
   8.1800003  3.762025e+03  5.407156e-01  6.206344e-03  3.224941e-01  
   8.1899996  3.863701e+03  5.521374e-01  5.438585e-03  3.300764e-01  
   8.1999998  3.969099e+03  5.609017e-01  4.656076e-03  3.361477e-01  
   8.2100000  4.078819e+03  5.671525e-01  3.917083e-03  3.407914e-01  
   8.2200003  4.193299e+03  5.712570e-01  3.264431e-03  3.442235e-01  
   8.2299995  4.312712e+03  5.737882e-01  2.722164e-03  3.467846e-01  
   8.2399998  4.436986e+03  5.754884e-01  2.295790e-03  3.489179e-01  
   8.2500000  4.565758e+03  5.772033e-01  1.976215e-03  3.511305e-01  
   8.2600002  4.698492e+03  5.798017e-01  1.744956e-03  3.539461e-01  
   8.2700005  4.834558e+03  5.840822e-01  1.579987e-03  3.578504e-01  
   8.2799997  4.973343e+03  5.906887e-01  1.460621e-03  3.632390e-01  
   8.2900000  5.114413e+03  6.000453e-01  1.370626e-03  3.703801e-01  
   8.3000002  5.257497e+03  6.123173e-01  1.299507e-03  3.793886e-01  
   8.3100004  5.402579e+03  6.274129e-01  1.241977e-03  3.902283e-01  
   8.3199997  5.549837e+03  6.450179e-01  1.196368e-03  4.027315e-01  
   8.3299999  5.699636e+03  6.646711e-01  1.162610e-03  4.166439e-01  
   8.3400002  5.852328e+03  6.858397e-01  1.140503e-03  4.316683e-01  
   8.3500004  6.008201e+03  7.080125e-01  1.128663e-03  4.475217e-01  
   8.3599997  6.167351e+03  7.307674e-01  1.124398e-03  4.639724e-01  
   8.3699999  6.329668e+03  7.538158e-01  1.124386e-03  4.808672e-01  
   8.3800001  6.494766e+03  7.769835e-01  1.125851e-03  4.981146e-01  
   8.3900003  6.662071e+03  8.001731e-01  1.127767e-03  5.156596e-01  
   8.3999996  6.830912e+03  8.232814e-01  1.131666e-03  5.334299e-01  
   8.4099998  7.000706e+03  8.461244e-01  1.141738e-03  5.512871e-01  
   8.4200001  7.170977e+03  8.683569e-01  1.164132e-03  5.689756e-01  
   8.4300003  7.341516e+03  8.894501e-01  1.205598e-03  5.861083e-01  
   8.4399996  7.512389e+03  9.087093e-01  1.271824e-03  6.021813e-01  
   8.4499998  7.683982e+03  9.253521e-01  1.365931e-03  6.166275e-01  
   8.4600000  7.856860e+03  9.386083e-01  1.487435e-03  6.288835e-01  
   8.4700003  8.031705e+03  9.478506e-01  1.632066e-03  6.384828e-01  
   8.4799995  8.209164e+03  9.527155e-01  1.792355e-03  6.451373e-01  
   8.4899998  8.389789e+03  9.531927e-01  1.958940e-03  6.488043e-01  
   8.5000000  8.573761e+03  9.496647e-01  2.121997e-03  6.497157e-01  
   8.5100002  8.760864e+03  9.429031e-01  2.272704e-03  6.483782e-01  
   8.5200005  8.950409e+03  9.340073e-01  2.404219e-03  6.455353e-01  
   8.5299997  9.141238e+03  9.243072e-01  2.512104e-03  6.420997e-01  
   8.5400000  9.331918e+03  9.152308e-01  2.594263e-03  6.390634e-01  
   8.5500002  9.520832e+03  9.081730e-01  2.650436e-03  6.374030e-01  
   8.5600004  9.706447e+03  9.043549e-01  2.681676e-03  6.379811e-01  
   8.5699997  9.887534e+03  9.047114e-01  2.689837e-03  6.414655e-01  
   8.5799999  1.006333e+04  9.098080e-01  2.677249e-03  6.482689e-01  
   8.5900002  1.023348e+04  9.198006e-01  2.646548e-03  6.585158e-01  
   8.6000004  1.039804e+04  9.344409e-01  2.600629e-03  6.720446e-01  
   8.6099997  1.055736e+04  9.531292e-01  2.542599e-03  6.884440e-01  
   8.6199999  1.071199e+04  9.750168e-01  2.475650e-03  7.071217e-01  
   8.6300001  1.086255e+04  9.991164e-01  2.402888e-03  7.273840e-01  
   8.6400003  1.100980e+04  1.024446e+00  2.327049e-03  7.485382e-01  
   8.6499996  1.115469e+04  1.050148e+00  2.250202e-03  7.699804e-01  
   8.6599998  1.129848e+04  1.075597e+00  2.173443e-03  7.912753e-01  
   8.6700001  1.144275e+04  1.100435e+00  2.096787e-03  8.121822e-01  
   8.6800003  1.158937e+04  1.124575e+00  2.019170e-03  8.326593e-01  
   8.6899996  1.174033e+04  1.148144e+00  1.938734e-03  8.528196e-01  
   8.6999998  1.189757e+04  1.171396e+00  1.853309e-03  8.728662e-01  
   8.7100000  1.206255e+04  1.194583e+00  1.761129e-03  8.929955e-01  
   8.7200003  1.223607e+04  1.217862e+00  1.661502e-03  9.133224e-01  
   8.7299995  1.241809e+04  1.241211e+00  1.555350e-03  9.338174e-01  
   8.7399998  1.260780e+04  1.264403e+00  1.445359e-03  9.542861e-01  
   8.7500000  1.280375e+04  1.286999e+00  1.335823e-03  9.743646e-01  
   8.7600002  1.300415e+04  1.308410e+00  1.231998e-03  9.935672e-01  
   8.7700005  1.320722e+04  1.327973e+00  1.139265e-03  1.011348e+00  
   8.7799997  1.341147e+04  1.345042e+00  1.062245e-03  1.027174e+00  
   8.7900000  1.361589e+04  1.359096e+00  1.004036e-03  1.040607e+00  
   8.8000002  1.381999e+04  1.369803e+00  9.658097e-04  1.051357e+00  
   8.8100004  1.402381e+04  1.377082e+00  9.466835e-04  1.059338e+00  
   8.8199997  1.422788e+04  1.381133e+00  9.439467e-04  1.064685e+00  
   8.8299999  1.443318e+04  1.382419e+00  9.535057e-04  1.067749e+00  
   8.8400002  1.464099e+04  1.381629e+00  9.704591e-04  1.069070e+00  
   8.8500004  1.485292e+04  1.379614e+00  9.896895e-04  1.069331e+00  
   8.8599997  1.507083e+04  1.377313e+00  1.006403e-03  1.069306e+00  
   8.8699999  1.529683e+04  1.375682e+00  1.016562e-03  1.069793e+00  
   8.8800001  1.553299e+04  1.375630e+00  1.017153e-03  1.071567e+00  
   8.8900003  1.578133e+04  1.377967e+00  1.006346e-03  1.075335e+00  
   8.8999996  1.604350e+04  1.383371e+00  9.834933e-04  1.081691e+00  
   8.9099998  1.632076e+04  1.392363e+00  9.490407e-04  1.091098e+00  
   8.9200001  1.661363e+04  1.405279e+00  9.043773e-04  1.103853e+00  
   8.9300003  1.692185e+04  1.422259e+00  8.516354e-04  1.120072e+00  
   8.9399996  1.724434e+04  1.443212e+00  7.934840e-04  1.139668e+00  
   8.9499998  1.757934e+04  1.467813e+00  7.328797e-04  1.162347e+00  
   8.9600000  1.792443e+04  1.495478e+00  6.728714e-04  1.187594e+00  
   8.9700003  1.827689e+04  1.525386e+00  6.163465e-04  1.214704e+00  
   8.9799995  1.863403e+04  1.556520e+00  5.658198e-04  1.242815e+00  
   8.9899998  1.899366e+04  1.587749e+00  5.232255e-04  1.270995e+00  
   9.0000000  1.935421e+04  1.617914e+00  4.898033e-04  1.298305e+00  
   9.0100002  1.971509e+04  1.645957e+00  4.660088e-04  1.323913e+00  
   9.0200005  2.007670e+04  1.671027e+00  4.515258e-04  1.347174e+00  
   9.0299997  2.044032e+04  1.692569e+00  4.453496e-04  1.367699e+00  
   9.0400000  2.080800e+04  1.710379e+00  4.459298e-04  1.385394e+00  
   9.0500002  2.118208e+04  1.724605e+00  4.513596e-04  1.400443e+00  
   9.0600004  2.156508e+04  1.735714e+00  4.595747e-04  1.413283e+00  
   9.0699997  2.195942e+04  1.744420e+00  4.685488e-04  1.424532e+00  
   9.0799999  2.236750e+04  1.751591e+00  4.764727e-04  1.434920e+00  
   9.0900002  2.279148e+04  1.758151e+00  4.818866e-04  1.445202e+00  
   9.1000004  2.323352e+04  1.764979e+00  4.837814e-04  1.456091e+00  
   9.1099997  2.369570e+04  1.772827e+00  4.816496e-04  1.468194e+00  
   9.1199999  2.418024e+04  1.782266e+00  4.754878e-04  1.481973e+00  
   9.1300001  2.468908e+04  1.793635e+00  4.657623e-04  1.497707e+00  
   9.1400003  2.522384e+04  1.807033e+00  4.533325e-04  1.515493e+00  
   9.1499996  2.578545e+04  1.822336e+00  4.393486e-04  1.535238e+00  
   9.1599998  2.637416e+04  1.839235e+00  4.251190e-04  1.556705e+00  
   9.1700001  2.698890e+04  1.857292e+00  4.119789e-04  1.579534e+00  
   9.1800003  2.762757e+04  1.876024e+00  4.011436e-04  1.603317e+00  
   9.1899996  2.828700e+04  1.894980e+00  3.935812e-04  1.627656e+00  
   9.1999998  2.896361e+04  1.913819e+00  3.899086e-04  1.652238e+00  
   9.2100000  2.965346e+04  1.932362e+00  3.903379e-04  1.676876e+00  
   9.2200003  3.035308e+04  1.950615e+00  3.946707e-04  1.701539e+00  
   9.2299995  3.105993e+04  1.968745e+00  4.023535e-04  1.726349e+00  
   9.2399998  3.177294e+04  1.987042e+00  4.125878e-04  1.751545e+00  
   9.2500000  3.249236e+04  2.005821e+00  4.244655e-04  1.777406e+00  
   9.2600002  3.321991e+04  2.025340e+00  4.371260e-04  1.804178e+00  
   9.2700005  3.395826e+04  2.045715e+00  4.498941e-04  1.831998e+00  
   9.2799997  3.471058e+04  2.066860e+00  4.623912e-04  1.860834e+00  
   9.2900000  3.548017e+04  2.088480e+00  4.746063e-04  1.890473e+00  
   9.3000002  3.626965e+04  2.110076e+00  4.869090e-04  1.920515e+00  
   9.3100004  3.708087e+04  2.131006e+00  5.000266e-04  1.950431e+00  
   9.3199997  3.791478e+04  2.150569e+00  5.149696e-04  1.979627e+00  
   9.3299999  3.877174e+04  2.168100e+00  5.329264e-04  2.007539e+00  
   9.3400002  3.965116e+04  2.183053e+00  5.551129e-04  2.033703e+00  
   9.3500004  4.055189e+04  2.195090e+00  5.826214e-04  2.057842e+00  
   9.3599997  4.147193e+04  2.204146e+00  6.162606e-04  2.079918e+00  
   9.3699999  4.240858e+04  2.210457e+00  6.564397e-04  2.100161e+00  
   9.3800001  4.335759e+04  2.214556e+00  7.030684e-04  2.119054e+00  
   9.3900003  4.431329e+04  2.217228e+00  7.555492e-04  2.137289e+00  
   9.3999996  4.526834e+04  2.219424e+00  8.128133e-04  2.155671e+00  
   9.4099998  4.621440e+04  2.222134e+00  8.734392e-04  2.175016e+00  
   9.4200001  4.714204e+04  2.226250e+00  9.357465e-04  2.196007e+00  
   9.4300003  4.804215e+04  2.232435e+00  9.979552e-04  2.219085e+00  
   9.4399996  4.890701e+04  2.241036e+00  1.058304e-03  2.244380e+00  
   9.4499998  4.973209e+04  2.252056e+00  1.115195e-03  2.271704e+00  
   9.4600000  5.051695e+04  2.265199e+00  1.167262e-03  2.300605e+00  
   9.4700003  5.126672e+04  2.279972e+00  1.213510e-03  2.330494e+00  
   9.4799995  5.199229e+04  2.295839e+00  1.253404e-03  2.360800e+00  
   9.4899998  5.271025e+04  2.312365e+00  1.286961e-03  2.391136e+00  
   9.5000000  5.344075e+04  2.329319e+00  1.314746e-03  2.421379e+00  
   9.5100002  5.420548e+04  2.346717e+00  1.337834e-03  2.451728e+00  
   9.5200005  5.502486e+04  2.364794e+00  1.357646e-03  2.482646e+00  
   9.5299997  5.591525e+04  2.383926e+00  1.375734e-03  2.514770e+00  
   9.5400000  5.688757e+04  2.404524e+00  1.393546e-03  2.548779e+00  
   9.5500002  5.794599e+04  2.426925e+00  1.412227e-03  2.585260e+00  
   9.5600004  5.908867e+04  2.451335e+00  1.432549e-03  2.624640e+00  
   9.5699997  6.030881e+04  2.477802e+00  1.454953e-03  2.667137e+00  
   9.5799999  6.159685e+04  2.506241e+00  1.479708e-03  2.712803e+00  
   9.5900002  6.294122e+04  2.536463e+00  1.507096e-03  2.761530e+00  
   9.6000004  6.432986e+04  2.568228e+00  1.537580e-03  2.813121e+00  
   9.6099997  6.575082e+04  2.601270e+00  1.571870e-03  2.867312e+00  
   9.6199999  6.719277e+04  2.635333e+00  1.610873e-03  2.923811e+00  
   9.6300001  6.864420e+04  2.670153e+00  1.655513e-03  2.982265e+00  
   9.6400003  7.009408e+04  2.705469e+00  1.706522e-03  3.042284e+00  
   9.6499996  7.153190e+04  2.741018e+00  1.764221e-03  3.103427e+00  
   9.6599998  7.294898e+04  2.776550e+00  1.828401e-03  3.165256e+00  
   9.6700001  7.433851e+04  2.811823e+00  1.898255e-03  3.227324e+00  
   9.6800003  7.569707e+04  2.846621e+00  1.972481e-03  3.289237e+00  
   9.6899996  7.702491e+04  2.880758e+00  2.049435e-03  3.350669e+00  
   9.6999998  7.832653e+04  2.914077e+00  2.127385e-03  3.411399e+00  
   9.7100000  7.960932e+04  2.946420e+00  2.204694e-03  3.471246e+00  
   9.7200003  8.088269e+04  2.977613e+00  2.280054e-03  3.530061e+00  
   9.7299995  8.215634e+04  3.007445e+00  2.352625e-03  3.587665e+00  
   9.7399998  8.343918e+04  3.035673e+00  2.422153e-03  3.643848e+00  
   9.7500000  8.473727e+04  3.062009e+00  2.488947e-03  3.698317e+00  
   9.7600002  8.605394e+04  3.086180e+00  2.553876e-03  3.750749e+00  
   9.7700005  8.738925e+04  3.107953e+00  2.618281e-03  3.800826e+00  
   9.7799997  8.874051e+04  3.127177e+00  2.683852e-03  3.848292e+00  
   9.7900000  9.010312e+04  3.143834e+00  2.752525e-03  3.893012e+00  
   9.8000002  9.147050e+04  3.158015e+00  2.826321e-03  3.934954e+00  
   9.8100004  9.283467e+04  3.169923e+00  2.907288e-03  3.974201e+00  
   9.8199997  9.418635e+04  3.179832e+00  2.997503e-03  4.010896e+00  
   9.8299999  9.551547e+04  3.188042e+00  3.099300e-03  4.045204e+00  
   9.8400002  9.681036e+04  3.194823e+00  3.215705e-03  4.077241e+00  
   9.8500004  9.805784e+04  3.200380e+00  3.351351e-03  4.107041e+00  
   9.8599997  9.924223e+04  3.204795e+00  3.513736e-03  4.134504e+00  
   9.8699999  1.003440e+05  3.207979e+00  3.714828e-03  4.159353e+00  
   9.8800001  1.013362e+05  3.209610e+00  3.972309e-03  4.181042e+00  
   9.8900003  1.021822e+05  3.209075e+00  4.310058e-03  4.198688e+00  
   9.8999996  1.028329e+05  3.205445e+00  4.756779e-03  4.211017e+00  
   9.9099998  1.032277e+05  3.197502e+00  5.342628e-03  4.216389e+00  
   9.9200001  1.032985e+05  3.183860e+00  6.093440e-03  4.212931e+00  
   9.9300003  1.029791e+05  3.163163e+00  7.024686e-03  4.198793e+00  
   9.9399996  1.022160e+05  3.134320e+00  8.136401e-03  4.172479e+00  
   9.9499998  1.009787e+05  3.096709e+00  9.411748e-03  4.133119e+00  
   9.9600000  9.926684e+04  3.050307e+00  1.081824e-02  4.080665e+00  
   9.9700003  9.710995e+04  2.995679e+00  1.231303e-02  4.015890e+00  
   9.9799995  9.456318e+04  2.933889e+00  1.384894e-02  3.940271e+00  
   9.9899998  9.169802e+04  2.866301e+00  1.538092e-02  3.855722e+00  
  10.0000000  8.859465e+04  2.794446e+00  1.686948e-02  3.764400e+00  
