# RiF 1e-20 (cm^2/W)
# 1w RpP RpS RsP RsS
# Gaussian absolute broadening  0.04 [eV]
   0.0100000  2.309935e-07  6.728030e-09  1.046594e-10  1.959612e-09  
   0.0200000  3.125353e-07  9.107762e-09  1.416234e-10  2.652632e-09  
   0.0300000  4.248793e-07  1.238870e-08  1.925597e-10  3.608054e-09  
   0.0400000  5.791945e-07  1.689886e-08  2.625392e-10  4.921351e-09  
   0.0500000  7.899490e-07  2.306383e-08  3.581341e-10  6.716396e-09  
   0.0600000  1.075366e-06  3.142075e-08  4.876257e-10  9.149496e-09  
   0.0700000  1.457698e-06  4.262712e-08  6.611339e-10  1.241196e-08  
   0.0800000  1.963266e-06  5.746290e-08  8.906367e-10  1.673065e-08  
   0.0900000  2.622278e-06  7.682630e-08  1.189893e-09  2.236682e-08  
   0.1000000  3.468510e-06  1.017259e-07  1.574303e-09  2.961366e-08  
   0.1100000  4.539029e-06  1.332737e-07  2.060788e-09  3.879437e-08  
   0.1200000  5.874039e-06  1.726822e-07  2.667725e-09  5.026121e-08  
   0.1300000  7.516921e-06  2.212678e-07  3.414974e-09  6.439640e-08  
   0.1400000  9.514418e-06  2.804567e-07  4.323965e-09  8.161406e-08  
   0.1500000  1.191686e-05  3.517955e-07  5.417804e-09  1.023628e-07  
   0.1600000  1.477835e-05  4.369579e-07  6.721391e-09  1.271280e-07  
   0.1700000  1.815695e-05  5.377522e-07  8.261465e-09  1.564338e-07  
   0.1800000  2.211466e-05  6.561244e-07  1.006665e-08  1.908440e-07  
   0.1900000  2.671746e-05  7.941630e-07  1.216747e-08  2.309632e-07  
   0.2000000  3.203530e-05  9.541004e-07  1.459634e-08  2.774375e-07  
   0.2100000  3.814204e-05  1.138316e-06  1.738757e-08  3.309548e-07  
   0.2200000  4.511551e-05  1.349340e-06  2.057739e-08  3.922465e-07  
   0.2300000  5.303743e-05  1.589857e-06  2.420395e-08  4.620881e-07  
   0.2400000  6.199344e-05  1.862712e-06  2.830729e-08  5.413001e-07  
   0.2500000  7.207318e-05  2.170913e-06  3.292947e-08  6.307503e-07  
   0.2600000  8.337021e-05  2.517636e-06  3.811447e-08  7.313537e-07  
   0.2700000  9.598213e-05  2.906236e-06  4.390832e-08  8.440765e-07  
   0.2800000  1.100103e-04  3.340244e-06  5.035897e-08  9.699347e-07  
   0.2900000  1.255606e-04  3.823382e-06  5.751652e-08  1.109998e-06  
   0.3000000  1.427424e-04  4.359570e-06  6.543308e-08  1.265392e-06  
   0.3100000  1.616694e-04  4.952921e-06  7.416288e-08  1.437298e-06  
   0.3200000  1.824595e-04  5.607766e-06  8.376226e-08  1.626956e-06  
   0.3300000  2.052346e-04  6.328654e-06  9.428975e-08  1.835673e-06  
   0.3400000  2.301207e-04  7.120354e-06  1.058060e-07  2.064809e-06  
   0.3500000  2.572480e-04  7.987880e-06  1.183739e-07  2.315801e-06  
   0.3600000  2.867513e-04  8.936498e-06  1.320587e-07  2.590152e-06  
   0.3700000  3.187690e-04  9.971709e-06  1.469276e-07  2.889432e-06  
   0.3800000  3.534443e-04  1.109931e-05  1.630505e-07  3.215292e-06  
   0.3900000  3.909244e-04  1.232536e-05  1.804995e-07  3.569461e-06  
   0.4000000  4.313614e-04  1.365622e-05  1.993491e-07  3.953748e-06  
   0.4100000  4.749115e-04  1.509855e-05  2.196759e-07  4.370045e-06  
   0.4200000  5.217351e-04  1.665934e-05  2.415595e-07  4.820340e-06  
   0.4300000  5.719976e-04  1.834593e-05  2.650817e-07  5.306709e-06  
   0.4400000  6.258687e-04  2.016597e-05  2.903266e-07  5.831326e-06  
   0.4500000  6.835231e-04  2.212753e-05  3.173814e-07  6.396471e-06  
   0.4600000  7.451396e-04  2.423904e-05  3.463354e-07  7.004531e-06  
   0.4700000  8.109026e-04  2.650934e-05  3.772809e-07  7.658004e-06  
   0.4800000  8.810007e-04  2.894772e-05  4.103126e-07  8.359504e-06  
   0.4900000  9.556271e-04  3.156390e-05  4.455283e-07  9.111776e-06  
   0.5000000  1.034981e-03  3.436806e-05  4.830281e-07  9.917694e-06  
   0.5100000  1.119266e-03  3.737093e-05  5.229151e-07  1.078027e-05  
   0.5200000  1.208691e-03  4.058373e-05  5.652952e-07  1.170265e-05  
   0.5300000  1.303470e-03  4.401826e-05  6.102773e-07  1.268815e-05  
   0.5400000  1.403824e-03  4.768690e-05  6.579735e-07  1.374025e-05  
   0.5500000  1.509974e-03  5.160262e-05  7.084976e-07  1.486257e-05  
   0.5600000  1.622154e-03  5.577906e-05  7.619678e-07  1.605894e-05  
   0.5700000  1.740599e-03  6.023060e-05  8.185047e-07  1.733337e-05  
   0.5800000  1.865550e-03  6.497230e-05  8.782316e-07  1.869007e-05  
   0.5900000  1.997257e-03  7.002003e-05  9.412758e-07  2.013346e-05  
   0.6000000  2.135974e-03  7.539045e-05  1.007768e-06  2.166820e-05  
   0.6100000  2.281958e-03  8.110109e-05  1.077839e-06  2.329914e-05  
   0.6200000  2.435478e-03  8.717043e-05  1.151626e-06  2.503145e-05  
   0.6300000  2.596808e-03  9.361795e-05  1.229268e-06  2.687052e-05  
   0.6400000  2.766226e-03  1.004641e-04  1.310908e-06  2.882205e-05  
   0.6500000  2.944020e-03  1.077305e-04  1.396691e-06  3.089201e-05  
   0.6600000  3.130487e-03  1.154401e-04  1.486767e-06  3.308675e-05  
   0.6700000  3.325922e-03  1.236167e-04  1.581286e-06  3.541288e-05  
   0.6800000  3.530640e-03  1.322858e-04  1.680402e-06  3.787743e-05  
   0.6900000  3.744954e-03  1.414742e-04  1.784274e-06  4.048784e-05  
   0.7000000  3.969192e-03  1.512103e-04  1.893063e-06  4.325190e-05  
   0.7100000  4.203686e-03  1.615241e-04  2.006932e-06  4.617788e-05  
   0.7200000  4.448782e-03  1.724473e-04  2.126049e-06  4.927457e-05  
   0.7300000  4.704824e-03  1.840135e-04  2.250580e-06  5.255116e-05  
   0.7400000  4.972181e-03  1.962583e-04  2.380699e-06  5.601746e-05  
   0.7500000  5.251220e-03  2.092196e-04  2.516580e-06  5.968384e-05  
   0.7600000  5.542323e-03  2.229373e-04  2.658398e-06  6.356132e-05  
   0.7700000  5.845883e-03  2.374540e-04  2.806332e-06  6.766157e-05  
   0.7800000  6.162303e-03  2.528150e-04  2.960558e-06  7.199698e-05  
   0.7900000  6.492002e-03  2.690686e-04  3.121261e-06  7.658080e-05  
   0.8000000  6.835402e-03  2.862660e-04  3.288618e-06  8.142694e-05  
   0.8100000  7.192945e-03  3.044615e-04  3.462811e-06  8.655043e-05  
   0.8200000  7.565086e-03  3.237138e-04  3.644022e-06  9.196714e-05  
   0.8300000  7.952295e-03  3.440850e-04  3.832428e-06  9.769408e-05  
   0.8400000  8.355055e-03  3.656416e-04  4.028208e-06  1.037494e-04  
   0.8500000  8.773872e-03  3.884551e-04  4.231535e-06  1.101526e-04  
   0.8600000  9.209251e-03  4.126014e-04  4.442574e-06  1.169244e-04  
   0.8700000  9.661742e-03  4.381630e-04  4.661490e-06  1.240871e-04  
   0.8800000  1.013189e-02  4.652274e-04  4.888435e-06  1.316647e-04  
   0.8900000  1.062029e-02  4.938901e-04  5.123555e-06  1.396831e-04  
   0.9000000  1.112752e-02  5.242532e-04  5.366973e-06  1.481699e-04  
   0.9100000  1.165423e-02  5.564275e-04  5.618806e-06  1.571555e-04  
   0.9200000  1.220105e-02  5.905322e-04  5.879133e-06  1.666721e-04  
   0.9300000  1.276867e-02  6.266977e-04  6.148019e-06  1.767552e-04  
   0.9400000  1.335779e-02  6.650653e-04  6.425491e-06  1.874429e-04  
   0.9500000  1.396917e-02  7.057891e-04  6.711532e-06  1.987773e-04  
   0.9600000  1.460357e-02  7.490378e-04  7.006082e-06  2.108039e-04  
   0.9700000  1.526181e-02  7.949967e-04  7.309024e-06  2.235731e-04  
   0.9800000  1.594476e-02  8.438686e-04  7.620169e-06  2.371398e-04  
   0.9900000  1.665329e-02  8.958786e-04  7.939266e-06  2.515650e-04  
   1.0000000  1.738837e-02  9.512752e-04  8.265953e-06  2.669160e-04  
   1.0100000  1.815101e-02  1.010333e-03  8.599799e-06  2.832673e-04  
   1.0200000  1.894228e-02  1.073354e-03  8.940244e-06  3.007006e-04  
   1.0300000  1.976331e-02  1.140668e-03  9.286631e-06  3.193055e-04  
   1.0400000  2.061532e-02  1.212633e-03  9.638191e-06  3.391780e-04  
   1.0500000  2.149957e-02  1.289626e-03  9.994081e-06  3.604207e-04  
   1.0599999  2.241738e-02  1.372049e-03  1.035344e-05  3.831413e-04  
   1.0700001  2.337010e-02  1.460321e-03  1.071544e-05  4.074533e-04  
   1.0800000  2.435905e-02  1.554893e-03  1.107941e-05  4.334766e-04  
   1.0900000  2.538556e-02  1.656258e-03  1.144492e-05  4.613443e-04  
   1.1000000  2.645099e-02  1.764985e-03  1.181190e-05  4.912087e-04  
   1.1100000  2.755665e-02  1.881744e-03  1.218071e-05  5.232500e-04  
   1.1200000  2.870400e-02  2.007328e-03  1.255210e-05  5.576813e-04  
   1.1300000  2.989462e-02  2.142654e-03  1.292731e-05  5.947496e-04  
   1.1400000  3.113035e-02  2.288719e-03  1.330802e-05  6.347236e-04  
   1.1500000  3.241330e-02  2.446520e-03  1.369648e-05  6.778715e-04  
   1.1600000  3.374597e-02  2.616938e-03  1.409583e-05  7.244279e-04  
   1.1700000  3.513109e-02  2.800604e-03  1.451074e-05  7.745588e-04  
   1.1799999  3.657160e-02  2.997820e-03  1.494831e-05  8.283374e-04  
   1.1900001  3.807058e-02  3.208549e-03  1.541933e-05  8.857439e-04  
   1.2000000  3.963098e-02  3.432536e-03  1.593953e-05  9.466963e-04  
   1.2100000  4.125554e-02  3.669587e-03  1.653062e-05  1.011128e-03  
   1.2200000  4.294670e-02  3.919940e-03  1.722051e-05  1.079089e-03  
   1.2300000  4.470640e-02  4.184700e-03  1.804247e-05  1.150867e-03  
   1.2400000  4.653612e-02  4.466195e-03  1.903255e-05  1.227082e-03  
   1.2500000  4.843687e-02  4.768173e-03  2.022555e-05  1.308741e-03  
   1.2600000  5.040946e-02  5.095699e-03  2.164952e-05  1.397210e-03  
   1.2700000  5.245462e-02  5.454714e-03  2.331998e-05  1.494091e-03  
   1.2800000  5.457363e-02  5.851287e-03  2.523488e-05  1.601022e-03  
   1.2900000  5.676872e-02  6.290648e-03  2.737209e-05  1.719406e-03  
   1.3000000  5.904378e-02  6.776208e-03  2.969120e-05  1.850147e-03  
   1.3099999  6.140496e-02  7.308787e-03  3.214090e-05  1.993442e-03  
   1.3200001  6.386093e-02  7.886320e-03  3.467330e-05  2.148701e-03  
   1.3300000  6.642285e-02  8.504214e-03  3.726487e-05  2.314636e-03  
   1.3400000  6.910409e-02  9.156482e-03  3.994396e-05  2.489586e-03  
   1.3500000  7.191908e-02  9.837638e-03  4.282275e-05  2.672009e-03  
   1.3600000  7.488162e-02  1.054509e-02  4.613159e-05  2.861154e-03  
   1.3700000  7.800286e-02  1.128186e-02  5.025295e-05  3.057771e-03  
   1.3800000  8.128870e-02  1.205907e-02  5.575201e-05  3.264790e-03  
   1.3900000  8.473723e-02  1.289779e-02  6.340085e-05  3.487816e-03  
   1.4000000  8.833658e-02  1.382989e-02  7.419418e-05  3.735349e-03  
   1.4100000  9.206360e-02  1.489758e-02  8.935471e-05  4.018636e-03  
   1.4200000  9.588467e-02  1.615128e-02  1.103269e-04  4.351120e-03  
   1.4299999  9.975865e-02  1.764633e-02  1.387582e-04  4.747507e-03  
   1.4400001  1.036439e-01  1.943830e-02  1.764679e-04  5.222533e-03  
   1.4500000  1.075083e-01  2.157763e-02  2.253965e-04  5.789520e-03  
   1.4600000  1.113443e-01  2.410435e-02  2.875393e-04  6.458939e-03  
   1.4700000  1.151867e-01  2.704317e-02  3.648470e-04  7.237133e-03  
   1.4800000  1.191336e-01  3.040018e-02  4.590892e-04  8.125427e-03  
   1.4900000  1.233669e-01  3.416213e-02  5.716688e-04  9.119960e-03  
   1.5000000  1.281729e-01  3.829957e-02  7.033816e-04  1.021251e-02  
   1.5100000  1.339589e-01  4.277510e-02  8.541267e-04  1.139270e-02  
   1.5200000  1.412627e-01  4.755801e-02  1.022592e-03  1.265187e-02  
   1.5300000  1.507540e-01  5.264544e-02  1.205969e-03  1.398866e-02  
   1.5400000  1.632211e-01  5.808855e-02  1.399770e-03  1.541590e-02  
   1.5500000  1.795407e-01  6.401926e-02  1.597884e-03  1.696765e-02  
   1.5599999  2.006253e-01  7.067034e-02  1.792998e-03  1.870441e-02  
   1.5700001  2.273471e-01  7.837869e-02  1.977577e-03  2.071403e-02  
   1.5800000  2.604434e-01  8.756118e-02  2.145559e-03  2.310526e-02  
   1.5900000  3.004193e-01  9.865705e-02  2.294912e-03  2.599269e-02  
   1.6000000  3.474692e-01  1.120354e-01  2.431079e-03  2.947241e-02  
   1.6100000  4.014437e-01  1.278784e-01  2.571097e-03  3.359158e-02  
   1.6200000  4.618875e-01  1.460628e-01  2.747921e-03  3.831732e-02  
   1.6300000  5.281405e-01  1.660659e-01  3.013965e-03  4.351252e-02  
   1.6400000  5.994758e-01  1.869287e-01  3.442502e-03  4.892628e-02  
   1.6500000  6.752036e-01  2.072976e-01  4.125231e-03  5.420517e-02  
   1.6600000  7.546696e-01  2.255524e-01  5.164444e-03  5.892670e-02  
   1.6700000  8.370832e-01  2.400075e-01  6.658922e-03  6.265235e-02  
   1.6799999  9.211788e-01  2.491574e-01  8.684197e-03  6.499128e-02  
   1.6900001  1.004785e+00  2.519203e-01  1.126986e-02  6.566392e-02  
   1.7000000  1.084452e+00  2.478374e-01  1.437859e-02  6.455320e-02  
   1.7100000  1.155338e+00  2.371853e-01  1.789358e-02  6.173361e-02  
   1.7200000  1.211484e+00  2.209848e-01  2.161975e-02  5.747253e-02  
   1.7300000  1.246539e+00  2.008989e-01  2.530250e-02  5.220335e-02  
   1.7400000  1.254840e+00  1.790405e-01  2.866299e-02  4.647481e-02  
   1.7500000  1.232603e+00  1.577171e-01  3.144349e-02  4.088460e-02  
   1.7600000  1.178936e+00  1.391492e-01  3.345250e-02  3.600645e-02  
   1.7700000  1.096388e+00  1.252023e-01  3.459818e-02  3.232082e-02  
   1.7800000  9.908746e-01  1.171605e-01  3.490099e-02  3.015732e-02  
   1.7900000  8.709841e-01  1.155741e-01  3.448246e-02  2.965581e-02  
   1.8000000  7.468337e-01  1.201956e-01  3.353366e-02  3.075094e-02  
   1.8099999  6.287147e-01  1.300154e-01  3.227213e-02  3.318208e-02  
   1.8200001  5.258021e-01  1.433949e-01  3.089858e-02  3.652823e-02  
   1.8300000  4.451275e-01  1.582810e-01  2.956308e-02  4.026349e-02  
   1.8400000  3.908987e-01  1.724779e-01  2.834653e-02  4.382681e-02  
   1.8500000  3.642075e-01  1.839347e-01  2.725868e-02  4.669556e-02  
   1.8600000  3.630746e-01  1.910098e-01  2.625009e-02  4.845253e-02  
   1.8700000  3.828011e-01  1.926710e-01  2.523326e-02  4.883655e-02  
   1.8800000  4.165955e-01  1.886024e-01  2.410776e-02  4.776891e-02  
   1.8900000  4.564429e-01  1.792036e-01  2.278459e-02  4.535260e-02  
   1.9000000  4.941516e-01  1.654883e-01  2.120626e-02  4.184595e-02  
   1.9100000  5.224561e-01  1.489040e-01  1.935948e-02  3.761625e-02  
   1.9200000  5.360102e-01  1.311088e-01  1.727907e-02  3.308313e-02  
   1.9299999  5.320861e-01  1.137462e-01  1.504286e-02  2.866126e-02  
   1.9400001  5.108404e-01  9.825400e-02  1.275907e-02  2.471234e-02  
   1.9500000  4.751014e-01  8.573706e-02  1.054947e-02  2.151295e-02  
   1.9600000  4.297314e-01  7.690906e-02  8.531619e-03  1.924039e-02  
   1.9700000  3.807318e-01  7.210542e-02  6.804811e-03  1.797606e-02  
   1.9800000  3.342794e-01  7.134446e-02  5.441288e-03  1.772133e-02  
   1.9900000  2.958834e-01  7.441412e-02  4.483687e-03  1.841960e-02  
   2.0000000  2.697880e-01  8.095878e-02  3.947345e-03  1.997838e-02  
   2.0100000  2.586621e-01  9.054787e-02  3.825277e-03  2.228688e-02  
   2.0200000  2.635640e-01  1.027180e-01  4.093675e-03  2.522666e-02  
   2.0300000  2.841122e-01  1.169894e-01  4.716593e-03  2.867605e-02  
   2.0400000  3.187964e-01  1.328653e-01  5.649597e-03  3.251016e-02  
   2.0500000  3.653548e-01  1.498254e-01  6.842898e-03  3.659923e-02  
   2.0599999  4.211619e-01  1.673207e-01  8.244673e-03  4.080750e-02  
   2.0699999  4.835745e-01  1.847753e-01  9.804741e-03  4.499364e-02  
   2.0799999  5.501916e-01  2.015944e-01  1.147800e-02  4.901273e-02  
   2.0899999  6.189981e-01  2.171767e-01  1.322650e-02  5.271930e-02  
   2.0999999  6.883819e-01  2.309311e-01  1.501897e-02  5.597133e-02  
   2.1099999  7.570550e-01  2.422972e-01  1.682738e-02  5.863526e-02  
   2.1199999  8.239362e-01  2.507735e-01  1.862145e-02  6.059266e-02  
   2.1300001  8.880767e-01  2.559552e-01  2.036299e-02  6.174899e-02  
   2.1400001  9.486890e-01  2.575764e-01  2.200250e-02  6.204370e-02  
   2.1500001  1.005322e+00  2.555535e-01  2.348082e-02  6.146019e-02  
   2.1600001  1.058123e+00  2.500153e-01  2.473570e-02  6.003287e-02  
   2.1700001  1.108104e+00  2.413093e-01  2.571253e-02  5.784830e-02  
   2.1800001  1.157279e+00  2.299781e-01  2.637596e-02  5.503942e-02  
   2.1900001  1.208565e+00  2.167054e-01  2.671831e-02  5.177217e-02  
   2.2000000  1.265382e+00  2.022391e-01  2.676145e-02  4.822730e-02  
   2.2100000  1.330979e+00  1.873079e-01  2.655073e-02  4.458016e-02  
   2.2200000  1.407603e+00  1.725450e-01  2.614216e-02  4.098264e-02  
   2.2300000  1.495663e+00  1.584331e-01  2.558669e-02  3.755019e-02  
   2.2400000  1.593110e+00  1.452777e-01  2.491629e-02  3.435559e-02  
   2.2500000  1.695166e+00  1.332093e-01  2.413635e-02  3.142970e-02  
   2.2600000  1.794548e+00  1.222106e-01  2.322690e-02  2.876805e-02  
   2.2700000  1.882195e+00  1.121601e-01  2.215263e-02  2.634133e-02  
   2.2800000  1.948417e+00  1.028841e-01  2.087885e-02  2.410781e-02  
   2.2900000  1.984316e+00  9.420826e-02  1.938925e-02  2.202546e-02  
   2.3000000  1.983204e+00  8.600064e-02  1.770108e-02  2.006214e-02  
   2.3099999  1.941781e+00  7.820024e-02  1.587416e-02  1.820222e-02  
   2.3199999  1.860835e+00  7.082707e-02  1.401261e-02  1.644888e-02  
   2.3299999  1.745341e+00  6.397354e-02  1.225939e-02  1.482215e-02  
   2.3399999  1.603994e+00  5.777974e-02  1.078577e-02  1.335311e-02  
   2.3499999  1.448287e+00  5.239899e-02  9.777603e-03  1.207593e-02  
   2.3599999  1.291383e+00  4.796184e-02  9.420065e-03  1.101953e-02  
   2.3699999  1.146967e+00  4.454618e-02  9.881568e-03  1.020078e-02  
   2.3800001  1.028230e+00  4.215982e-02  1.129707e-02  9.620476e-03  
   2.3900001  9.470384e-01  4.073886e-02  1.375070e-02  9.263053e-03  
   2.4000001  9.131879e-01  4.015984e-02  1.725950e-02  9.099373e-03  
   2.4100001  9.337235e-01  4.026261e-02  2.175978e-02  9.092027e-03  
   2.4200001  1.012237e+00  4.087661e-02  2.709962e-02  9.201342e-03  
   2.4300001  1.148200e+00  4.184395e-02  3.304056e-02  9.390689e-03  
   2.4400001  1.336483e+00  4.303408e-02  3.927017e-02  9.629827e-03  
   2.4500000  1.567219e+00  4.434763e-02  4.542568e-02  9.895818e-03  
   2.4600000  1.826209e+00  4.571066e-02  5.112637e-02  1.017174e-02  
   2.4700000  2.095910e+00  4.706309e-02  5.601051e-02  1.044406e-02  
   2.4800000  2.356961e+00  4.834656e-02  5.977157e-02  1.069991e-02  
   2.4900000  2.590048e+00  4.949602e-02  6.218859e-02  1.092514e-02  
   2.5000000  2.777836e+00  5.043776e-02  6.314579e-02  1.110385e-02  
   2.5100000  2.906732e+00  5.109489e-02  6.263971e-02  1.121951e-02  
   2.5200000  2.968267e+00  5.140003e-02  6.077318e-02  1.125769e-02  
   2.5300000  2.960032e+00  5.131511e-02  5.773956e-02  1.121025e-02  
   2.5400000  2.886122e+00  5.085788e-02  5.380137e-02  1.108095e-02  
   2.5500000  2.757090e+00  5.013306e-02  4.926902e-02  1.089196e-02  
   2.5599999  2.589314e+00  4.936230e-02  4.448333e-02  1.069016e-02  
   2.5699999  2.403674e+00  4.890309e-02  3.980241e-02  1.055101e-02  
   2.5799999  2.223433e+00  4.924277e-02  3.559038e-02  1.057715e-02  
   2.5899999  2.071372e+00  5.095597e-02  3.220257e-02  1.088943e-02  
   2.5999999  1.966518e+00  5.462089e-02  2.996228e-02  1.160913e-02  
   2.6099999  1.921064e+00  6.070321e-02  2.912779e-02  1.283352e-02  
   2.6199999  1.938261e+00  6.943013e-02  2.985386e-02  1.460949e-02  
   2.6300001  2.011970e+00  8.068696e-02  3.215727e-02  1.691197e-02  
   2.6400001  2.128135e+00  9.396669e-02  3.589759e-02  1.963368e-02  
   2.6500001  2.267956e+00  1.083970e-01  4.078347e-02  2.259111e-02  
   2.6600001  2.411933e+00  1.228404e-01  4.640573e-02  2.554603e-02  
   2.6700001  2.543709e+00  1.360523e-01  5.229169e-02  2.823881e-02  
   2.6800001  2.652744e+00  1.468604e-01  5.796779e-02  3.042614e-02  
   2.6900001  2.735229e+00  1.543261e-01  6.301521e-02  3.191478e-02  
   2.7000000  2.793273e+00  1.578579e-01  6.710654e-02  3.258482e-02  
   2.7100000  2.832883e+00  1.572599e-01  7.001974e-02  3.239935e-02  
   2.7200000  2.861518e+00  1.527149e-01  7.163259e-02  3.140034e-02  
   2.7300000  2.885990e+00  1.447179e-01  7.190800e-02  2.969416e-02  
   2.7400000  2.911211e+00  1.339807e-01  7.088041e-02  2.743128e-02  
   2.7500000  2.939939e+00  1.213285e-01  6.864901e-02  2.478441e-02  
   2.7600000  2.973401e+00  1.076050e-01  6.537911e-02  2.192870e-02  
   2.7700000  3.012415e+00  9.359556e-02  6.130465e-02  1.902596e-02  
   2.7800000  3.058603e+00  7.997158e-02  5.672413e-02  1.621341e-02  
   2.7900000  3.115265e+00  6.725609e-02  5.198275e-02  1.359688e-02  
   2.8000000  3.187611e+00  5.580790e-02  4.743897e-02  1.124804e-02  
   2.8099999  3.282156e+00  4.582276e-02  4.341991e-02  9.205027e-03  
   2.8199999  3.405353e+00  3.734940e-02  4.017463e-02  7.476012e-03  
   2.8299999  3.561708e+00  3.031785e-02  3.783620e-02  6.045216e-03  
   2.8399999  3.751856e+00  2.457610e-02  3.640195e-02  4.880442e-03  
   2.8499999  3.971157e+00  1.992954e-02  3.573662e-02  3.941087e-03  
   2.8599999  4.209293e+00  1.617705e-02  3.559798e-02  3.185424e-03  
   2.8699999  4.451170e+00  1.313863e-02  3.567981e-02  2.576096e-03  
   2.8800001  4.679075e+00  1.067106e-02  3.566371e-02  2.083242e-03  
   2.8900001  4.875665e+00  8.671993e-03  3.527084e-02  1.685297e-03  
   2.9000001  5.027225e+00  7.074120e-03  3.430445e-02  1.367820e-03  
   2.9100001  5.126334e+00  5.834611e-03  3.267711e-02  1.121404e-03  
   2.9200001  5.173347e+00  4.923364e-03  3.041887e-02  9.393393e-04  
   2.9300001  5.176368e+00  4.313818e-03  2.766651e-02  8.157808e-04  
   2.9400001  5.149684e+00  3.977975e-03  2.463682e-02  7.447351e-04  
   2.9500000  5.111092e+00  3.885645e-03  2.158965e-02  7.198685e-04  
   2.9600000  5.078750e+00  4.006589e-03  1.878784e-02  7.348839e-04  
   2.9700000  5.068230e+00  4.313539e-03  1.646039e-02  7.840800e-04  
   2.9800000  5.090349e+00  4.784178e-03  1.477438e-02  8.627360e-04  
   2.9900000  5.150088e+00  5.400828e-03  1.381826e-02  9.670788e-04  
   3.0000000  5.246594e+00  6.147544e-03  1.359717e-02  1.093783e-03  
   3.0100000  5.374076e+00  7.005372e-03  1.403900e-02  1.239139e-03  
   3.0200000  5.523213e+00  7.947274e-03  1.500885e-02  1.398156e-03  
   3.0300000  5.682744e+00  8.934483e-03  1.632899e-02  1.563921e-03  
   3.0400000  5.840943e+00  9.915924e-03  1.780149e-02  1.727493e-03  
   3.0500000  5.986783e+00  1.083154e-02  1.923061e-02  1.878473e-03  
   3.0599999  6.110774e+00  1.161953e-02  2.044273e-02  2.006246e-03  
   3.0699999  6.205508e+00  1.222622e-02  2.130202e-02  2.101667e-03  
   3.0799999  6.266023e+00  1.261673e-02  2.172109e-02  2.158842e-03  
   3.0899999  6.290035e+00  1.278366e-02  2.166625e-02  2.176578e-03  
   3.0999999  6.278163e+00  1.275158e-02  2.115764e-02  2.159084e-03  
   3.1099999  6.234001e+00  1.257558e-02  2.026418e-02  2.115681e-03  
   3.1199999  6.163911e+00  1.233368e-02  1.909355e-02  2.059470e-03  
   3.1300001  6.076439e+00  1.211424e-02  1.777709e-02  2.005201e-03  
   3.1400001  5.981244e+00  1.200090e-02  1.645119e-02  1.966761e-03  
   3.1500001  5.887622e+00  1.205805e-02  1.523662e-02  1.954800e-03  
   3.1600001  5.802958e+00  1.231994e-02  1.422014e-02  1.974969e-03  
   3.1700001  5.731412e+00  1.278510e-02  1.344167e-02  2.027111e-03  
   3.1800001  5.673272e+00  1.341711e-02  1.289026e-02  2.105453e-03  
   3.1900001  5.625162e+00  1.415080e-02  1.250999e-02  2.199715e-03  
   3.2000000  5.581113e+00  1.490257e-02  1.221453e-02  2.296824e-03  
   3.2100000  5.534271e+00  1.558265e-02  1.190677e-02  2.382918e-03  
   3.2200000  5.478830e+00  1.610743e-02  1.149911e-02  2.445276e-03  
   3.2300000  5.411732e+00  1.641017e-02  1.092995e-02  2.473958e-03  
   3.2400000  5.333778e+00  1.644920e-02  1.017332e-02  2.462980e-03  
   3.2500000  5.249879e+00  1.621275e-02  9.240672e-03  2.410938e-03  
   3.2600000  5.168450e+00  1.572045e-02  8.175462e-03  2.321101e-03  
   3.2700000  5.100069e+00  1.502134e-02  7.042711e-03  2.200988e-03  
   3.2800000  5.055687e+00  1.418865e-02  5.916241e-03  2.061496e-03  
   3.2900000  5.044756e+00  1.331179e-02  4.866329e-03  1.915652e-03  
   3.3000000  5.073564e+00  1.248618e-02  3.949854e-03  1.777125e-03  
   3.3099999  5.144100e+00  1.180189e-02  3.204263e-03  1.658633e-03  
   3.3199999  5.253556e+00  1.133273e-02  2.645684e-03  1.570454e-03  
   3.3299999  5.394517e+00  1.112721e-02  2.270683e-03  1.519254e-03  
   3.3399999  5.555737e+00  1.120320e-02  2.060549e-03  1.507444e-03  
   3.3499999  5.723366e+00  1.154750e-02  1.986688e-03  1.533208e-03  
   3.3599999  5.882408e+00  1.212065e-02  2.015769e-03  1.591232e-03  
   3.3699999  6.018271e+00  1.286642e-02  2.113681e-03  1.674024e-03  
   3.3800001  6.118228e+00  1.372421e-02  2.247966e-03  1.773587e-03  
   3.3900001  6.172682e+00  1.464155e-02  2.388997e-03  1.883075e-03  
   3.4000001  6.176134e+00  1.558439e-02  2.510569e-03  1.998108e-03  
   3.4100001  6.127819e+00  1.654209e-02  2.590553e-03  2.117411e-03  
   3.4200001  6.031833e+00  1.752653e-02  2.612048e-03  2.242649e-03  
   3.4300001  5.896866e+00  1.856543e-02  2.564935e-03  2.377515e-03  
   3.4400001  5.735405e+00  1.969164e-02  2.447366e-03  2.526320e-03  
   3.4500000  5.562581e+00  2.093164e-02  2.266529e-03  2.692453e-03  
   3.4600000  5.394751e+00  2.229582e-02  2.038235e-03  2.877110e-03  
   3.4700000  5.248037e+00  2.377309e-02  1.785214e-03  3.078577e-03  
   3.4800000  5.136990e+00  2.533057e-02  1.534484e-03  3.292179e-03  
   3.4900000  5.073547e+00  2.691788e-02  1.314467e-03  3.510845e-03  
   3.5000000  5.066338e+00  2.847406e-02  1.152538e-03  3.726047e-03  
   3.5100000  5.120356e+00  2.993547e-02  1.073530e-03  3.928852e-03  
   3.5200000  5.236909e+00  3.124239e-02  1.099365e-03  4.110848e-03  
   3.5300000  5.413806e+00  3.234369e-02  1.249594e-03  4.264798e-03  
   3.5400000  5.645681e+00  3.319925e-02  1.542412e-03  4.385021e-03  
   3.5500000  5.924453e+00  3.378086e-02  1.995622e-03  4.467514e-03  
   3.5599999  6.239831e+00  3.407201e-02  2.627077e-03  4.509967e-03  
   3.5699999  6.579845e+00  3.406727e-02  3.454417e-03  4.511660e-03  
   3.5799999  6.931286e+00  3.377115e-02  4.494112e-03  4.473295e-03  
   3.5899999  7.280063e+00  3.319608e-02  5.760225e-03  4.396706e-03  
   3.5999999  7.611418e+00  3.235945e-02  7.263393e-03  4.284455e-03  
   3.6099999  7.910067e+00  3.128032e-02  9.010680e-03  4.139346e-03  
   3.6199999  8.160464e+00  2.997633e-02  1.100667e-02  3.964022e-03  
   3.6300001  8.347336e+00  2.846255e-02  1.325589e-02  3.760781e-03  
   3.6400001  8.456669e+00  2.675323e-02  1.576573e-02  3.531784e-03  
   3.6500001  8.477295e+00  2.486604e-02  1.854973e-02  3.279613e-03  
   3.6600001  8.402867e+00  2.282876e-02  2.162926e-02  3.008116e-03  
   3.6700001  8.234014e+00  2.068586e-02  2.503388e-02  2.723284e-03  
   3.6800001  7.980201e+00  1.850308e-02  2.880058e-02  2.433839e-03  
   3.6900001  7.660861e+00  1.636841e-02  3.297314e-02  2.151369e-03  
   3.7000000  7.305232e+00  1.438848e-02  3.760327e-02  1.889863e-03  
   3.7100000  6.950801e+00  1.268042e-02  4.275402e-02  1.664661e-03  
   3.7200000  6.640220e+00  1.136008e-02  4.850384e-02  1.490913e-03  
   3.7300000  6.417027e+00  1.052808e-02  5.494655e-02  1.381767e-03  
   3.7400000  6.320647e+00  1.025595e-02  6.218131e-02  1.346558e-03  
   3.7500000  6.381236e+00  1.057521e-02  7.028625e-02  1.389373e-03  
   3.7600000  6.615029e+00  1.147265e-02  7.927468e-02  1.508435e-03  
   3.7700000  7.020811e+00  1.289445e-02  8.903874e-02  1.696631e-03  
   3.7800000  7.578004e+00  1.475971e-02  9.929563e-02  1.943284e-03  
   3.7900000  8.247025e+00  1.698098e-02  1.095558e-01  2.236841e-03  
   3.8000000  8.972255e+00  1.948587e-02  1.191352e-01  2.567698e-03  
   3.8099999  9.687879e+00  2.223185e-02  1.272246e-01  2.930152e-03  
   3.8199999  1.032622e+01  2.520741e-02  1.330150e-01  3.322547e-03  
   3.8299999  1.082758e+01  2.841643e-02  1.358581e-01  3.745231e-03  
   3.8399999  1.114978e+01  3.184877e-02  1.354233e-01  4.196696e-03  
   3.8499999  1.127510e+01  3.544591e-02  1.318066e-01  4.669091e-03  
   3.8599999  1.121282e+01  3.907368e-02  1.255511e-01  5.144648e-03  
   3.8699999  1.099603e+01  4.251345e-02  1.175627e-01  5.594563e-03  
   3.8800001  1.067342e+01  4.547856e-02  1.089336e-01  5.981170e-03  
   3.8900001  1.029806e+01  4.765487e-02  1.007179e-01  6.263294e-03  
   3.9000001  9.916112e+00  4.875828e-02  9.371603e-02  6.403799e-03  
   3.9100001  9.558695e+00  4.859450e-02  8.833168e-02  6.377419e-03  
   3.9200001  9.238763e+00  4.710655e-02  8.453435e-02  6.176959e-03  
   3.9300001  8.953207e+00  4.439687e-02  8.193195e-02  5.816120e-03  
   3.9400001  8.688785e+00  4.071699e-02  7.992283e-02  5.328109e-03  
   3.9500000  8.429336e+00  3.642611e-02  7.787476e-02  4.760166e-03  
   3.9600000  8.162031e+00  3.192818e-02  7.527778e-02  4.165293e-03  
   3.9700000  7.880992e+00  2.760181e-02  7.183362e-02  3.593107e-03  
   3.9800000  7.588057e+00  2.374005e-02  6.747110e-02  3.081986e-03  
   3.9900000  7.291263e+00  2.051278e-02  6.230260e-02  2.654204e-03  
   4.0000000  7.002278e+00  1.795850e-02  5.655123e-02  2.314897e-03  
   4.0100002  6.733616e+00  1.600397e-02  5.047932e-02  2.054651e-03  
   4.0200000  6.496406e+00  1.450387e-02  4.433961e-02  1.854661e-03  
   4.0300002  6.298631e+00  1.328741e-02  3.835113e-02  1.692783e-03  
   4.0400000  6.144146e+00  1.220161e-02  3.269871e-02  1.549119e-03  
   4.0500002  6.032143e+00  1.114002e-02  2.753509e-02  1.409729e-03  
   4.0599999  5.957440e+00  1.005506e-02  2.298383e-02  1.268195e-03  
   4.0700002  5.911470e+00  8.952968e-03  1.913049e-02  1.124978e-03  
   4.0799999  5.884073e+00  7.878315e-03  1.601272e-02  9.854236e-04  
   4.0900002  5.865706e+00  6.893205e-03  1.360947e-02  8.570923e-04  
   4.0999999  5.849625e+00  6.059465e-03  1.184202e-02  7.474665e-04  
   4.1100001  5.833408e+00  5.426638e-03  1.058471e-02  6.623922e-04  
   4.1199999  5.819489e+00  5.028658e-03  9.687622e-03  6.056219e-04  
   4.1300001  5.814437e+00  4.886342e-03  9.002245e-03  5.791014e-04  
   4.1399999  5.827270e+00  5.013092e-03  8.405453e-03  5.836958e-04  
   4.1500001  5.867168e+00  5.419079e-03  7.814436e-03  6.197702e-04  
   4.1599998  5.941195e+00  6.111087e-03  7.191281e-03  6.872955e-04  
   4.1700001  6.052534e+00  7.087161e-03  6.536886e-03  7.853565e-04  
   4.1799998  6.199543e+00  8.326860e-03  5.878600e-03  9.111671e-04  
   4.1900001  6.375870e+00  9.781502e-03  5.254894e-03  1.059066e-03  
   4.1999998  6.571374e+00  1.136725e-02  4.702065e-03  1.219815e-03  
   4.2100000  6.773744e+00  1.296663e-02  4.244571e-03  1.380800e-03  
   4.2199998  6.970212e+00  1.443821e-02  3.890953e-03  1.527097e-03  
   4.2300000  7.149231e+00  1.563608e-02  3.634158e-03  1.643541e-03  
   4.2399998  7.301520e+00  1.643338e-02  3.455701e-03  1.717182e-03  
   4.2500000  7.420596e+00  1.674666e-02  3.331510e-03  1.739758e-03  
   4.2600002  7.502639e+00  1.655363e-02  3.238207e-03  1.709440e-03  
   4.2700000  7.546050e+00  1.590125e-02  3.158141e-03  1.631505e-03  
   4.2800002  7.550884e+00  1.490133e-02  3.082260e-03  1.517715e-03  
   4.2900000  7.518540e+00  1.371560e-02  3.010356e-03  1.384638e-03  
   4.3000002  7.451850e+00  1.253298e-02  2.948775e-03  1.251204e-03  
   4.3099999  7.355564e+00  1.154536e-02  2.906534e-03  1.136207e-03  
   4.3200002  7.237007e+00  1.092536e-02  2.891105e-03  1.056055e-03  
   4.3299999  7.106677e+00  1.081106e-02  2.905398e-03  1.023321e-03  
   4.3400002  6.978251e+00  1.129762e-02  2.947012e-03  1.046032e-03  
   4.3499999  6.867965e+00  1.243571e-02  3.010144e-03  1.127693e-03  
   4.3600001  6.793087e+00  1.423378e-02  3.089622e-03  1.267735e-03  
   4.3699999  6.769799e+00  1.666019e-02  3.185727e-03  1.462001e-03  
   4.3800001  6.810745e+00  1.964485e-02  3.308196e-03  1.703166e-03  
   4.3899999  6.922731e+00  2.307694e-02  3.477795e-03  1.980795e-03  
   4.4000001  7.105126e+00  2.680460e-02  3.724691e-03  2.281477e-03  
   4.4099998  7.349278e+00  3.063568e-02  4.083355e-03  2.588964e-03  
   4.4200001  7.639319e+00  3.434828e-02  4.585103e-03  2.885036e-03  
   4.4299998  7.954185e+00  3.770781e-02  5.249349e-03  3.150833e-03  
   4.4400001  8.270842e+00  4.049474e-02  6.076125e-03  3.369020e-03  
   4.4499998  8.567932e+00  4.253332e-02  7.041053e-03  3.526000e-03  
   4.4600000  8.829568e+00  4.371880e-02  8.095425e-03  3.614011e-03  
   4.4699998  9.048166e+00  4.403285e-02  9.170906e-03  3.632270e-03  
   4.4800000  9.226204e+00  4.354493e-02  1.018975e-02  3.587000e-03  
   4.4899998  9.376145e+00  4.239773e-02  1.107713e-02  3.490207e-03  
   4.5000000  9.518950e+00  4.078035e-02  1.177409e-02  3.357482e-03  
   4.5100002  9.681224e+00  3.889614e-02  1.224655e-02  3.205405e-03  
   4.5200000  9.891836e+00  3.693127e-02  1.248917e-02  3.049005e-03  
   4.5300002  1.017858e+01  3.503003e-02  1.252284e-02  2.899797e-03  
   4.5400000  1.056532e+01  3.328184e-02  1.238759e-02  2.764727e-03  
   4.5500002  1.107011e+01  3.171808e-02  1.213415e-02  2.645942e-03  
   4.5599999  1.170391e+01  3.032010e-02  1.181764e-02  2.541453e-03  
   4.5700002  1.247034e+01  2.903276e-02  1.149521e-02  2.446253e-03  
   4.5799999  1.336571e+01  2.778244e-02  1.122840e-02  2.353795e-03  
   4.5900002  1.438014e+01  2.649363e-02  1.108666e-02  2.257393e-03  
   4.5999999  1.549909e+01  2.510416e-02  1.114913e-02  2.151481e-03  
   4.6100001  1.670670e+01  2.357477e-02  1.150011e-02  2.032453e-03  
   4.6199999  1.798922e+01  2.189503e-02  1.221696e-02  1.899180e-03  
   4.6300001  1.933969e+01  2.008347e-02  1.335168e-02  1.753077e-03  
   4.6399999  2.076121e+01  1.818564e-02  1.491030e-02  1.597993e-03  
   4.6500001  2.226937e+01  1.626880e-02  1.683726e-02  1.439821e-03  
   4.6599998  2.389119e+01  1.441754e-02  1.900918e-02  1.286202e-03  
   4.6700001  2.566243e+01  1.272883e-02  2.124392e-02  1.146171e-03  
   4.6799998  2.762162e+01  1.131010e-02  2.332235e-02  1.030063e-03  
   4.6900001  2.980465e+01  1.027766e-02  2.502168e-02  9.494363e-04  
   4.6999998  3.223856e+01  9.756932e-03  2.615083e-02  9.171337e-04  
   4.7100000  3.493893e+01  9.880655e-03  2.658261e-02  9.471202e-04  
   4.7199998  3.790757e+01  1.078403e-02  2.627387e-02  1.053969e-03  
   4.7300000  4.113427e+01  1.259362e-02  2.527088e-02  1.251702e-03  
   4.7399998  4.459748e+01  1.540845e-02  2.369875e-02  1.551807e-03  
   4.7500000  4.826769e+01  1.927598e-02  2.173715e-02  1.960690e-03  
   4.7600002  5.210834e+01  2.416421e-02  1.958922e-02  2.476690e-03  
   4.7700000  5.607826e+01  2.993929e-02  1.744873e-02  3.087608e-03  
   4.7800002  6.013449e+01  3.635610e-02  1.547270e-02  3.769534e-03  
   4.7900000  6.423385e+01  4.306418e-02  1.376562e-02  4.487216e-03  
   4.8000002  6.833765e+01  4.963843e-02  1.237507e-02  5.197051e-03  
   4.8099999  7.241264e+01  5.562219e-02  1.130120e-02  5.851363e-03  
   4.8200002  7.643378e+01  6.058377e-02  1.051396e-02  6.404223e-03  
   4.8299999  8.038104e+01  6.416578e-02  9.975377e-03  6.816634e-03  
   4.8400002  8.423699e+01  6.612588e-02  9.659183e-03  7.060936e-03  
   4.8499999  8.797939e+01  6.635528e-02  9.564308e-03  7.122996e-03  
   4.8600001  9.157746e+01  6.487961e-02  9.718141e-03  7.002642e-03  
   4.8699999  9.498709e+01  6.184338e-02  1.016970e-02  6.712367e-03  
   4.8800001  9.815266e+01  5.748449e-02  1.097474e-02  6.275004e-03  
   4.8899999  1.010104e+02  5.210713e-02  1.217691e-02  5.721144e-03  
   4.9000001  1.034965e+02  4.605224e-02  1.379108e-02  5.086209e-03  
   4.9099998  1.055544e+02  3.967300e-02  1.579291e-02  4.407935e-03  
   4.9200001  1.071414e+02  3.330760e-02  1.812015e-02  3.723408e-03  
   4.9299998  1.082310e+02  2.725784e-02  2.068425e-02  3.066580e-03  
   4.9400001  1.088124e+02  2.176546e-02  2.339295e-02  2.465419e-03  
   4.9499998  1.088861e+02  1.699827e-02  2.617511e-02  1.940055e-03  
   4.9600000  1.084587e+02  1.304010e-02  2.900408e-02  1.501349e-03  
   4.9699998  1.075390e+02  9.895002e-03  3.190827e-02  1.151087e-03  
   4.9800000  1.061361e+02  7.498627e-03  3.496760e-02  8.830874e-04  
   4.9899998  1.042620e+02  5.740363e-03  3.829045e-02  6.856205e-04  
   5.0000000  1.019353e+02  4.487016e-03  4.197947e-02  5.441168e-04  
   5.0100002  9.918631e+01  3.606614e-03  4.609060e-02  4.439463e-04  
   5.0200000  9.606178e+01  2.985413e-03  5.060019e-02  3.724492e-04  
   5.0300002  9.262465e+01  2.537026e-03  5.538999e-02  3.200487e-04  
   5.0400000  8.895374e+01  2.203610e-03  6.025415e-02  2.804163e-04  
   5.0500002  8.513726e+01  1.950606e-03  6.493398e-02  2.498619e-04  
   5.0599999  8.126814e+01  1.758959e-03  6.916638e-02  2.264148e-04  
   5.0700002  7.743637e+01  1.617381e-03  7.274025e-02  2.089078e-04  
   5.0799999  7.372572e+01  1.517236e-03  7.553939e-02  1.963857e-04  
   5.0900002  7.020918e+01  1.450518e-03  7.756446e-02  1.878920e-04  
   5.0999999  6.694933e+01  1.410675e-03  7.892365e-02  1.826017e-04  
   5.1100001  6.399675e+01  1.394805e-03  7.979649e-02  1.801170e-04  
   5.1199999  6.139167e+01  1.405886e-03  8.037847e-02  1.807556e-04  
   5.1300001  5.916314e+01  1.453787e-03  8.082327e-02  1.856755e-04  
   5.1399999  5.733052e+01  1.554507e-03  8.119673e-02  1.967717e-04  
   5.1500001  5.590311e+01  1.727701e-03  8.145633e-02  2.163572e-04  
   5.1599998  5.488216e+01  1.992985e-03  8.146033e-02  2.466975e-04  
   5.1700001  5.426182e+01  2.366049e-03  8.100459e-02  2.895329e-04  
   5.1799998  5.403155e+01  2.855170e-03  7.987684e-02  3.456704e-04  
   5.1900001  5.417718e+01  3.459211e-03  7.791360e-02  4.147737e-04  
   5.1999998  5.468145e+01  4.166850e-03  7.504643e-02  4.953200e-04  
   5.2100000  5.552293e+01  4.957639e-03  7.132384e-02  5.847822e-04  
   5.2199998  5.667382e+01  5.803644e-03  6.690753e-02  6.798732e-04  
   5.2300000  5.809806e+01  6.672149e-03  6.204082e-02  7.768932e-04  
   5.2399998  5.974923e+01  7.527859e-03  5.700395e-02  8.719890e-04  
   5.2500000  6.157213e+01  8.335580e-03  5.206195e-02  9.614325e-04  
   5.2600002  6.350556e+01  9.062137e-03  4.742490e-02  1.041790e-03  
   5.2700000  6.548897e+01  9.678671e-03  4.322324e-02  1.110116e-03  
   5.2800002  6.747036e+01  1.016289e-02  3.950373e-02  1.164152e-03  
   5.2900000  6.941305e+01  1.050102e-02  3.624470e-02  1.202508e-03  
   5.3000002  7.130092e+01  1.069003e-02  3.337923e-02  1.224900e-03  
   5.3099999  7.313824e+01  1.073924e-02  3.082358e-02  1.232362e-03  
   5.3200002  7.494618e+01  1.067220e-02  2.850006e-02  1.227494e-03  
   5.3299999  7.675492e+01  1.052847e-02  2.635557e-02  1.214736e-03  
   5.3400002  7.859631e+01  1.036587e-02  2.437148e-02  1.200686e-03  
   5.3499999  8.049807e+01  1.026241e-02  2.256909e-02  1.194384e-03  
   5.3600001  8.248324e+01  1.031662e-02  2.100735e-02  1.207382e-03  
   5.3699999  8.457365e+01  1.064404e-02  1.977501e-02  1.253330e-03  
   5.3800001  8.679710e+01  1.136761e-02  1.897384e-02  1.346841e-03  
   5.3899999  8.919330e+01  1.260072e-02  1.869568e-02  1.501434e-03  
   5.4000001  9.181726e+01  1.442419e-02  1.899529e-02  1.726767e-03  
   5.4099998  9.473529e+01  1.685984e-02  1.986631e-02  2.025444e-03  
   5.4200001  9.801710e+01  1.984845e-02  2.122739e-02  2.390353e-03  
   5.4299998  1.017222e+02  2.323629e-02  2.292375e-02  2.803026e-03  
   5.4400001  1.058885e+02  2.677997e-02  2.474722e-02  3.234201e-03  
   5.4499998  1.105224e+02  3.016819e-02  2.646901e-02  3.646427e-03  
   5.4600000  1.155972e+02  3.306383e-02  2.787970e-02  3.999117e-03  
   5.4699998  1.210558e+02  3.515492e-02  2.882356e-02  4.254675e-03  
   5.4800000  1.268225e+02  3.620897e-02  2.922052e-02  4.385067e-03  
   5.4899998  1.328145e+02  3.611502e-02  2.906931e-02  4.376899e-03  
   5.5000000  1.389573e+02  3.490641e-02  2.843325e-02  4.234224e-03  
   5.5100002  1.451949e+02  3.275710e-02  2.741417e-02  3.978133e-03  
   5.5200000  1.514969e+02  2.995294e-02  2.612281e-02  3.643344e-03  
   5.5300002  1.578609e+02  2.684290e-02  2.465425e-02  3.272331e-03  
   5.5400000  1.643054e+02  2.378324e-02  2.307471e-02  2.908563e-03  
   5.5500002  1.708629e+02  2.108205e-02  2.142026e-02  2.589741e-03  
   5.5599999  1.775654e+02  1.895848e-02  1.970656e-02  2.342756e-03  
   5.5700002  1.844353e+02  1.751836e-02  1.794266e-02  2.180621e-03  
   5.5799999  1.914743e+02  1.675205e-02  1.614535e-02  2.102076e-03  
   5.5900002  1.986639e+02  1.654929e-02  1.434759e-02  2.093303e-03  
   5.5999999  2.059672e+02  1.672885e-02  1.260156e-02  2.131507e-03  
   5.6100001  2.133428e+02  1.707568e-02  1.097469e-02  2.189517e-03  
   5.6199999  2.207540e+02  1.738012e-02  9.543156e-03  2.240711e-03  
   5.6300001  2.281831e+02  1.747336e-02  8.382980e-03  2.263593e-03  
   5.6399999  2.356333e+02  1.725396e-02  7.562567e-03  2.245269e-03  
   5.6500001  2.431272e+02  1.670169e-02  7.135403e-03  2.183364e-03  
   5.6599998  2.506929e+02  1.587683e-02  7.134413e-03  2.086043e-03  
   5.6700001  2.583524e+02  1.490487e-02  7.566637e-03  1.970113e-03  
   5.6799998  2.661054e+02  1.395060e-02  8.409308e-03  1.857678e-03  
   5.6900001  2.739258e+02  1.318628e-02  9.608363e-03  1.771984e-03  
   5.6999998  2.817603e+02  1.276211e-02  1.108024e-02  1.733490e-03  
   5.7100000  2.895397e+02  1.278415e-02  1.271909e-02  1.756924e-03  
   5.7199998  2.971855e+02  1.330491e-02  1.440750e-02  1.849972e-03  
   5.7300000  3.046192e+02  1.432640e-02  1.603096e-02  2.013648e-03  
   5.7399998  3.117581e+02  1.581296e-02  1.749070e-02  2.243934e-03  
   5.7500000  3.185069e+02  1.770924e-02  1.871405e-02  2.534132e-03  
   5.7600002  3.247407e+02  1.995669e-02  1.965769e-02  2.876964e-03  
   5.7700000  3.302903e+02  2.250540e-02  2.030540e-02  3.266074e-03  
   5.7800002  3.349370e+02  2.531950e-02  2.066102e-02  3.696653e-03  
   5.7900000  3.384196e+02  2.837493e-02  2.074008e-02  4.165029e-03  
   5.8000002  3.404608e+02  3.165467e-02  2.056366e-02  4.667970e-03  
   5.8099999  3.408075e+02  3.513984e-02  2.015643e-02  5.201446e-03  
   5.8200002  3.392790e+02  3.880294e-02  1.954894e-02  5.759762e-03  
   5.8299999  3.358145e+02  4.259970e-02  1.878295e-02  6.334507e-03  
   5.8400002  3.305060e+02  4.646524e-02  1.791641e-02  6.914228e-03  
   5.8499999  3.236132e+02  5.031016e-02  1.702641e-02  7.484062e-03  
   5.8600001  3.155499e+02  5.402294e-02  1.620734e-02  8.026350e-03  
   5.8699999  3.068484e+02  5.747316e-02  1.556536e-02  8.521360e-03  
   5.8800001  2.980995e+02  6.052160e-02  1.520844e-02  8.948917e-03  
   5.8899999  2.898874e+02  6.302976e-02  1.523500e-02  9.289929e-03  
   5.9000001  2.827170e+02  6.487294e-02  1.572181e-02  9.528197e-03  
   5.9099998  2.769594e+02  6.595042e-02  1.671336e-02  9.651721e-03  
   5.9200001  2.728130e+02  6.619558e-02  1.821441e-02  9.653800e-03  
   5.9299998  2.702943e+02  6.558440e-02  2.018623e-02  9.533870e-03  
   5.9400001  2.692557e+02  6.414386e-02  2.254960e-02  9.298285e-03  
   5.9499998  2.694269e+02  6.196054e-02  2.519329e-02  8.961217e-03  
   5.9600000  2.704713e+02  5.918603e-02  2.799128e-02  8.545293e-03  
   5.9699998  2.720448e+02  5.603822e-02  3.082458e-02  8.081788e-03  
   5.9800000  2.738468e+02  5.279158e-02  3.360882e-02  7.609393e-03  
   5.9899998  2.756527e+02  4.975810e-02  3.631938e-02  7.171775e-03  
   6.0000000  2.773266e+02  4.725600e-02  3.901234e-02  6.813330e-03  
   6.0100002  2.788141e+02  4.557520e-02  4.183146e-02  6.574509e-03  
   6.0200000  2.801241e+02  4.494347e-02  4.499917e-02  6.487072e-03  
   6.0300002  2.813051e+02  4.550193e-02  4.878921e-02  6.570666e-03  
   6.0400000  2.824237e+02  4.729397e-02  5.348198e-02  6.831205e-03  
   6.0500002  2.835506e+02  5.026770e-02  5.931381e-02  7.261180e-03  
   6.0599999  2.847514e+02  5.428776e-02  6.642528e-02  7.841296e-03  
   6.0700002  2.860832e+02  5.915356e-02  7.482679e-02  8.543011e-03  
   6.0799999  2.875934e+02  6.461541e-02  8.438078e-02  9.330784e-03  
   6.0900002  2.893170e+02  7.039120e-02  9.481444e-02  1.016442e-02  
   6.0999999  2.912738e+02  7.617719e-02  1.057474e-01  1.100056e-02  
   6.1100001  2.934665e+02  8.166253e-02  1.167398e-01  1.179468e-02  
   6.1199999  2.958794e+02  8.654190e-02  1.273349e-01  1.250295e-02  
   6.1300001  2.984819e+02  9.053656e-02  1.371021e-01  1.308523e-02  
   6.1399999  3.012343e+02  9.341691e-02  1.456597e-01  1.350840e-02  
   6.1500001  3.040974e+02  9.503197e-02  1.526922e-01  1.375068e-02  
   6.1599998  3.070392e+02  9.533766e-02  1.579510e-01  1.380590e-02  
   6.1700001  3.100438e+02  9.442312e-02  1.612590e-01  1.368732e-02  
   6.1799998  3.131126e+02  9.252518e-02  1.625126e-01  1.342995e-02  
   6.1900001  3.162679e+02  9.002474e-02  1.616903e-01  1.308997e-02  
   6.1999998  3.195520e+02  8.741893e-02  1.588602e-01  1.274070e-02  
   6.2100000  3.230293e+02  8.526476e-02  1.541845e-01  1.246439e-02  
   6.2199998  3.267880e+02  8.410178e-02  1.479133e-01  1.234081e-02  
   6.2300000  3.309431e+02  8.436260e-02  1.403623e-01  1.243402e-02  
   6.2399998  3.356349e+02  8.629142e-02  1.318818e-01  1.278037e-02  
   6.2500000  3.410258e+02  8.988940e-02  1.228126e-01  1.338027e-02  
   6.2600002  3.472861e+02  9.490145e-02  1.134513e-01  1.419616e-02  
   6.2700000  3.545759e+02  1.008517e-01  1.040224e-01  1.515757e-02  
   6.2800002  3.630224e+02  1.071225e-01  9.467017e-02  1.617269e-02  
   6.2900000  3.726938e+02  1.130573e-01  8.547439e-02  1.714351e-02  
   6.3000002  3.835820e+02  1.180702e-01  7.647534e-02  1.798209e-02  
   6.3099999  3.955902e+02  1.217333e-01  6.771263e-02  1.862363e-02  
   6.3200002  4.085413e+02  1.238322e-01  5.925343e-02  1.903496e-02  
   6.3299999  4.221929e+02  1.243769e-01  5.121572e-02  1.921625e-02  
   6.3400002  4.362797e+02  1.235749e-01  4.376791e-02  1.919745e-02  
   6.3499999  4.505543e+02  1.217769e-01  3.711818e-02  1.903036e-02  
   6.3600001  4.648449e+02  1.194079e-01  3.148443e-02  1.877851e-02  
   6.3699999  4.790937e+02  1.168990e-01  2.706262e-02  1.850709e-02  
   6.3800001  4.933897e+02  1.146274e-01  2.399031e-02  1.827382e-02  
   6.3899999  5.079648e+02  1.128716e-01  2.232054e-02  1.812205e-02  
   6.4000001  5.231698e+02  1.117837e-01  2.200525e-02  1.807613e-02  
   6.4099998  5.394111e+02  1.113795e-01  2.289693e-02  1.813952e-02  
   6.4200001  5.570802e+02  1.115472e-01  2.476769e-02  1.829561e-02  
   6.4299998  5.764647e+02  1.120735e-01  2.734511e-02  1.851138e-02  
   6.4400001  5.976830e+02  1.126845e-01  3.036065e-02  1.874345e-02  
   6.4499998  6.206293e+02  1.130933e-01  3.359970e-02  1.894551e-02  
   6.4600000  6.449652e+02  1.130476e-01  3.694630e-02  1.907574e-02  
   6.4699998  6.701364e+02  1.123645e-01  4.040832e-02  1.910252e-02  
   6.4800000  6.954372e+02  1.109468e-01  4.412115e-02  1.900714e-02  
   6.4899998  7.200871e+02  1.087780e-01  4.832331e-02  1.878313e-02  
   6.5000000  7.433360e+02  1.058993e-01  5.331434e-02  1.843281e-02  
   6.5100002  7.645486e+02  1.023793e-01  5.939968e-02  1.796269e-02  
   6.5200000  7.832778e+02  9.828643e-02  6.684007e-02  1.737926e-02  
   6.5300002  7.992993e+02  9.367157e-02  7.581640e-02  1.668682e-02  
   6.5400000  8.125903e+02  8.857045e-02  8.641147e-02  1.588825e-02  
   6.5500002  8.232722e+02  8.301685e-02  9.861632e-02  1.498781e-02  
   6.5599999  8.315122e+02  7.706916e-02  1.123375e-01  1.399595e-02  
   6.5700002  8.374215e+02  7.083378e-02  1.274058e-01  1.293350e-02  
   6.5799999  8.409617e+02  6.448647e-02  1.435562e-01  1.183524e-02  
   6.5900002  8.418996e+02  5.827642e-02  1.603967e-01  1.075049e-02  
   6.5999999  8.398150e+02  5.251935e-02  1.773568e-01  9.741489e-03  
   6.6100001  8.341667e+02  4.756982e-02  1.936638e-01  8.878073e-03  
   6.6199999  8.244083e+02  4.378378e-02  2.083509e-01  8.230458e-03  
   6.6300001  8.101163e+02  4.146861e-02  2.203395e-01  7.859644e-03  
   6.6399999  7.911194e+02  4.083504e-02  2.285691e-01  7.808142e-03  
   6.6500001  7.675685e+02  4.195587e-02  2.321713e-01  8.091945e-03  
   6.6599998  7.399655e+02  4.474479e-02  2.306281e-01  8.696337e-03  
   6.6700001  7.090980e+02  4.896281e-02  2.238828e-01  9.577017e-03  
   6.6799998  6.759380e+02  5.425318e-02  2.123761e-01  1.066677e-02  
   6.6900001  6.414811e+02  6.020429e-02  1.970007e-01  1.188758e-02  
   6.6999998  6.066106e+02  6.642152e-02  1.790079e-01  1.316463e-02  
   6.7100000  5.719712e+02  7.259820e-02  1.598797e-01  1.444002e-02  
   6.7199998  5.379279e+02  7.855762e-02  1.412183e-01  1.568085e-02  
   6.7300000  5.045652e+02  8.426240e-02  1.246388e-01  1.688095e-02  
   6.7399998  4.717709e+02  8.977880e-02  1.116918e-01  1.805364e-02  
   6.7500000  4.393245e+02  9.521479e-02  1.037787e-01  1.921940e-02  
   6.7600002  4.070137e+02  1.006444e-01  1.020745e-01  2.039081e-02  
   6.7700000  3.747078e+02  1.060497e-01  1.074399e-01  2.156133e-02  
   6.7800002  3.423965e+02  1.113020e-01  1.203473e-01  2.270167e-02  
   6.7900000  3.102015e+02  1.161882e-01  1.408231e-01  2.376563e-02  
   6.8000002  2.783413e+02  1.204845e-01  1.684324e-01  2.470530e-02  
   6.8099999  2.471091e+02  1.240488e-01  2.022833e-01  2.549003e-02  
   6.8200002  2.168321e+02  1.269065e-01  2.410748e-01  2.612409e-02  
   6.8299999  1.878672e+02  1.292945e-01  2.831289e-01  2.665566e-02  
   6.8400002  1.605852e+02  1.316473e-01  3.264506e-01  2.717392e-02  
   6.8499999  1.353820e+02  1.345192e-01  3.687659e-01  2.779318e-02  
   6.8600001  1.126663e+02  1.384647e-01  4.076259e-01  2.862823e-02  
   6.8699999  9.285694e+01  1.439064e-01  4.405489e-01  2.976690e-02  
   6.8800001  7.635422e+01  1.510274e-01  4.652883e-01  3.124810e-02  
   6.8899999  6.352033e+01  1.597149e-01  4.801647e-01  3.304984e-02  
   6.9000001  5.464644e+01  1.695711e-01  4.844518e-01  3.509126e-02  
   6.9099998  4.993703e+01  1.799743e-01  4.786863e-01  3.724521e-02  
   6.9200001  4.949683e+01  1.901809e-01  4.648072e-01  3.935904e-02  
   6.9299998  5.333611e+01  1.994264e-01  4.460294e-01  4.127539e-02  
   6.9400001  6.138819e+01  2.070153e-01  4.264173e-01  4.285074e-02  
   6.9499998  7.353762e+01  2.123743e-01  4.102381e-01  4.396637e-02  
   6.9600000  8.966105e+01  2.150814e-01  4.012045e-01  4.453467e-02  
   6.9699998  1.096629e+02  2.148726e-01  4.018048e-01  4.450046e-02  
   6.9800000  1.335169e+02  2.116446e-01  4.128572e-01  4.384180e-02  
   6.9899998  1.612829e+02  2.054620e-01  4.333941e-01  4.257175e-02  
   7.0000000  1.931228e+02  1.965682e-01  4.608839e-01  4.074080e-02  
   7.0100002  2.292805e+02  1.854003e-01  4.917084e-01  3.843992e-02  
   7.0200000  2.700537e+02  1.725872e-01  5.217967e-01  3.580031e-02  
   7.0300002  3.157563e+02  1.589224e-01  5.472824e-01  3.298762e-02  
   7.0400000  3.666535e+02  1.453122e-01  5.650640e-01  3.019136e-02  
   7.0500002  4.229304e+02  1.326891e-01  5.732273e-01  2.760663e-02  
   7.0599999  4.846396e+02  1.219207e-01  5.712581e-01  2.541544e-02  
   7.0700002  5.517108e+02  1.137128e-01  5.600474e-01  2.376655e-02  
   7.0799999  6.239374e+02  1.085440e-01  5.416822e-01  2.276189e-02  
   7.0900002  7.010325e+02  1.066257e-01  5.190369e-01  2.244825e-02  
   7.0999999  7.826340e+02  1.079054e-01  4.952462e-01  2.281782e-02  
   7.1100001  8.683574e+02  1.121002e-01  4.731169e-01  2.381501e-02  
   7.1199999  9.577585e+02  1.187544e-01  4.546320e-01  2.534821e-02  
   7.1300001  1.050333e+03  1.273128e-01  4.406156e-01  2.730488e-02  
   7.1399999  1.145430e+03  1.371934e-01  4.306704e-01  2.956674e-02  
   7.1500001  1.242234e+03  1.478639e-01  4.233613e-01  3.202578e-02  
   7.1599998  1.339707e+03  1.589017e-01  4.166186e-01  3.459731e-02  
   7.1700001  1.436662e+03  1.700478e-01  4.082314e-01  3.723156e-02  
   7.1799998  1.531824e+03  1.812297e-01  3.963282e-01  3.991889e-02  
   7.1900001  1.624024e+03  1.925612e-01  3.797259e-01  4.268982e-02  
   7.1999998  1.712351e+03  2.042975e-01  3.581052e-01  4.560525e-02  
   7.2100000  1.796346e+03  2.167628e-01  3.319832e-01  4.874038e-02  
   7.2199998  1.876076e+03  2.302438e-01  3.025498e-01  5.216062e-02  
   7.2300000  1.952160e+03  2.448841e-01  2.713916e-01  5.589800e-02  
   7.2399998  2.025627e+03  2.605883e-01  2.402118e-01  5.992861e-02  
   7.2500000  2.097720e+03  2.769725e-01  2.105583e-01  6.416122e-02  
   7.2600002  2.169604e+03  2.933621e-01  1.836423e-01  6.843560e-02  
   7.2700000  2.242097e+03  3.088520e-01  1.602290e-01  7.253604e-02  
   7.2800002  2.315462e+03  3.224187e-01  1.406174e-01  7.621656e-02  
   7.2900000  2.389284e+03  3.330554e-01  1.247017e-01  7.923245e-02  
   7.3000002  2.462505e+03  3.399247e-01  1.120661e-01  8.137659e-02  
   7.3099999  2.533541e+03  3.424850e-01  1.021122e-01  8.251049e-02  
   7.3200002  2.600534e+03  3.405842e-01  9.416965e-02  8.258809e-02  
   7.3299999  2.661599e+03  3.344924e-01  8.759257e-02  8.166528e-02  
   7.3400002  2.715119e+03  3.248702e-01  8.181655e-02  7.989390e-02  
   7.3499999  2.759950e+03  3.126768e-01  7.639303e-02  7.750013e-02  
   7.3600001  2.795588e+03  2.990227e-01  7.099690e-02  7.474916e-02  
   7.3699999  2.822222e+03  2.850059e-01  6.542755e-02  7.190447e-02  
   7.3800001  2.840706e+03  2.715454e-01  5.960208e-02  6.918634e-02  
   7.3899999  2.852457e+03  2.592663e-01  5.355200e-02  6.674252e-02  
   7.4000001  2.859290e+03  2.484409e-01  4.741361e-02  6.463299e-02  
   7.4099998  2.863229e+03  2.390153e-01  4.141775e-02  6.283654e-02  
   7.4200001  2.866319e+03  2.306972e-01  3.586681e-02  6.127324e-02  
   7.4299998  2.870464e+03  2.230949e-01  3.110761e-02  5.983984e-02  
   7.4400001  2.877299e+03  2.158569e-01  2.749337e-02  5.844644e-02  
   7.4499998  2.888122e+03  2.087902e-01  2.534708e-02  5.704672e-02  
   7.4600000  2.903842e+03  2.019166e-01  2.492422e-02  5.565299e-02  
   7.4699998  2.924973e+03  1.954698e-01  2.638388e-02  5.433471e-02  
   7.4800000  2.951645e+03  1.898287e-01  2.976854e-02  5.320075e-02  
   7.4899998  2.983628e+03  1.854223e-01  3.499448e-02  5.237336e-02  
   7.5000000  3.020371e+03  1.826268e-01  4.185567e-02  5.196039e-02  
   7.5100002  3.061052e+03  1.816915e-01  5.003596e-02  5.203526e-02  
   7.5200000  3.104644e+03  1.827052e-01  5.913318e-02  5.262779e-02  
   7.5300002  3.149982e+03  1.856086e-01  6.869210e-02  5.372822e-02  
   7.5400000  3.195825e+03  1.902386e-01  7.823763e-02  5.529911e-02  
   7.5500002  3.240949e+03  1.963850e-01  8.731649e-02  5.729153e-02  
   7.5599999  3.284203e+03  2.038351e-01  9.553023e-02  5.965650e-02  
   7.5700002  3.324597e+03  2.123973e-01  1.025704e-01  6.235135e-02  
   7.5799999  3.361383e+03  2.218927e-01  1.082390e-01  6.533567e-02  
   7.5900002  3.394133e+03  2.321320e-01  1.124637e-01  6.856416e-02  
   7.5999999  3.422807e+03  2.428811e-01  1.152939e-01  7.197527e-02  
   7.6100001  3.447809e+03  2.538414e-01  1.168870e-01  7.548505e-02  
   7.6199999  3.469964e+03  2.646407e-01  1.174772e-01  7.898375e-02  
   7.6300001  3.490495e+03  2.748519e-01  1.173388e-01  8.234151e-02  
   7.6399999  3.510888e+03  2.840202e-01  1.167458e-01  8.541633e-02  
   7.6500001  3.532745e+03  2.917040e-01  1.159391e-01  8.806692e-02  
   7.6599998  3.557586e+03  2.975087e-01  1.151062e-01  9.016350e-02  
   7.6700001  3.586655e+03  3.011158e-01  1.143771e-01  9.159806e-02  
   7.6799998  3.620750e+03  3.022974e-01  1.138342e-01  9.228939e-02  
   7.6900001  3.660127e+03  3.009205e-01  1.135265e-01  9.218622e-02  
   7.6999998  3.704490e+03  2.969425e-01  1.134816e-01  9.126619e-02  
   7.7100000  3.753072e+03  2.904033e-01  1.137065e-01  8.953369e-02  
   7.7199998  3.804794e+03  2.814201e-01  1.141757e-01  8.701834e-02  
   7.7300000  3.858495e+03  2.701849e-01  1.148121e-01  8.377335e-02  
   7.7399998  3.913151e+03  2.569764e-01  1.154703e-01  7.987835e-02  
   7.7500000  3.968098e+03  2.421701e-01  1.159327e-01  7.544190e-02  
   7.7600002  4.023186e+03  2.262590e-01  1.159253e-01  7.060815e-02  
   7.7700000  4.078844e+03  2.098628e-01  1.151534e-01  6.556011e-02  
   7.7800002  4.136055e+03  1.937177e-01  1.133478e-01  6.051838e-02  
   7.7900000  4.196173e+03  1.786520e-01  1.103111e-01  5.573552e-02  
   7.8000002  4.260678e+03  1.655203e-01  1.059498e-01  5.147793e-02  
   7.8099999  4.330795e+03  1.551261e-01  1.002881e-01  4.800342e-02  
   7.8200002  4.407164e+03  1.481221e-01  9.345738e-02  4.553073e-02  
   7.8299999  4.489542e+03  1.449228e-01  8.567384e-02  4.421172e-02  
   7.8400002  4.576684e+03  1.456348e-01  7.720478e-02  4.410701e-02  
   7.8499999  4.666414e+03  1.500269e-01  6.834146e-02  4.517372e-02  
   7.8600001  4.755936e+03  1.575454e-01  5.937242e-02  4.726604e-02  
   7.8699999  4.842251e+03  1.673706e-01  5.057077e-02  5.014961e-02  
   7.8800001  4.922682e+03  1.785135e-01  4.218015e-02  5.352901e-02  
   7.8899999  4.995271e+03  1.899268e-01  3.440983e-02  5.708159e-02  
   7.9000001  5.059076e+03  2.006280e-01  2.742386e-02  6.049635e-02  
   7.9099998  5.114191e+03  2.098015e-01  2.133678e-02  6.350771e-02  
   7.9200001  5.161609e+03  2.168819e-01  1.620617e-02  6.592418e-02  
   7.9299998  5.202904e+03  2.215926e-01  1.203473e-02  6.764293e-02  
   7.9400001  5.239881e+03  2.239481e-01  8.773888e-03  6.865279e-02  
   7.9499998  5.274236e+03  2.242128e-01  6.336482e-03  6.902245e-02  
   7.9600000  5.307336e+03  2.228286e-01  4.609647e-03  6.887884e-02  
   7.9699998  5.340107e+03  2.203267e-01  3.470360e-03  6.837897e-02  
   7.9800000  5.373071e+03  2.172370e-01  2.797013e-03  6.768139e-02  
   7.9899998  5.406442e+03  2.140161e-01  2.478577e-03  6.692312e-02  
   8.0000000  5.440303e+03  2.110020e-01  2.419367e-03  6.620555e-02  
   8.0100002  5.474772e+03  2.084074e-01  2.541589e-03  6.559205e-02  
   8.0200005  5.510151e+03  2.063418e-01  2.786064e-03  6.511602e-02  
   8.0299997  5.547010e+03  2.048580e-01  3.112056e-03  6.479561e-02  
   8.0400000  5.586210e+03  2.040009e-01  3.496108e-03  6.464998e-02  
   8.0500002  5.628822e+03  2.038478e-01  3.928835e-03  6.471179e-02  
   8.0600004  5.675981e+03  2.045209e-01  4.409807e-03  6.503088e-02  
   8.0699997  5.728707e+03  2.061726e-01  4.940267e-03  6.566833e-02  
   8.0799999  5.787704e+03  2.089468e-01  5.515418e-03  6.668295e-02  
   8.0900002  5.853191e+03  2.129290e-01  6.117496e-03  6.811356e-02  
   8.1000004  5.924831e+03  2.181034e-01  6.712712e-03  6.996413e-02  
   8.1099997  6.001762e+03  2.243291e-01  7.252711e-03  7.219536e-02  
   8.1199999  6.082750e+03  2.313462e-01  7.681185e-03  7.472628e-02  
   8.1300001  6.166360e+03  2.387994e-01  7.943426e-03  7.744233e-02  
   8.1400003  6.251214e+03  2.462836e-01  7.997436e-03  8.021046e-02  
   8.1499996  6.336195e+03  2.533886e-01  7.822928e-03  8.289456e-02  
   8.1599998  6.420630e+03  2.597423e-01  7.426115e-03  8.537017e-02  
   8.1700001  6.504299e+03  2.650367e-01  6.839375e-03  8.753309e-02  
   8.1800003  6.587429e+03  2.690500e-01  6.115624e-03  8.930708e-02  
   8.1899996  6.670595e+03  2.716576e-01  5.319261e-03  9.064763e-02  
   8.1999998  6.754579e+03  2.728405e-01  4.515294e-03  9.154524e-02  
   8.2100000  6.840171e+03  2.726881e-01  3.760203e-03  9.202594e-02  
   8.2200003  6.928041e+03  2.713962e-01  3.094841e-03  9.215156e-02  
   8.2299995  7.018601e+03  2.692569e-01  2.541543e-03  9.201667e-02  
   8.2399998  7.111980e+03  2.666354e-01  2.104695e-03  9.174164e-02  
   8.2500000  7.207965e+03  2.639390e-01  1.774745e-03  9.146215e-02  
   8.2600002  7.306098e+03  2.615761e-01  1.533314e-03  9.131623e-02  
   8.2700005  7.405764e+03  2.599130e-01  1.358754e-03  9.142967e-02  
   8.2799997  7.506313e+03  2.592366e-01  1.230730e-03  9.190325e-02  
   8.2900000  7.607201e+03  2.597252e-01  1.133085e-03  9.280275e-02  
   8.3000002  7.708023e+03  2.614349e-01  1.055027e-03  9.415397e-02  
   8.3100004  7.808576e+03  2.643038e-01  9.906482e-04  9.594327e-02  
   8.3199997  7.908805e+03  2.681704e-01  9.375485e-04  9.812348e-02  
   8.3299999  8.008768e+03  2.728073e-01  8.950585e-04  1.006254e-01  
   8.3400002  8.108456e+03  2.779590e-01  8.627320e-04  1.033696e-01  
   8.3500004  8.207720e+03  2.833813e-01  8.393780e-04  1.062799e-01  
   8.3599997  8.306161e+03  2.888723e-01  8.228517e-04  1.092935e-01  
   8.3699999  8.403137e+03  2.942909e-01  8.104775e-04  1.123669e-01  
   8.3800001  8.497735e+03  2.995524e-01  7.998730e-04  1.154732e-01  
   8.3900003  8.588943e+03  3.046145e-01  7.898033e-04  1.185956e-01  
   8.3999996  8.675782e+03  3.094456e-01  7.807655e-04  1.217161e-01  
   8.4099998  8.757523e+03  3.139956e-01  7.750729e-04  1.248041e-01  
   8.4200001  8.833788e+03  3.181661e-01  7.763996e-04  1.278048e-01  
   8.4300003  8.904668e+03  3.218008e-01  7.888766e-04  1.306367e-01  
   8.4399996  8.970718e+03  3.246898e-01  8.159916e-04  1.331942e-01  
   8.4499998  9.032898e+03  3.265961e-01  8.596057e-04  1.353591e-01  
   8.4600000  9.092396e+03  3.272893e-01  9.193013e-04  1.370158e-01  
   8.4700003  9.150465e+03  3.265897e-01  9.922837e-04  1.380705e-01  
   8.4799995  9.208207e+03  3.244066e-01  1.073791e-03  1.384683e-01  
   8.4899998  9.266438e+03  3.207644e-01  1.157943e-03  1.382066e-01  
   8.5000000  9.325487e+03  3.158152e-01  1.238672e-03  1.373405e-01  
   8.5100002  9.385161e+03  3.098323e-01  1.310654e-03  1.359820e-01  
   8.5200005  9.444733e+03  3.031882e-01  1.369911e-03  1.342905e-01  
   8.5299997  9.503035e+03  2.963202e-01  1.414062e-03  1.324583e-01  
   8.5400000  9.558650e+03  2.896857e-01  1.442249e-03  1.306905e-01  
   8.5500002  9.610100e+03  2.837220e-01  1.454797e-03  1.291861e-01  
   8.5600004  9.656079e+03  2.788008e-01  1.452841e-03  1.281177e-01  
   8.5699997  9.695626e+03  2.751970e-01  1.437975e-03  1.276150e-01  
   8.5799999  9.728222e+03  2.730626e-01  1.411996e-03  1.277541e-01  
   8.5900002  9.753757e+03  2.724218e-01  1.376793e-03  1.285522e-01  
   8.6000004  9.772440e+03  2.731743e-01  1.334278e-03  1.299691e-01  
   8.6099997  9.784681e+03  2.751157e-01  1.286370e-03  1.319154e-01  
   8.6199999  9.790919e+03  2.779687e-01  1.234925e-03  1.342669e-01  
   8.6300001  9.791560e+03  2.814200e-01  1.181674e-03  1.368805e-01  
   8.6400003  9.786936e+03  2.851590e-01  1.128089e-03  1.396136e-01  
   8.6499996  9.777358e+03  2.889145e-01  1.075265e-03  1.423410e-01  
   8.6599998  9.763195e+03  2.924809e-01  1.023788e-03  1.449692e-01  
   8.6700001  9.744967e+03  2.957302e-01  9.737101e-04  1.474414e-01  
   8.6800003  9.723391e+03  2.986129e-01  9.245683e-04  1.497392e-01  
   8.6899996  9.699385e+03  3.011425e-01  8.755267e-04  1.518740e-01  
   8.6999998  9.673959e+03  3.033724e-01  8.255969e-04  1.538763e-01  
   8.7100000  9.648083e+03  3.053669e-01  7.739637e-04  1.557790e-01  
   8.7200003  9.622521e+03  3.071743e-01  7.202626e-04  1.576046e-01  
   8.7299995  9.597682e+03  3.088071e-01  6.648078e-04  1.593537e-01  
   8.7399998  9.573559e+03  3.102324e-01  6.086374e-04  1.610012e-01  
   8.7500000  9.549741e+03  3.113717e-01  5.534387e-04  1.624954e-01  
   8.7600002  9.525525e+03  3.121122e-01  5.012636e-04  1.637653e-01  
   8.7700005  9.500048e+03  3.123240e-01  4.541773e-04  1.647303e-01  
   8.7799997  9.472454e+03  3.118815e-01  4.139016e-04  1.653126e-01  
   8.7900000  9.442026e+03  3.106839e-01  3.815171e-04  1.654488e-01  
   8.8000002  9.408269e+03  3.086735e-01  3.573335e-04  1.651000e-01  
   8.8100004  9.370941e+03  3.058472e-01  3.408661e-04  1.642586e-01  
   8.8199997  9.330075e+03  3.022605e-01  3.309594e-04  1.629514e-01  
   8.8299999  9.285903e+03  2.980230e-01  3.259848e-04  1.612376e-01  
   8.8400002  9.238860e+03  2.932882e-01  3.240834e-04  1.592038e-01  
   8.8500004  9.189506e+03  2.882379e-01  3.233927e-04  1.569557e-01  
   8.8599997  9.138465e+03  2.830645e-01  3.222411e-04  1.546095e-01  
   8.8699999  9.086354e+03  2.779534e-01  3.192868e-04  1.522803e-01  
   8.8800001  9.033712e+03  2.730722e-01  3.135962e-04  1.500761e-01  
   8.8900003  8.980940e+03  2.685598e-01  3.046657e-04  1.480891e-01  
   8.8999996  8.928250e+03  2.645220e-01  2.923971e-04  1.463916e-01  
   8.9099998  8.875587e+03  2.610281e-01  2.770352e-04  1.450319e-01  
   8.9200001  8.822675e+03  2.581118e-01  2.590984e-04  1.440336e-01  
   8.9300003  8.768977e+03  2.557700e-01  2.392929e-04  1.433938e-01  
   8.9399996  8.713738e+03  2.539618e-01  2.184353e-04  1.430831e-01  
   8.9499998  8.656012e+03  2.526085e-01  1.973705e-04  1.430465e-01  
   8.9600000  8.594727e+03  2.515949e-01  1.769172e-04  1.432058e-01  
   8.9700003  8.528744e+03  2.507723e-01  1.578010e-04  1.434628e-01  
   8.9799995  8.456947e+03  2.499666e-01  1.406086e-04  1.437066e-01  
   8.9899998  8.378283e+03  2.489902e-01  1.257446e-04  1.438217e-01  
   9.0000000  8.291866e+03  2.476580e-01  1.134214e-04  1.436976e-01  
   9.0100002  8.197005e+03  2.458044e-01  1.036501e-04  1.432396e-01  
   9.0200005  8.093196e+03  2.432988e-01  9.625996e-05  1.423772e-01  
   9.0299997  7.980144e+03  2.400589e-01  9.093318e-05  1.410698e-01  
   9.0400000  7.857662e+03  2.360544e-01  8.724831e-05  1.393087e-01  
   9.0500002  7.725696e+03  2.313086e-01  8.473394e-05  1.371149e-01  
   9.0600004  7.584236e+03  2.258899e-01  8.291551e-05  1.345335e-01  
   9.0699997  7.433324e+03  2.199003e-01  8.135840e-05  1.316261e-01  
   9.0799999  7.272984e+03  2.134582e-01  7.969993e-05  1.284599e-01  
   9.0900002  7.103302e+03  2.066869e-01  7.767069e-05  1.251023e-01  
   9.1000004  6.924371e+03  1.996980e-01  7.510300e-05  1.216116e-01  
   9.1099997  6.736323e+03  1.925827e-01  7.192950e-05  1.180329e-01  
   9.1199999  6.539214e+03  1.854025e-01  6.817089e-05  1.143942e-01  
   9.1300001  6.333090e+03  1.781903e-01  6.392020e-05  1.107071e-01  
   9.1400003  6.117859e+03  1.709489e-01  5.931975e-05  1.069661e-01  
   9.1499996  5.893274e+03  1.636571e-01  5.453862e-05  1.031516e-01  
   9.1599998  5.658808e+03  1.562731e-01  4.974822e-05  9.923147e-02  
   9.1700001  5.413779e+03  1.487464e-01  4.510517e-05  9.516761e-02  
   9.1800003  5.157309e+03  1.410239e-01  4.073392e-05  9.091899e-02  
   9.1899996  4.888496e+03  1.330600e-01  3.671769e-05  8.644778e-02  
   9.1999998  4.606503e+03  1.248211e-01  3.309304e-05  8.172351e-02  
   9.2100000  4.310996e+03  1.162983e-01  2.985503e-05  7.673161e-02  
   9.2200003  4.002411e+03  1.075122e-01  2.696419e-05  7.147825e-02  
   9.2299995  3.682453e+03  9.852202e-02  2.436073e-05  6.599804e-02  
   9.2399998  3.354427e+03  8.943009e-02  2.197971e-05  6.035892e-02  
   9.2500000  3.023818e+03  8.039296e-02  1.976849e-05  5.467088e-02  
   9.2600002  2.698403e+03  7.162101e-02  1.769906e-05  4.908704e-02  
   9.2700005  2.388186e+03  6.337539e-02  1.577627e-05  4.380199e-02  
   9.2799997  2.104947e+03  5.595533e-02  1.403936e-05  3.904301e-02  
   9.2900000  1.861185e+03  4.967104e-02  1.255610e-05  3.505050e-02  
   9.3000002  1.668980e+03  4.481423e-02  1.141328e-05  3.205582e-02  
   9.3100004  1.538407e+03  4.161710e-02  1.070270e-05  3.025075e-02  
   9.3199997  1.476227e+03  4.021847e-02  1.050814e-05  2.976150e-02  
   9.3299999  1.484962e+03  4.064060e-02  1.089474e-05  3.063050e-02  
   9.3400002  1.562663e+03  4.278547e-02  1.190290e-05  3.281183e-02  
   9.3500004  1.703337e+03  4.644964e-02  1.354635e-05  3.618066e-02  
   9.3599997  1.897954e+03  5.135628e-02  1.581398e-05  4.055526e-02  
   9.3699999  2.135883e+03  5.719842e-02  1.867485e-05  4.572794e-02  
   9.3800001  2.406135e+03  6.367709e-02  2.208149e-05  5.149182e-02  
   9.3900003  2.698550e+03  7.053538e-02  2.597470e-05  5.766581e-02  
   9.3999996  3.004454e+03  7.757583e-02  3.028561e-05  6.410696e-02  
   9.4099998  3.317077e+03  8.466684e-02  3.493903e-05  7.071610e-02  
   9.4200001  3.631326e+03  9.173064e-02  3.985180e-05  7.742828e-02  
   9.4300003  3.943660e+03  9.873018e-02  4.493523e-05  8.420457e-02  
   9.4399996  4.251733e+03  1.056509e-01  5.009575e-05  9.101901e-02  
   9.4499998  4.554255e+03  1.124886e-01  5.523978e-05  9.785192e-02  
   9.4600000  4.850653e+03  1.192363e-01  6.027592e-05  1.046809e-01  
   9.4700003  5.141104e+03  1.258844e-01  6.512411e-05  1.114837e-01  
   9.4799995  5.426479e+03  1.324217e-01  6.972359e-05  1.182411e-01  
   9.4899998  5.708403e+03  1.388427e-01  7.404314e-05  1.249451e-01  
   9.5000000  5.989006e+03  1.451496e-01  7.808385e-05  1.316006e-01  
   9.5100002  6.270857e+03  1.513580e-01  8.188128e-05  1.382308e-01  
   9.5200005  6.556652e+03  1.574952e-01  8.549848e-05  1.448747e-01  
   9.5299997  6.848906e+03  1.635964e-01  8.901388e-05  1.515824e-01  
   9.5400000  7.149780e+03  1.697005e-01  9.250832e-05  1.584102e-01  
   9.5500002  7.460714e+03  1.758413e-01  9.605104e-05  1.654095e-01  
   9.5600004  7.782471e+03  1.820446e-01  9.969505e-05  1.726241e-01  
   9.5699997  8.115111e+03  1.883257e-01  1.034787e-04  1.800854e-01  
   9.5799999  8.458230e+03  1.946917e-01  1.074361e-04  1.878157e-01  
   9.5900002  8.810932e+03  2.011406e-01  1.116074e-04  1.958250e-01  
   9.6000004  9.172086e+03  2.076658e-01  1.160496e-04  2.041157e-01  
   9.6099997  9.540364e+03  2.142576e-01  1.208390e-04  2.126837e-01  
   9.6199999  9.914443e+03  2.209071e-01  1.260675e-04  2.215207e-01  
   9.6300001  1.029281e+04  2.276019e-01  1.318257e-04  2.306094e-01  
   9.6400003  1.067394e+04  2.343293e-01  1.381872e-04  2.399266e-01  
   9.6499996  1.105634e+04  2.410744e-01  1.451893e-04  2.494411e-01  
   9.6599998  1.143870e+04  2.478225e-01  1.528244e-04  2.591195e-01  
   9.6700001  1.181992e+04  2.545557e-01  1.610327e-04  2.689236e-01  
   9.6800003  1.219928e+04  2.612558e-01  1.697097e-04  2.788173e-01  
   9.6899996  1.257654e+04  2.679025e-01  1.787189e-04  2.887674e-01  
   9.6999998  1.295207e+04  2.744763e-01  1.879136e-04  2.987493e-01  
   9.7100000  1.332661e+04  2.809529e-01  1.971517e-04  3.087394e-01  
   9.7200003  1.370121e+04  2.873052e-01  2.063172e-04  3.187168e-01  
   9.7299995  1.407703e+04  2.935018e-01  2.153340e-04  3.286571e-01  
   9.7399998  1.445528e+04  2.995098e-01  2.241788e-04  3.385345e-01  
   9.7500000  1.483677e+04  3.052936e-01  2.328801e-04  3.483149e-01  
   9.7600002  1.522203e+04  3.108210e-01  2.415209e-04  3.579619e-01  
   9.7700005  1.561119e+04  3.160669e-01  2.502328e-04  3.674402e-01  
   9.7799997  1.600396e+04  3.210167e-01  2.591894e-04  3.767203e-01  
   9.7900000  1.639991e+04  3.256712e-01  2.686053e-04  3.857853e-01  
   9.8000002  1.679831e+04  3.300442e-01  2.787395e-04  3.946290e-01  
   9.8100004  1.719850e+04  3.341652e-01  2.899368e-04  4.032589e-01  
   9.8199997  1.760022e+04  3.380778e-01  3.027222e-04  4.116964e-01  
   9.8299999  1.800460e+04  3.418425e-01  3.180183e-04  4.199834e-01  
   9.8400002  1.841519e+04  3.455424e-01  3.375319e-04  4.281901e-01  
   9.8500004  1.884028e+04  3.492979e-01  3.644105e-04  4.364390e-01  
   9.8599997  1.929568e+04  3.532866e-01  4.041822e-04  4.449354e-01  
   9.8699999  1.980809e+04  3.577699e-01  4.659347e-04  4.540077e-01  
   9.8800001  2.041747e+04  3.631104e-01  5.634067e-04  4.641295e-01  
   9.8900003  2.117771e+04  3.697750e-01  7.155678e-04  4.759268e-01  
   9.8999996  2.215298e+04  3.783042e-01  9.459767e-04  4.901304e-01  
   9.9099998  2.340980e+04  3.892435e-01  1.280579e-03  5.074829e-01  
   9.9200001  2.500385e+04  4.030349e-01  1.743606e-03  5.285841e-01  
   9.9300003  2.696635e+04  4.199066e-01  2.352763e-03  5.537403e-01  
   9.9399996  2.929302e+04  4.397849e-01  3.114747e-03  5.828441e-01  
   9.9499998  3.194115e+04  4.622776e-01  4.023136e-03  6.153535e-01  
   9.9600000  3.483300e+04  4.867072e-01  5.058313e-03  6.503389e-01  
   9.9700003  3.786823e+04  5.122188e-01  6.190671e-03  6.866328e-01  
   9.9799995  4.093782e+04  5.378979e-01  7.384865e-03  7.229915e-01  
   9.9899998  4.393884e+04  5.628924e-01  8.604887e-03  7.582611e-01  
  10.0000000  4.678242e+04  5.864760e-01  9.817137e-03  7.914627e-01  
