# RiF 1e-20 (cm^2/W)
# 1w RpP RpS RsP RsS
# Gaussian absolute broadening  0.04 [eV]
   0.0100000  7.217978e-07  2.079300e-08  1.850379e-10  5.376304e-09  
   0.0200000  9.766188e-07  2.815868e-08  2.504051e-10  7.280399e-09  
   0.0300000  1.327709e-06  3.831913e-08  3.404875e-10  9.906780e-09  
   0.0400000  1.809982e-06  5.229445e-08  4.642590e-10  1.351898e-08  
   0.0500000  2.468668e-06  7.141000e-08  6.333518e-10  1.845933e-08  
   0.0600000  3.360740e-06  9.734097e-08  8.624270e-10  2.516042e-08  
   0.0700000  4.555784e-06  1.321418e-07  1.169404e-09  3.415269e-08  
   0.0800000  6.136110e-06  1.782550e-07  1.575500e-09  4.606652e-08  
   0.0900000  8.196199e-06  2.385009e-07  2.105094e-09  6.162961e-08  
   0.1000000  1.084172e-05  3.160564e-07  2.785487e-09  8.166127e-08  
   0.1100000  1.418867e-05  4.144374e-07  3.646690e-09  1.070678e-07  
   0.1200000  1.836288e-05  5.374932e-07  4.721312e-09  1.388409e-07  
   0.1300000  2.350018e-05  6.894206e-07  6.044614e-09  1.780612e-07  
   0.1400000  2.974695e-05  8.747907e-07  7.654665e-09  2.259049e-07  
   0.1500000  3.726088e-05  1.098583e-06  9.592547e-09  2.836527e-07  
   0.1600000  4.621160e-05  1.366215e-06  1.190253e-08  3.526968e-07  
   0.1700000  5.678108e-05  1.683573e-06  1.463221e-08  4.345491e-07  
   0.1800000  6.916384e-05  2.057032e-06  1.783257e-08  5.308453e-07  
   0.1900000  8.356696e-05  2.493471e-06  2.155798e-08  6.433497e-07  
   0.2000000  1.002101e-04  3.000300e-06  2.586626e-08  7.739608e-07  
   0.2100000  1.193253e-04  3.585469e-06  3.081861e-08  9.247140e-07  
   0.2200000  1.411573e-04  4.257498e-06  3.647972e-08  1.097789e-06  
   0.2300000  1.659631e-04  5.025502e-06  4.291772e-08  1.295514e-06  
   0.2400000  1.940123e-04  5.899212e-06  5.020420e-08  1.520375e-06  
   0.2500000  2.255874e-04  6.889015e-06  5.841436e-08  1.775022e-06  
   0.2600000  2.609835e-04  8.005987e-06  6.762689e-08  2.062275e-06  
   0.2700000  3.005084e-04  9.261928e-06  7.792412e-08  2.385139e-06  
   0.2800000  3.444827e-04  1.066939e-05  8.939198e-08  2.746806e-06  
   0.2900000  3.932405e-04  1.224174e-05  1.021201e-07  3.150674e-06  
   0.3000000  4.471290e-04  1.399321e-05  1.162019e-07  3.600352e-06  
   0.3100000  5.065082e-04  1.593891e-05  1.317344e-07  4.099673e-06  
   0.3200000  5.717523e-04  1.809495e-05  1.488185e-07  4.652713e-06  
   0.3300000  6.432490e-04  2.047843e-05  1.675589e-07  5.263797e-06  
   0.3400000  7.213990e-04  2.310754e-05  1.880641e-07  5.937523e-06  
   0.3500000  8.066184e-04  2.600163e-05  2.104465e-07  6.678774e-06  
   0.3600000  8.993365e-04  2.918130e-05  2.348224e-07  7.492741e-06  
   0.3700000  9.999974e-04  3.266841e-05  2.613118e-07  8.384934e-06  
   0.3800000  1.109060e-03  3.648632e-05  2.900390e-07  9.361215e-06  
   0.3900000  1.226997e-03  4.065979e-05  3.211318e-07  1.042782e-05  
   0.4000000  1.354300e-03  4.521530e-05  3.547219e-07  1.159139e-05  
   0.4100000  1.491470e-03  5.018097e-05  3.909448e-07  1.285896e-05  
   0.4200000  1.639029e-03  5.558685e-05  4.299399e-07  1.423807e-05  
   0.4300000  1.797515e-03  6.146500e-05  4.718502e-07  1.573673e-05  
   0.4400000  1.967479e-03  6.784951e-05  5.168220e-07  1.736345e-05  
   0.4500000  2.149491e-03  7.477700e-05  5.650054e-07  1.912738e-05  
   0.4600000  2.344139e-03  8.228649e-05  6.165535e-07  2.103825e-05  
   0.4700000  2.552029e-03  9.041971e-05  6.716220e-07  2.310643e-05  
   0.4800000  2.773785e-03  9.922140e-05  7.303703e-07  2.534307e-05  
   0.4900000  3.010053e-03  1.087396e-04  7.929590e-07  2.776007e-05  
   0.5000000  3.261492e-03  1.190257e-04  8.595512e-07  3.037021e-05  
   0.5100000  3.528788e-03  1.301348e-04  9.303111e-07  3.318717e-05  
   0.5200000  3.812644e-03  1.421266e-04  1.005403e-06  3.622569e-05  
   0.5300000  4.113790e-03  1.550649e-04  1.084992e-06  3.950162e-05  
   0.5400000  4.432980e-03  1.690190e-04  1.169241e-06  4.303204e-05  
   0.5500000  4.770982e-03  1.840633e-04  1.258308e-06  4.683536e-05  
   0.5600000  5.128599e-03  2.002788e-04  1.352350e-06  5.093151e-05  
   0.5700000  5.506661e-03  2.177529e-04  1.451515e-06  5.534213e-05  
   0.5800000  5.906023e-03  2.365811e-04  1.555942e-06  6.009068e-05  
   0.5900000  6.327571e-03  2.568669e-04  1.665755e-06  6.520268e-05  
   0.6000000  6.772227e-03  2.787240e-04  1.781068e-06  7.070608e-05  
   0.6100000  7.240936e-03  3.022759e-04  1.901966e-06  7.663129e-05  
   0.6200000  7.734689e-03  3.276590e-04  2.028519e-06  8.301181e-05  
   0.6300000  8.254508e-03  3.550235e-04  2.160758e-06  8.988450e-05  
   0.6400000  8.801461e-03  3.845352e-04  2.298684e-06  9.729002e-05  
   0.6500000  9.376656e-03  4.163777e-04  2.442254e-06  1.052735e-04  
   0.6600000  9.981270e-03  4.507548e-04  2.591375e-06  1.138849e-04  
   0.6700000  1.061650e-02  4.878902e-04  2.745898e-06  1.231790e-04  
   0.6800000  1.128365e-02  5.280303e-04  2.905623e-06  1.332162e-04  
   0.6900000  1.198403e-02  5.714407e-04  3.070298e-06  1.440615e-04  
   0.7000000  1.271906e-02  6.184058e-04  3.239642e-06  1.557843e-04  
   0.7100000  1.349018e-02  6.692258e-04  3.413372e-06  1.684576e-04  
   0.7200000  1.429883e-02  7.242182e-04  3.591257e-06  1.821591e-04  
   0.7300000  1.514647e-02  7.837241e-04  3.773172e-06  1.969710e-04  
   0.7400000  1.603457e-02  8.481218e-04  3.959174e-06  2.129856e-04  
   0.7500000  1.696457e-02  9.178487e-04  4.149538e-06  2.303088e-04  
   0.7600000  1.793794e-02  9.934263e-04  4.344800e-06  2.490671e-04  
   0.7700000  1.895619e-02  1.075477e-03  4.545737e-06  2.694123e-04  
   0.7800000  2.002100e-02  1.164727e-03  4.753339e-06  2.915209e-04  
   0.7900000  2.113419e-02  1.261975e-03  4.968791e-06  3.155874e-04  
   0.8000000  2.229789e-02  1.368024e-03  5.193503e-06  3.418072e-04  
   0.8100000  2.351447e-02  1.483592e-03  5.429321e-06  3.703534e-04  
   0.8200000  2.478661e-02  1.609203e-03  5.678935e-06  4.013508e-04  
   0.8300000  2.611720e-02  1.745116e-03  5.946529e-06  4.348569e-04  
   0.8400000  2.750922e-02  1.891309e-03  6.238666e-06  4.708602e-04  
   0.8500000  2.896569e-02  2.047584e-03  6.565235e-06  5.093025e-04  
   0.8600000  3.048939e-02  2.213769e-03  6.940181e-06  5.501322e-04  
   0.8700000  3.208283e-02  2.390034e-03  7.381784e-06  5.933812e-04  
   0.8800000  3.374805e-02  2.577245e-03  7.912038e-06  6.392516e-04  
   0.8900000  3.548662e-02  2.777273e-03  8.554968e-06  6.881934e-04  
   0.9000000  3.729957e-02  2.993165e-03  9.333758e-06  7.409451e-04  
   0.9100000  3.918761e-02  3.229080e-03  1.026700e-05  7.985181e-04  
   0.9200000  4.115129e-02  3.489934e-03  1.136456e-05  8.621099e-04  
   0.9300000  4.319152e-02  3.780796e-03  1.262414e-05  9.329527e-04  
   0.9400000  4.531008e-02  4.106073e-03  1.402948e-05  1.012113e-03  
   0.9500000  4.751017e-02  4.468669e-03  1.555159e-05  1.100288e-03  
   0.9600000  4.979695e-02  4.869313e-03  1.715393e-05  1.197637e-03  
   0.9700000  5.217787e-02  5.306270e-03  1.880226e-05  1.303710e-03  
   0.9800000  5.466261e-02  5.775583e-03  2.047927e-05  1.417511e-03  
   0.9900000  5.726262e-02  6.272004e-03  2.220360e-05  1.537725e-03  
   1.0000000  5.999017e-02  6.790533e-03  2.405214e-05  1.663093e-03  
   1.0100000  6.285683e-02  7.328466e-03  2.618424e-05  1.792912e-03  
   1.0200000  6.587139e-02  7.887671e-03  2.886586e-05  1.927588e-03  
   1.0300000  6.903766e-02  8.476757e-03  3.249229e-05  2.069163e-03  
   1.0400000  7.235233e-02  9.112702e-03  3.760732e-05  2.221702e-03  
   1.0500000  7.580274e-02  9.821621e-03  4.491820e-05  2.391479e-03  
   1.0599999  7.936632e-02  1.063837e-02  5.530530e-05  2.586867e-03  
   1.0700001  8.301125e-02  1.160487e-02  6.982634e-05  2.817932e-03  
   1.0800000  8.669969e-02  1.276712e-02  8.971378e-05  3.095693e-03  
   1.0900000  9.039437e-02  1.417128e-02  1.163664e-04  3.431178e-03  
   1.1000000  9.406864e-02  1.585907e-02  1.513292e-04  3.834301e-03  
   1.1100000  9.771978e-02  1.786301e-02  1.962577e-04  4.312724e-03  
   1.1200000  1.013857e-01  2.020231e-02  2.528571e-04  4.870872e-03  
   1.1300000  1.051629e-01  2.288010e-02  3.227853e-04  5.509253e-03  
   1.1400000  1.092250e-01  2.588283e-02  4.075073e-04  6.224358e-03  
   1.1500000  1.138386e-01  2.918331e-02  5.080938e-04  7.009359e-03  
   1.1600000  1.193755e-01  3.274817e-02  6.249677e-04  7.855923e-03  
   1.1700000  1.263183e-01  3.655114e-02  7.576146e-04  8.757354e-03  
   1.1799999  1.352563e-01  4.059208e-02  9.043088e-04  9.713111e-03  
   1.1900001  1.468705e-01  4.492066e-02  1.061917e-03  1.073444e-02  
   1.2000000  1.619019e-01  4.966057e-02  1.225878e-03  1.185006e-02  
   1.2100000  1.811042e-01  5.502841e-02  1.390501e-03  1.311062e-02  
   1.2200000  2.051769e-01  6.133754e-02  1.549708e-03  1.458961e-02  
   1.2300000  2.346871e-01  6.897823e-02  1.698371e-03  1.637857e-02  
   1.2400000  2.699904e-01  7.836700e-02  1.834381e-03  1.857519e-02  
   1.2500000  3.111733e-01  8.986516e-02  1.961459e-03  2.126404e-02  
   1.2600000  3.580361e-01  1.036743e-01  2.092593e-03  2.449200e-02  
   1.2700000  4.101358e-01  1.197282e-01  2.253681e-03  2.824291e-02  
   1.2800000  4.668795e-01  1.376052e-01  2.486613e-03  3.241709e-02  
   1.2900000  5.276403e-01  1.564898e-01  2.850633e-03  3.682256e-02  
   1.3000000  5.918379e-01  1.752028e-01  3.420549e-03  4.118232e-02  
   1.3099999  6.589144e-01  1.923095e-01  4.280442e-03  4.516001e-02  
   1.3200001  7.281687e-01  2.062940e-01  5.512091e-03  4.840099e-02  
   1.3300000  7.984422e-01  2.157749e-01  7.178504e-03  5.058294e-02  
   1.3400000  8.677534e-01  2.197246e-01  9.304980e-03  5.146711e-02  
   1.3500000  9.329957e-01  2.176488e-01  1.186146e-02  5.094000e-02  
   1.3600000  9.898779e-01  2.096947e-01  1.475167e-02  4.903826e-02  
   1.3700000  1.033221e+00  1.966663e-01  1.781393e-02  4.595161e-02  
   1.3800000  1.057639e+00  1.799445e-01  2.083665e-02  4.200369e-02  
   1.3900000  1.058507e+00  1.613258e-01  2.358773e-02  3.761391e-02  
   1.4000000  1.032991e+00  1.428057e-01  2.585245e-02  3.324665e-02  
   1.4100000  9.808761e-01  1.263364e-01  2.747129e-02  2.935494e-02  
   1.4200000  9.049690e-01  1.135926e-01  2.836809e-02  2.632610e-02  
   1.4299999  8.109201e-01  1.057712e-01  2.856074e-02  2.443587e-02  
   1.4400001  7.065181e-01  1.034501e-01  2.815210e-02  2.381620e-02  
   1.4500000  6.006120e-01  1.065207e-01  2.730371e-02  2.444060e-02  
   1.4600000  5.018788e-01  1.142059e-01  2.619982e-02  2.612884e-02  
   1.4700000  4.177116e-01  1.251623e-01  2.501117e-02  2.857127e-02  
   1.4800000  3.533764e-01  1.376569e-01  2.386636e-02  3.136980e-02  
   1.4900000  3.115337e-01  1.497966e-01  2.283612e-02  3.409088e-02  
   1.5000000  2.921238e-01  1.597781e-01  2.193122e-02  3.632271e-02  
   1.5100000  2.925701e-01  1.661224e-01  2.111200e-02  3.772861e-02  
   1.5200000  3.082432e-01  1.678577e-01  2.030574e-02  3.808838e-02  
   1.5300000  3.331282e-01  1.646233e-01  1.942734e-02  3.732146e-02  
   1.5400000  3.606426e-01  1.566818e-01  1.839967e-02  3.548896e-02  
   1.5500000  3.845229e-01  1.448415e-01  1.717035e-02  3.277558e-02  
   1.5599999  3.996768e-01  1.303088e-01  1.572265e-02  2.945560e-02  
   1.5700001  4.028639e-01  1.145002e-01  1.407930e-02  2.584989e-02  
   1.5800000  3.930816e-01  9.884886e-02  1.229893e-02  2.228208e-02  
   1.5900000  3.715764e-01  8.463704e-02  1.046611e-02  1.904052e-02  
   1.6000000  3.414766e-01  7.287948e-02  8.677799e-03  1.635229e-02  
   1.6100000  3.071361e-01  6.426694e-02  7.029047e-03  1.437058e-02  
   1.6200000  2.733352e-01  5.916746e-02  5.601117e-03  1.317533e-02  
   1.6300000  2.445083e-01  5.767078e-02  4.454035e-03  1.278353e-02  
   1.6400000  2.241359e-01  5.965556e-02  3.624057e-03  1.316463e-02  
   1.6500000  2.143862e-01  6.485904e-02  3.125230e-03  1.425650e-02  
   1.6600000  2.160149e-01  7.293286e-02  2.953231e-03  1.597821e-02  
   1.6700000  2.284870e-01  8.347850e-02  3.089804e-03  1.823823e-02  
   1.6799999  2.502506e-01  9.606253e-02  3.506584e-03  2.093807e-02  
   1.6900001  2.790926e-01  1.102193e-01  4.168101e-03  2.397305e-02  
   1.7000000  3.125123e-01  1.254486e-01  5.034256e-03  2.723181e-02  
   1.7100000  3.480687e-01  1.412174e-01  6.062984e-03  3.059690e-02  
   1.7200000  3.836563e-01  1.569664e-01  7.213166e-03  3.394606e-02  
   1.7300000  4.176879e-01  1.721224e-01  8.447474e-03  3.715512e-02  
   1.7400000  4.491610e-01  1.861143e-01  9.734362e-03  4.010137e-02  
   1.7500000  4.776188e-01  1.983914e-01  1.104817e-02  4.266758e-02  
   1.7600000  5.030276e-01  2.084449e-01  1.236705e-02  4.474645e-02  
   1.7700000  5.256238e-01  2.158334e-01  1.366911e-02  4.624609e-02  
   1.7800000  5.457954e-01  2.202158e-01  1.492816e-02  4.709652e-02  
   1.7900000  5.640410e-01  2.213850e-01  1.611099e-02  4.725706e-02  
   1.8000000  5.810331e-01  2.193018e-01  1.717775e-02  4.672277e-02  
   1.8099999  5.977583e-01  2.141152e-01  1.808627e-02  4.552878e-02  
   1.8200001  6.156776e-01  2.061616e-01  1.879918e-02  4.374972e-02  
   1.8300000  6.368188e-01  1.959400e-01  1.929205e-02  4.149426e-02  
   1.8400000  6.637341e-01  1.840602e-01  1.955927e-02  3.889392e-02  
   1.8500000  6.992711e-01  1.711769e-01  1.961558e-02  3.608900e-02  
   1.8600000  7.461627e-01  1.579180e-01  1.949185e-02  3.321347e-02  
   1.8700000  8.064884e-01  1.448229e-01  1.922618e-02  3.038192e-02  
   1.8800000  8.810973e-01  1.322998e-01  1.885284e-02  2.768074e-02  
   1.8900000  9.691059e-01  1.206073e-01  1.839251e-02  2.516432e-02  
   1.9000000  1.067590e+00  1.098595e-01  1.784710e-02  2.285640e-02  
   1.9100000  1.171565e+00  1.000506e-01  1.720087e-02  2.075530e-02  
   1.9200000  1.274316e+00  9.109158e-02  1.642777e-02  1.884184e-02  
   1.9299999  1.368071e+00  8.285295e-02  1.550300e-02  1.708822e-02  
   1.9400001  1.444950e+00  7.520469e-02  1.441574e-02  1.546642e-02  
   1.9500000  1.498027e+00  6.804998e-02  1.317978e-02  1.395520e-02  
   1.9600000  1.522354e+00  6.134584e-02  1.183981e-02  1.254431e-02  
   1.9700000  1.515711e+00  5.511043e-02  1.047233e-02  1.123597e-02  
   1.9800000  1.479006e+00  4.941498e-02  9.181567e-03  1.004323e-02  
   1.9900000  1.416237e+00  4.436391e-02  8.091913e-03  8.985888e-03  
   2.0000000  1.334107e+00  4.006752e-02  7.338068e-03  8.084990e-03  
   2.0100000  1.241401e+00  3.661362e-02  7.054213e-03  7.357072e-03  
   2.0200000  1.148285e+00  3.404455e-02  7.362507e-03  6.809601e-03  
   2.0300000  1.065623e+00  3.234397e-02  8.360926e-03  6.438328e-03  
   2.0400000  1.004333e+00  3.143622e-02  1.011072e-02  6.227228e-03  
   2.0500000  9.747551e-01  3.119709e-02  1.262426e-02  6.150697e-03  
   2.0599999  9.859437e-01  3.147327e-02  1.585517e-02  6.177462e-03  
   2.0699999  1.044848e+00  3.210498e-02  1.969313e-02  6.275113e-03  
   2.0799999  1.155414e+00  3.294663e-02  2.396542e-02  6.414220e-03  
   2.0899999  1.317736e+00  3.388097e-02  2.844678e-02  6.571123e-03  
   2.0999999  1.527444e+00  3.482446e-02  3.287728e-02  6.729018e-03  
   2.1099999  1.775528e+00  3.572425e-02  3.698590e-02  6.877331e-03  
   2.1199999  2.048719e+00  3.654931e-02  4.051719e-02  7.009976e-03  
   2.1300001  2.330456e+00  3.727962e-02  4.325632e-02  7.123207e-03  
   2.1400001  2.602276e+00  3.789661e-02  4.504906e-02  7.213722e-03  
   2.1500001  2.845567e+00  3.837792e-02  4.581439e-02  7.277588e-03  
   2.1600001  3.043316e+00  3.869748e-02  4.554752e-02  7.310198e-03  
   2.1700001  3.181797e+00  3.883197e-02  4.431474e-02  7.307393e-03  
   2.1800001  3.252077e+00  3.877442e-02  4.224237e-02  7.267893e-03  
   2.1900001  3.251254e+00  3.855463e-02  3.950279e-02  7.196920e-03  
   2.2000000  3.183358e+00  3.826456e-02  3.630133e-02  7.110714e-03  
   2.2100000  3.059710e+00  3.808333e-02  3.286577e-02  7.040939e-03  
   2.2200000  2.898462e+00  3.829207e-02  2.943829e-02  7.037300e-03  
   2.2300000  2.723047e+00  3.926753e-02  2.626734e-02  7.166319e-03  
   2.2400000  2.559442e+00  4.144434e-02  2.359593e-02  7.504603e-03  
   2.2500000  2.432454e+00  4.524392e-02  2.164335e-02  8.126168e-03  
   2.2600000  2.361704e+00  5.097895e-02  2.058038e-02  9.085534e-03  
   2.2700000  2.358229e+00  5.875425e-02  2.050237e-02  1.040025e-02  
   2.2800000  2.422678e+00  6.839103e-02  2.140723e-02  1.203771e-02  
   2.2900000  2.545714e+00  7.940051e-02  2.318664e-02  1.391082e-02  
   2.3000000  2.710601e+00  9.102083e-02  2.563585e-02  1.588484e-02  
   2.3099999  2.897317e+00  1.023140e-01  2.848218e-02  1.779494e-02  
   2.3199999  3.086997e+00  1.123027e-01  3.142605e-02  1.947051e-02  
   2.3299999  3.265534e+00  1.201154e-01  3.418424e-02  2.076074e-02  
   2.3399999  3.425437e+00  1.251065e-01  3.652438e-02  2.155568e-02  
   2.3499999  3.565706e+00  1.269299e-01  3.828325e-02  2.179867e-02  
   2.3599999  3.690118e+00  1.255544e-01  3.936749e-02  2.148852e-02  
   2.3699999  3.804683e+00  1.212282e-01  3.974131e-02  2.067278e-02  
   2.3800001  3.915158e+00  1.144098e-01  3.940979e-02  1.943497e-02  
   2.3900001  4.025301e+00  1.056847e-01  3.840578e-02  1.787965e-02  
   2.4000001  4.136216e+00  9.568477e-02  3.678552e-02  1.611806e-02  
   2.4100001  4.246772e+00  8.502486e-02  3.463242e-02  1.425704e-02  
   2.4200001  4.354803e+00  7.425814e-02  3.206452e-02  1.239132e-02  
   2.4300001  4.458661e+00  6.384934e-02  2.923854e-02  1.059912e-02  
   2.4400001  4.558667e+00  5.416092e-02  2.634497e-02  8.940246e-03  
   2.4500000  4.657968e+00  4.544797e-02  2.359149e-02  7.455606e-03  
   2.4600000  4.762554e+00  3.785911e-02  2.117705e-02  6.167886e-03  
   2.4700000  4.880293e+00  3.144265e-02  1.926188e-02  5.082996e-03  
   2.4800000  5.019160e+00  2.615882e-02  1.794088e-02  4.192443e-03  
   2.4900000  5.185043e+00  2.189843e-02  1.722698e-02  3.476621e-03  
   2.5000000  5.379694e+00  1.850615e-02  1.704836e-02  2.908761e-03  
   2.5100000  5.599442e+00  1.580618e-02  1.726051e-02  2.459110e-03  
   2.5200000  5.835095e+00  1.362628e-02  1.767036e-02  2.098791e-03  
   2.5300000  6.073199e+00  1.181686e-02  1.806772e-02  1.802780e-03  
   2.5400000  6.298460e+00  1.026295e-02  1.825833e-02  1.551737e-03  
   2.5500000  6.496798e+00  8.888689e-03  1.809240e-02  1.332604e-03  
   2.5599999  6.658299e+00  7.655246e-03  1.748450e-02  1.138197e-03  
   2.5699999  6.779358e+00  6.554295e-03  1.642183e-02  9.661100e-04  
   2.5799999  6.863445e+00  5.599428e-03  1.496042e-02  8.173099e-04  
   2.5899999  6.920340e+00  4.817721e-03  1.321094e-02  6.947985e-04  
   2.5999999  6.963973e+00  4.243234e-03  1.131766e-02  6.025617e-04  
   2.6099999  7.009438e+00  3.913249e-03  9.435037e-03  5.449590e-04  
   2.6199999  7.069881e+00  3.867074e-03  7.706714e-03  5.265107e-04  
   2.6300001  7.153974e+00  4.146101e-03  6.250302e-03  5.519133e-04  
   2.6400001  7.264505e+00  4.793057e-03  5.149842e-03  6.259920e-04  
   2.6500001  7.398362e+00  5.848287e-03  4.454971e-03  7.532984e-04  
   2.6600001  7.547758e+00  7.341546e-03  4.185325e-03  9.371393e-04  
   2.6700001  7.702322e+00  9.279428e-03  4.336532e-03  1.178038e-03  
   2.6800001  7.851476e+00  1.163074e-02  4.885160e-03  1.471907e-03  
   2.6900001  7.986523e+00  1.431376e-02  5.790793e-03  1.808428e-03  
   2.7000000  8.101974e+00  1.719040e-02  6.995230e-03  2.170287e-03  
   2.7100000  8.195892e+00  2.007157e-02  8.420406e-03  2.533788e-03  
   2.7200000  8.269361e+00  2.273566e-02  9.967862e-03  2.871129e-03  
   2.7300000  8.325400e+00  2.495864e-02  1.152253e-02  3.154143e-03  
   2.7400000  8.367805e+00  2.655079e-02  1.296262e-02  3.358886e-03  
   2.7500000  8.400356e+00  2.739203e-02  1.417512e-02  3.470107e-03  
   2.7600000  8.426600e+00  2.745797e-02  1.507386e-02  3.484550e-03  
   2.7700000  8.450187e+00  2.682984e-02  1.561560e-02  3.412262e-03  
   2.7800000  8.475438e+00  2.568560e-02  1.580890e-02  3.275542e-03  
   2.7900000  8.507714e+00  2.427349e-02  1.571223e-02  3.105670e-03  
   2.8000000  8.553199e+00  2.287376e-02  1.542095e-02  2.938076e-03  
   2.8099999  8.618013e+00  2.175579e-02  1.504575e-02  2.806920e-03  
   2.8199999  8.706732e+00  2.113866e-02  1.468829e-02  2.740046e-03  
   2.8299999  8.820757e+00  2.116155e-02  1.442000e-02  2.755144e-03  
   2.8399999  8.957043e+00  2.186755e-02  1.426932e-02  2.857605e-03  
   2.8499999  9.107643e+00  2.320181e-02  1.421956e-02  3.040213e-03  
   2.8599999  9.260280e+00  2.502253e-02  1.421690e-02  3.284501e-03  
   2.8699999  9.399920e+00  2.712170e-02  1.418532e-02  3.563405e-03  
   2.8800001  9.511053e+00  2.925222e-02  1.404436e-02  3.844754e-03  
   2.8900001  9.580192e+00  3.115711e-02  1.372565e-02  4.095098e-03  
   2.9000001  9.598063e+00  3.259918e-02  1.318513e-02  4.283581e-03  
   2.9100001  9.561040e+00  3.338720e-02  1.240971e-02  4.385392e-03  
   2.9200001  9.471538e+00  3.339757e-02  1.141807e-02  4.384603e-03  
   2.9300001  9.337423e+00  3.258942e-02  1.025672e-02  4.276137e-03  
   2.9400001  9.170533e+00  3.101076e-02  8.992706e-03  4.066564e-03  
   2.9500000  8.984769e+00  2.879453e-02  7.704587e-03  3.773533e-03  
   2.9600000  8.794162e+00  2.614288e-02  6.473291e-03  3.423718e-03  
   2.9700000  8.611283e+00  2.330114e-02  5.373910e-03  3.049365e-03  
   2.9800000  8.446227e+00  2.052408e-02  4.469203e-03  2.683890e-03  
   2.9900000  8.306195e+00  1.804056e-02  3.804969e-03  2.357249e-03  
   3.0000000  8.195539e+00  1.602297e-02  3.407130e-03  2.091979e-03  
   3.0100000  8.116057e+00  1.456826e-02  3.280184e-03  1.900726e-03  
   3.0200000  8.067306e+00  1.369400e-02  3.406693e-03  1.785762e-03  
   3.0300000  8.046819e+00  1.334938e-02  3.747919e-03  1.740429e-03  
   3.0400000  8.050265e+00  1.343675e-02  4.245938e-03  1.751961e-03  
   3.0500000  8.071625e+00  1.383683e-02  4.827896e-03  1.804763e-03  
   3.0599999  8.103593e+00  1.443043e-02  5.412694e-03  1.883244e-03  
   3.0699999  8.138266e+00  1.511175e-02  5.919935e-03  1.973537e-03  
   3.0799999  8.168185e+00  1.579219e-02  6.279971e-03  2.063986e-03  
   3.0899999  8.187506e+00  1.639690e-02  6.443320e-03  2.144700e-03  
   3.0999999  8.193092e+00  1.685908e-02  6.387370e-03  2.206811e-03  
   3.1099999  8.185264e+00  1.711670e-02  6.118793e-03  2.242058e-03  
   3.1199999  8.167927e+00  1.711473e-02  5.671030e-03  2.243102e-03  
   3.1300001  8.148070e+00  1.681307e-02  5.097446e-03  2.204576e-03  
   3.1400001  8.134707e+00  1.619781e-02  4.461839e-03  2.124569e-03  
   3.1500001  8.137404e+00  1.529195e-02  3.828310e-03  2.006031e-03  
   3.1600001  8.164769e+00  1.416191e-02  3.252804e-03  1.857616e-03  
   3.1700001  8.223075e+00  1.291757e-02  2.777505e-03  1.693659e-03  
   3.1800001  8.315315e+00  1.170523e-02  2.428724e-03  1.533232e-03  
   3.1900001  8.440740e+00  1.069521e-02  2.217930e-03  1.398491e-03  
   3.2000000  8.594991e+00  1.006639e-02  2.145115e-03  1.312620e-03  
   3.2100000  8.770773e+00  9.990587e-03  2.203585e-03  1.297770e-03  
   3.2200000  8.958923e+00  1.061883e-02  2.385392e-03  1.373248e-03  
   3.2300000  9.149799e+00  1.207046e-02  2.686926e-03  1.554110e-03  
   3.2400000  9.334665e+00  1.442489e-02  3.114311e-03  1.850099e-03  
   3.2500000  9.506825e+00  1.771455e-02  3.688148e-03  2.264785e-03  
   3.2600000  9.662210e+00  2.191772e-02  4.446938e-03  2.794704e-03  
   3.2700000  9.799240e+00  2.695039e-02  5.448225e-03  3.428402e-03  
   3.2800000  9.917896e+00  3.265782e-02  6.766474e-03  4.145471e-03  
   3.2900000  1.001817e+01  3.880842e-02  8.487057e-03  4.915883e-03  
   3.3000000  1.009826e+01  4.509397e-02  1.069638e-02  5.700154e-03  
   3.3099999  1.015300e+01  5.114054e-02  1.346902e-02  6.450839e-03  
   3.3199999  1.017306e+01  5.653324e-02  1.685338e-02  7.115758e-03  
   3.3299999  1.014529e+01  6.085524e-02  2.085797e-02  7.642957e-03  
   3.3399999  1.005437e+01  6.373738e-02  2.544014e-02  7.986916e-03  
   3.3499999  9.885567e+00  6.491141e-02  3.049905e-02  8.115125e-03  
   3.3599999  9.628127e+00  6.425694e-02  3.587461e-02  8.013761e-03  
   3.3699999  9.278450e+00  6.183206e-02  4.135405e-02  7.691245e-03  
   3.3800001  8.842360e+00  5.787958e-02  4.668813e-02  7.178723e-03  
   3.3900001  8.335860e+00  5.280524e-02  5.161785e-02  6.527096e-03  
   3.4000001  7.783912e+00  4.712890e-02  5.591371e-02  5.800744e-03  
   3.4100001  7.217763e+00  4.141750e-02  5.942261e-02  5.069178e-03  
   3.4200001  6.671268e+00  3.621088e-02  6.211785e-02  4.397909e-03  
   3.4300001  6.177269e+00  3.195485e-02  6.414104e-02  3.840349e-03  
   3.4400001  5.765046e+00  2.895379e-02  6.582333e-02  3.432223e-03  
   3.4500000  5.459349e+00  2.735077e-02  6.767277e-02  3.189347e-03  
   3.4600000  5.281126e+00  2.713634e-02  7.032032e-02  3.108931e-03  
   3.4700000  5.249137e+00  2.817973e-02  7.442234e-02  3.173572e-03  
   3.4800000  5.381217e+00  3.027099e-02  8.053071e-02  3.356599e-03  
   3.4900000  5.693845e+00  3.316107e-02  8.894917e-02  3.627174e-03  
   3.5000000  6.199097e+00  3.658908e-02  9.960613e-02  3.953923e-03  
   3.5100000  6.899200e+00  4.029274e-02  1.119760e-01  4.306555e-03  
   3.5200000  7.780041e+00  4.400514e-02  1.250785e-01  4.655790e-03  
   3.5300000  8.805959e+00  4.744729e-02  1.375743e-01  4.972608e-03  
   3.5400000  9.918359e+00  5.032790e-02  1.479518e-01  5.228029e-03  
   3.5500000  1.103985e+01  5.235828e-02  1.547773e-01  5.394329e-03  
   3.5599999  1.208406e+01  5.328409e-02  1.569587e-01  5.447905e-03  
   3.5699999  1.296923e+01  5.292667e-02  1.539606e-01  5.373072e-03  
   3.5799999  1.363229e+01  5.122142e-02  1.459171e-01  5.165580e-03  
   3.5899999  1.403975e+01  4.824003e-02  1.336109e-01  4.834541e-03  
   3.5999999  1.419235e+01  4.418748e-02  1.183257e-01  4.401863e-03  
   3.6099999  1.412242e+01  3.937301e-02  1.016077e-01  3.899196e-03  
   3.6199999  1.388500e+01  3.416203e-02  8.499883e-02  3.363080e-03  
   3.6300001  1.354528e+01  2.892131e-02  6.980190e-02  2.829519e-03  
   3.6400001  1.316586e+01  2.397079e-02  5.692692e-02  2.329369e-03  
   3.6500001  1.279674e+01  1.955014e-02  4.683153e-02  1.885189e-03  
   3.6600001  1.246994e+01  1.580638e-02  3.955527e-02  1.510238e-03  
   3.6700001  1.219890e+01  1.279946e-02  3.481395e-02  1.209190e-03  
   3.6800001  1.198198e+01  1.052135e-02  3.212215e-02  9.801114e-04  
   3.6900001  1.180813e+01  8.921668e-03  3.091189e-02  8.170291e-04  
   3.7000000  1.166321e+01  7.933458e-03  3.062686e-02  7.124381e-04  
   3.7100000  1.153539e+01  7.494147e-03  3.078380e-02  6.593117e-04  
   3.7200000  1.141904e+01  7.558573e-03  3.100227e-02  6.523479e-04  
   3.7300000  1.131663e+01  8.103026e-03  3.101030e-02  6.883723e-04  
   3.7400000  1.123913e+01  9.120815e-03  3.063532e-02  7.659720e-04  
   3.7500000  1.120482e+01  1.061129e-02  2.978881e-02  8.845499e-04  
   3.7600000  1.123723e+01  1.256537e-02  2.845030e-02  1.043068e-03  
   3.7700000  1.136224e+01  1.495098e-02  2.665335e-02  1.238780e-03  
   3.7800000  1.160470e+01  1.770192e-02  2.447383e-02  1.466250e-03  
   3.7900000  1.198495e+01  2.071279e-02  2.201948e-02  1.716877e-03  
   3.8000000  1.251565e+01  2.384176e-02  1.941902e-02  1.979067e-03  
   3.8099999  1.319972e+01  2.692096e-02  1.681065e-02  2.239040e-03  
   3.8199999  1.402977e+01  2.977329e-02  1.432962e-02  2.482198e-03  
   3.8299999  1.498959e+01  3.223308e-02  1.209623e-02  2.694782e-03  
   3.8399999  1.605766e+01  3.416636e-02  1.020555e-02  2.865566e-03  
   3.8499999  1.721216e+01  3.548734e-02  8.719759e-03  2.987218e-03  
   3.8599999  1.843633e+01  3.616704e-02  7.664149e-03  3.057027e-03  
   3.8699999  1.972334e+01  3.623184e-02  7.026556e-03  3.076813e-03  
   3.8800001  2.107890e+01  3.575186e-02  6.760341e-03  3.051961e-03  
   3.8900001  2.252132e+01  3.482178e-02  6.790595e-03  2.989817e-03  
   3.9000001  2.407895e+01  3.353864e-02  7.023224e-03  2.897827e-03  
   3.9100001  2.578518e+01  3.198288e-02  7.356504e-03  2.781957e-03  
   3.9200001  2.767267e+01  3.020757e-02  7.693988e-03  2.645810e-03  
   3.9300001  2.976794e+01  2.823889e-02  7.957361e-03  2.490741e-03  
   3.9400001  3.208748e+01  2.608677e-02  8.097235e-03  2.316857e-03  
   3.9500000  3.463637e+01  2.376181e-02  8.099924e-03  2.124573e-03  
   3.9600000  3.740930e+01  2.129239e-02  7.988745e-03  1.916190e-03  
   3.9700000  4.039363e+01  1.873662e-02  7.819310e-03  1.696993e-03  
   3.9800000  4.357379e+01  1.618575e-02  7.669626e-03  1.475598e-03  
   3.9900000  4.693576e+01  1.375942e-02  7.626739e-03  1.263550e-03  
   4.0000000  5.047131e+01  1.159569e-02  7.772531e-03  1.074450e-03  
   4.0100002  5.418074e+01  9.839846e-03  8.171057e-03  9.229581e-04  
   4.0200000  5.807376e+01  8.635566e-03  8.859314e-03  8.240148e-04  
   4.0300002  6.216999e+01  8.118832e-03  9.842661e-03  7.922795e-04  
   4.0400000  6.649541e+01  8.414798e-03  1.109435e-02  8.417971e-04  
   4.0500002  7.108062e+01  9.633873e-03  1.255972e-02  9.855542e-04  
   4.0599999  7.595498e+01  1.186545e-02  1.416281e-02  1.234738e-03  
   4.0700002  8.114425e+01  1.516895e-02  1.581671e-02  1.597706e-03  
   4.0799999  8.666506e+01  1.956122e-02  1.743486e-02  2.078536e-03  
   4.0900002  9.252390e+01  2.500554e-02  1.894469e-02  2.675735e-03  
   4.0999999  9.871315e+01  3.140009e-02  2.029998e-02  3.380828e-03  
   4.1100001  1.052116e+02  3.857414e-02  2.149173e-02  4.177768e-03  
   4.1199999  1.119807e+02  4.628597e-02  2.255294e-02  5.042468e-03  
   4.1300001  1.189659e+02  5.423305e-02  2.355709e-02  5.943707e-03  
   4.1399999  1.260917e+02  6.206560e-02  2.460775e-02  6.844398e-03  
   4.1500001  1.332649e+02  6.941570e-02  2.582278e-02  7.704680e-03  
   4.1599998  1.403729e+02  7.592999e-02  2.731508e-02  8.485450e-03  
   4.1700001  1.472901e+02  8.131470e-02  2.917716e-02  9.153408e-03  
   4.1799998  1.538815e+02  8.537582e-02  3.147235e-02  9.685705e-03  
   4.1900001  1.600128e+02  8.805620e-02  3.423804e-02  1.007438e-02  
   4.1999998  1.655546e+02  8.945376e-02  3.749761e-02  1.032875e-02  
   4.2100000  1.703907e+02  8.982056e-02  4.128022e-02  1.047586e-02  
   4.2199998  1.744199e+02  8.953857e-02  4.563728e-02  1.055810e-02  
   4.2300000  1.775599e+02  8.907726e-02  5.065257e-02  1.062883e-02  
   4.2399998  1.797493e+02  8.893929e-02  5.643421e-02  1.074624e-02  
   4.2500000  1.809520e+02  8.960075e-02  6.309262e-02  1.096647e-02  
   4.2600002  1.811621e+02  9.145229e-02  7.070077e-02  1.133627e-02  
   4.2700000  1.804093e+02  9.474320e-02  7.925159e-02  1.188568e-02  
   4.2800002  1.787601e+02  9.953375e-02  8.862448e-02  1.262152e-02  
   4.2900000  1.763145e+02  1.056586e-01  9.856986e-02  1.352201e-02  
   4.3000002  1.731918e+02  1.127161e-01  1.087338e-01  1.453482e-02  
   4.3099999  1.695112e+02  1.200895e-01  1.187125e-01  1.557936e-02  
   4.3200002  1.653662e+02  1.270191e-01  1.281438e-01  1.655594e-02  
   4.3299999  1.608045e+02  1.327155e-01  1.367993e-01  1.736056e-02  
   4.3400002  1.558162e+02  1.365094e-01  1.446673e-01  1.790456e-02  
   4.3499999  1.503431e+02  1.379954e-01  1.519815e-01  1.813390e-02  
   4.3600001  1.443035e+02  1.371404e-01  1.591920e-01  1.804346e-02  
   4.3699999  1.376351e+02  1.343129e-01  1.668628e-01  1.768120e-02  
   4.3800001  1.303397e+02  1.302195e-01  1.755271e-01  1.713997e-02  
   4.3899999  1.225226e+02  1.257610e-01  1.855220e-01  1.653853e-02  
   4.4000001  1.144057e+02  1.218404e-01  1.968566e-01  1.599618e-02  
   4.4099998  1.063185e+02  1.191800e-01  2.091337e-01  1.560854e-02  
   4.4200001  9.865403e+01  1.181910e-01  2.215606e-01  1.543006e-02  
   4.4299998  9.181318e+01  1.189298e-01  2.330347e-01  1.546807e-02  
   4.4400001  8.613902e+01  1.211400e-01  2.423028e-01  1.568814e-02  
   4.4499998  8.186861e+01  1.243596e-01  2.481501e-01  1.602813e-02  
   4.4600000  7.910396e+01  1.280547e-01  2.496027e-01  1.641596e-02  
   4.4699998  7.781520e+01  1.317402e-01  2.460951e-01  1.678588e-02  
   4.4800000  7.786623e+01  1.350602e-01  2.375825e-01  1.708965e-02  
   4.4899998  7.905705e+01  1.378113e-01  2.245718e-01  1.730047e-02  
   4.5000000  8.116818e+01  1.399163e-01  2.080577e-01  1.741026e-02  
   4.5100002  8.399660e+01  1.413596e-01  1.893822e-01  1.742201e-02  
   4.5200000  8.737637e+01  1.421150e-01  1.700312e-01  1.734052e-02  
   4.5300002  9.118324e+01  1.420872e-01  1.514157e-01  1.716436e-02  
   4.5400000  9.532458e+01  1.410917e-01  1.346939e-01  1.688227e-02  
   4.5500002  9.972597e+01  1.388812e-01  1.206527e-01  1.647476e-02  
   4.5599999  1.043166e+02  1.352148e-01  1.096921e-01  1.592114e-02  
   4.5700002  1.090250e+02  1.299475e-01  1.018813e-01  1.520913e-02  
   4.5799999  1.137808e+02  1.231162e-01  9.707567e-02  1.434468e-02  
   4.5900002  1.185274e+02  1.149866e-01  9.503476e-02  1.335771e-02  
   4.5999999  1.232324e+02  1.060547e-01  9.551528e-02  1.230293e-02  
   4.6100001  1.278982e+02  9.698770e-02  9.830749e-02  1.125380e-02  
   4.6199999  1.325600e+02  8.853250e-02  1.032190e-01  1.029285e-02  
   4.6300001  1.372777e+02  8.140175e-02  1.100244e-01  9.499061e-03  
   4.6399999  1.421162e+02  7.617638e-02  1.184061e-01  8.936924e-03  
   4.6500001  1.471278e+02  7.323112e-02  1.279191e-01  8.647842e-03  
   4.6599998  1.523348e+02  7.270253e-02  1.379862e-01  8.646169e-03  
   4.6700001  1.577241e+02  7.448931e-02  1.479363e-01  8.918899e-03  
   4.6799998  1.632482e+02  7.828112e-02  1.570611e-01  9.428589e-03  
   4.6900001  1.688385e+02  8.360225e-02  1.646859e-01  1.011815e-02  
   4.6999998  1.744192e+02  8.985866e-02  1.702257e-01  1.091610e-02  
   4.7100000  1.799252e+02  9.638681e-02  1.732284e-01  1.174232e-02  
   4.7199998  1.853132e+02  1.024963e-01  1.733937e-01  1.251313e-02  
   4.7300000  1.905719e+02  1.075171e-01  1.705807e-01  1.314707e-02  
   4.7399998  1.957238e+02  1.108455e-01  1.648094e-01  1.357065e-02  
   4.7500000  2.008285e+02  1.119984e-01  1.562606e-01  1.372503e-02  
   4.7600002  2.059802e+02  1.106656e-01  1.452823e-01  1.357254e-02  
   4.7700000  2.113054e+02  1.067573e-01  1.323892e-01  1.310250e-02  
   4.7800002  2.169599e+02  1.004299e-01  1.182475e-01  1.233445e-02  
   4.7900000  2.231194e+02  9.208401e-02  1.036438e-01  1.131783e-02  
   4.8000002  2.299707e+02  8.232000e-02  8.941790e-02  1.012660e-02  
   4.8099999  2.376932e+02  7.186337e-02  7.638435e-02  8.850091e-03  
   4.8200002  2.464426e+02  6.145921e-02  6.523437e-02  7.580002e-03  
   4.8299999  2.563263e+02  5.176929e-02  5.645779e-02  6.397797e-03  
   4.8400002  2.673866e+02  4.327925e-02  5.028362e-02  5.363204e-03  
   4.8499999  2.795813e+02  3.624959e-02  4.666791e-02  4.508166e-03  
   4.8600001  2.927812e+02  3.070646e-02  4.531665e-02  3.835656e-03  
   4.8699999  3.067703e+02  2.648349e-02  4.574659e-02  3.324834e-03  
   4.8800001  3.212695e+02  2.329167e-02  4.736248e-02  2.939735e-03  
   4.8899999  3.359638e+02  2.080653e-02  4.953908e-02  2.640148e-03  
   4.9000001  3.505470e+02  1.874498e-02  5.169527e-02  2.391242e-03  
   4.9099998  3.647599e+02  1.692018e-02  5.335224e-02  2.170498e-03  
   4.9200001  3.784311e+02  1.526230e-02  5.417770e-02  1.970346e-03  
   4.9299998  3.914926e+02  1.380971e-02  5.401412e-02  1.797108e-03  
   4.9400001  4.039862e+02  1.267752e-02  5.289417e-02  1.667043e-03  
   4.9499998  4.160397e+02  1.201886e-02  5.104066e-02  1.601487e-03  
   4.9600000  4.278368e+02  1.198911e-02  4.884657e-02  1.622310e-03  
   4.9699998  4.395740e+02  1.272127e-02  4.683326e-02  1.748750e-03  
   4.9800000  4.514294e+02  1.431212e-02  4.558380e-02  1.995566e-03  
   4.9899998  4.635354e+02  1.681469e-02  4.565951e-02  2.371826e-03  
   5.0000000  4.759727e+02  2.023172e-02  4.750900e-02  2.879753e-03  
   5.0100002  4.887657e+02  2.450433e-02  5.138714e-02  3.512778e-03  
   5.0200000  5.018833e+02  2.949859e-02  5.729987e-02  4.253321e-03  
   5.0300002  5.152364e+02  3.499572e-02  6.498933e-02  5.071116e-03  
   5.0400000  5.286584e+02  4.069072e-02  7.395886e-02  5.922792e-03  
   5.0500002  5.418906e+02  4.621237e-02  8.354066e-02  6.754629e-03  
   5.0599999  5.545607e+02  5.115893e-02  9.298099e-02  7.507643e-03  
   5.0700002  5.661849e+02  5.515212e-02  1.015372e-01  8.125450e-03  
   5.0799999  5.761866e+02  5.789091e-02  1.085560e-01  8.562195e-03  
   5.0900002  5.839462e+02  5.919816e-02  1.135333e-01  8.789605e-03  
   5.0999999  5.888723e+02  5.904342e-02  1.161418e-01  8.800605e-03  
   5.1100001  5.904902e+02  5.753997e-02  1.162385e-01  8.609284e-03  
   5.1199999  5.885270e+02  5.491682e-02  1.138545e-01  8.247089e-03  
   5.1300001  5.829825e+02  5.147390e-02  1.091789e-01  7.756571e-03  
   5.1399999  5.741706e+02  4.753471e-02  1.025419e-01  7.184562e-03  
   5.1500001  5.627206e+02  4.340379e-02  9.439252e-02  6.575936e-03  
   5.1599998  5.495373e+02  3.934184e-02  8.527604e-02  5.969873e-03  
   5.1700001  5.357155e+02  3.555527e-02  7.579526e-02  5.398128e-03  
   5.1799998  5.224303e+02  3.220475e-02  6.656557e-02  4.886100e-03  
   5.1900001  5.107996e+02  2.942217e-02  5.815279e-02  4.455104e-03  
   5.1999998  5.017586e+02  2.733608e-02  5.101510e-02  4.125952e-03  
   5.2100000  4.959440e+02  2.609440e-02  4.544748e-02  3.922159e-03  
   5.2199998  4.936263e+02  2.588261e-02  4.155207e-02  3.872517e-03  
   5.2300000  4.946885e+02  2.692768e-02  3.923377e-02  4.011612e-03  
   5.2399998  4.986650e+02  2.948354e-02  3.823134e-02  4.377632e-03  
   5.2500000  5.048316e+02  3.379335e-02  3.817380e-02  5.006790e-03  
   5.2600002  5.123301e+02  4.002773e-02  3.865575e-02  5.924192e-03  
   5.2700000  5.203061e+02  4.820840e-02  3.931519e-02  7.132599e-03  
   5.2800002  5.280350e+02  5.813498e-02  3.990103e-02  8.601679e-03  
   5.2900000  5.350087e+02  6.933268e-02  4.031732e-02  1.026034e-02  
   5.3000002  5.409812e+02  8.105451e-02  4.063701e-02  1.199718e-02  
   5.3099999  5.459539e+02  9.234005e-02  4.108208e-02  1.366928e-02  
   5.3200002  5.501262e+02  1.021443e-01  4.197308e-02  1.512138e-02  
   5.3299999  5.538111e+02  1.094991e-01  4.365655e-02  1.620983e-02  
   5.3400002  5.573456e+02  1.136863e-01  4.642391e-02  1.682825e-02  
   5.3499999  5.610083e+02  1.143662e-01  5.043613e-02  1.692652e-02  
   5.3600001  5.649581e+02  1.116383e-01  5.567222e-02  1.651979e-02  
   5.3699999  5.692048e+02  1.060165e-01  6.190805e-02  1.568464e-02  
   5.3800001  5.736097e+02  9.832858e-02  6.873617e-02  1.454415e-02  
   5.3899999  5.779158e+02  8.957437e-02  7.561452e-02  1.324688e-02  
   5.4000001  5.817995e+02  8.077142e-02  8.194225e-02  1.194389e-02  
   5.4099998  5.849319e+02  7.283048e-02  8.713801e-02  1.077039e-02  
   5.4200001  5.870458e+02  6.646641e-02  9.071561e-02  9.832517e-03  
   5.4299998  5.879908e+02  6.215906e-02  9.233655e-02  9.201656e-03  
   5.4400001  5.877755e+02  6.014379e-02  9.184194e-02  8.913062e-03  
   5.4499998  5.865859e+02  6.042888e-02  8.925901e-02  8.968483e-03  
   5.4600000  5.847776e+02  6.282393e-02  8.478935e-02  9.340405e-03  
   5.4699998  5.828472e+02  6.697934e-02  7.878662e-02  9.977872e-03  
   5.4800000  5.813813e+02  7.243754e-02  7.172488e-02  1.081401e-02  
   5.4899998  5.810021e+02  7.869224e-02  6.416725e-02  1.177475e-02  
   5.5000000  5.823098e+02  8.525766e-02  5.672548e-02  1.278904e-02  
   5.5100002  5.858399e+02  9.173071e-02  5.001842e-02  1.379806e-02  
   5.5200000  5.920337e+02  9.784061e-02  4.461898e-02  1.476253e-02  
   5.5300002  6.012266e+02  1.034730e-01  4.099517e-02  1.566651e-02  
   5.5400000  6.136425e+02  1.086615e-01  3.945323e-02  1.651612e-02  
   5.5500002  6.293980e+02  1.135555e-01  4.008716e-02  1.733494e-02  
   5.5599999  6.484953e+02  1.183676e-01  4.275158e-02  1.815617e-02  
   5.5700002  6.708220e+02  1.233191e-01  4.706527e-02  1.901444e-02  
   5.5799999  6.961358e+02  1.285880e-01  5.244906e-02  1.993789e-02  
   5.5900002  7.240681e+02  1.342737e-01  5.819783e-02  2.094260e-02  
   5.5999999  7.541194e+02  1.403747e-01  6.356957e-02  2.202876e-02  
   5.6100001  7.856945e+02  1.467840e-01  6.788294e-02  2.317956e-02  
   5.6199999  8.181346e+02  1.532928e-01  7.059822e-02  2.436119e-02  
   5.6300001  8.507971e+02  1.596076e-01  7.137623e-02  2.552521e-02  
   5.6399999  8.831250e+02  1.653711e-01  7.010268e-02  2.661155e-02  
   5.6500001  9.147499e+02  1.701959e-01  6.688210e-02  2.755399e-02  
   5.6599998  9.455590e+02  1.737010e-01  6.200619e-02  2.828624e-02  
   5.6700001  9.757568e+02  1.755571e-01  5.590280e-02  2.874987e-02  
   5.6799998  1.005859e+03  1.755287e-01  4.907911e-02  2.890181e-02  
   5.6900001  1.036648e+03  1.735118e-01  4.205909e-02  2.872135e-02  
   5.6999998  1.069056e+03  1.695592e-01  3.533112e-02  2.821477e-02  
   5.7100000  1.104025e+03  1.638876e-01  2.930181e-02  2.741721e-02  
   5.7199998  1.142331e+03  1.568709e-01  2.427075e-02  2.639174e-02  
   5.7300000  1.184454e+03  1.490137e-01  2.041883e-02  2.522513e-02  
   5.7399998  1.230462e+03  1.409176e-01  1.781682e-02  2.402199e-02  
   5.7500000  1.279980e+03  1.332299e-01  1.644129e-02  2.289606e-02  
   5.7600002  1.332208e+03  1.265897e-01  1.619545e-02  2.196030e-02  
   5.7700000  1.386006e+03  1.215607e-01  1.692429e-02  2.131488e-02  
   5.7800002  1.440027e+03  1.185630e-01  1.842417e-02  2.103457e-02  
   5.7900000  1.492865e+03  1.178151e-01  2.044859e-02  2.115790e-02  
   5.8000002  1.543234e+03  1.192949e-01  2.271826e-02  2.167990e-02  
   5.8099999  1.590106e+03  1.227411e-01  2.494013e-02  2.255205e-02  
   5.8200002  1.632853e+03  1.276985e-01  2.684023e-02  2.369070e-02  
   5.8299999  1.671291e+03  1.336046e-01  2.820376e-02  2.499294e-02  
   5.8400002  1.705690e+03  1.399013e-01  2.891683e-02  2.635756e-02  
   5.8499999  1.736672e+03  1.461419e-01  2.899861e-02  2.770486e-02  
   5.8600001  1.765078e+03  1.520694e-01  2.862001e-02  2.899128e-02  
   5.8699999  1.791780e+03  1.576393e-01  2.810838e-02  3.021349e-02  
   5.8800001  1.817518e+03  1.629907e-01  2.794286e-02  3.140256e-02  
   5.8899999  1.842775e+03  1.683672e-01  2.874530e-02  3.260862e-02  
   5.9000001  1.867738e+03  1.740215e-01  3.126631e-02  3.388246e-02  
   5.9099998  1.892323e+03  1.801248e-01  3.635771e-02  3.525792e-02  
   5.9200001  1.916276e+03  1.867124e-01  4.492068e-02  3.674137e-02  
   5.9299998  1.939295e+03  1.936711e-01  5.781317e-02  3.830943e-02  
   5.9400001  1.961150e+03  2.007765e-01  7.572377e-02  3.991636e-02  
   5.9499998  1.981757e+03  2.077571e-01  9.901377e-02  4.150710e-02  
   5.9600000  2.001193e+03  2.143756e-01  1.275801e-01  4.303354e-02  
   5.9699998  2.019636e+03  2.204953e-01  1.607539e-01  4.446803e-02  
   5.9800000  2.037251e+03  2.261236e-01  1.973053e-01  4.581249e-02  
   5.9899998  2.054046e+03  2.314154e-01  2.355310e-01  4.709918e-02  
   6.0000000  2.069728e+03  2.366447e-01  2.734613e-01  4.838485e-02  
   6.0100002  2.083606e+03  2.421443e-01  3.091002e-01  4.973854e-02  
   6.0200000  2.094579e+03  2.482355e-01  3.406906e-01  5.122652e-02  
   6.0300002  2.101211e+03  2.551603e-01  3.669362e-01  5.289829e-02  
   6.0400000  2.101895e+03  2.630289e-01  3.871350e-01  5.477521e-02  
   6.0500002  2.095081e+03  2.717977e-01  4.012440e-01  5.684581e-02  
   6.0599999  2.079500e+03  2.812704e-01  4.098499e-01  5.906596e-02  
   6.0700002  2.054352e+03  2.911302e-01  4.140860e-01  6.136559e-02  
   6.0799999  2.019412e+03  3.009796e-01  4.154952e-01  6.365734e-02  
   6.0900002  1.975010e+03  3.103940e-01  4.158578e-01  6.584782e-02  
   6.0999999  1.921958e+03  3.189648e-01  4.169876e-01  6.784680e-02  
   6.1100001  1.861385e+03  3.263427e-01  4.205004e-01  6.957679e-02  
   6.1199999  1.794598e+03  3.322679e-01  4.275797e-01  7.097926e-02  
   6.1300001  1.722931e+03  3.365954e-01  4.387752e-01  7.202057e-02  
   6.1399999  1.647676e+03  3.393052e-01  4.538822e-01  7.269452e-02  
   6.1500001  1.570009e+03  3.404987e-01  4.719666e-01  7.302205e-02  
   6.1599998  1.490990e+03  3.403704e-01  4.915613e-01  7.304534e-02  
   6.1700001  1.411519e+03  3.391553e-01  5.110514e-01  7.281682e-02  
   6.1799998  1.332355e+03  3.370580e-01  5.291739e-01  7.238363e-02  
   6.1900001  1.254076e+03  3.341742e-01  5.455363e-01  7.177043e-02  
   6.1999998  1.177110e+03  3.304308e-01  5.609907e-01  7.096576e-02  
   6.2100000  1.101725e+03  3.255587e-01  5.777317e-01  6.991585e-02  
   6.2199998  1.028087e+03  3.191220e-01  5.990190e-01  6.853014e-02  
   6.2300000  9.562780e+02  3.105972e-01  6.285571e-01  6.669838e-02  
   6.2399998  8.863668e+02  2.995001e-01  6.696318e-01  6.431757e-02  
   6.2500000  8.184244e+02  2.855247e-01  7.242503e-01  6.132213e-02  
   6.2600002  7.525872e+02  2.686736e-01  7.924748e-01  5.771217e-02  
   6.2700000  6.890790e+02  2.493363e-01  8.721676e-01  5.357073e-02  
   6.2800002  6.282335e+02  2.282951e-01  9.592078e-01  4.906549e-02  
   6.2900000  5.705377e+02  2.066635e-01  1.048062e+00  4.443570e-02  
   6.3000002  5.166144e+02  1.857420e-01  1.132634e+00  3.996147e-02  
   6.3099999  4.672295e+02  1.668533e-01  1.207062e+00  3.592861e-02  
   6.3200002  4.232308e+02  1.511643e-01  1.266429e+00  3.259012e-02  
   6.3299999  3.855044e+02  1.395615e-01  1.307159e+00  3.013956e-02  
   6.3400002  3.548827e+02  1.325819e-01  1.327223e+00  2.869619e-02  
   6.3499999  3.320832e+02  1.304281e-01  1.326133e+00  2.830817e-02  
   6.3600001  3.176294e+02  1.330350e-01  1.304863e+00  2.896703e-02  
   6.3699999  3.118090e+02  1.401683e-01  1.265720e+00  3.062895e-02  
   6.3800001  3.146382e+02  1.515154e-01  1.212180e+00  3.323413e-02  
   6.3899999  3.258560e+02  1.667351e-01  1.148687e+00  3.671731e-02  
   6.4000001  3.449419e+02  1.854658e-01  1.080313e+00  4.100909e-02  
   6.4099998  3.711538e+02  2.072854e-01  1.012331e+00  4.602640e-02  
   6.4200001  4.036043e+02  2.316674e-01  9.496191e-01  5.166261e-02  
   6.4299998  4.413412e+02  2.579389e-01  8.960736e-01  5.777741e-02  
   6.4400001  4.834682e+02  2.852925e-01  8.540225e-01  6.419922e-02  
   6.4499998  5.292413e+02  3.128237e-01  8.238871e-01  7.073253e-02  
   6.4600000  5.781834e+02  3.396169e-01  8.041077e-01  7.717671e-02  
   6.4699998  6.301349e+02  3.648166e-01  7.914789e-01  8.334075e-02  
   6.4800000  6.852891e+02  3.876952e-01  7.818046e-01  8.905774e-02  
   6.4899998  7.441273e+02  4.076615e-01  7.707996e-01  9.418614e-02  
   6.5000000  8.073298e+02  4.242505e-01  7.550111e-01  9.860733e-02  
   6.5100002  8.755965e+02  4.370793e-01  7.325520e-01  1.022160e-01  
   6.5200000  9.494727e+02  4.458204e-01  7.034529e-01  1.049159e-01  
   6.5300002  1.029200e+03  4.502044e-01  6.695372e-01  1.066221e-01  
   6.5400000  1.114596e+03  4.500563e-01  6.338825e-01  1.072719e-01  
   6.5500002  1.205081e+03  4.453626e-01  5.999764e-01  1.068429e-01  
   6.5599999  1.299745e+03  4.363391e-01  5.708402e-01  1.053704e-01  
   6.5700002  1.397559e+03  4.234675e-01  5.482873e-01  1.029573e-01  
   6.5799999  1.497551e+03  4.074901e-01  5.325305e-01  9.977321e-02  
   6.5900002  1.599005e+03  3.893419e-01  5.221617e-01  9.603832e-02  
   6.5999999  1.701516e+03  3.700566e-01  5.145085e-01  9.200070e-02  
   6.6100001  1.804994e+03  3.506454e-01  5.062301e-01  8.790693e-02  
   6.6199999  1.909473e+03  3.320083e-01  4.940240e-01  8.398040e-02  
   6.6300001  2.014945e+03  3.148692e-01  4.752656e-01  8.040588e-02  
   6.6399999  2.121119e+03  2.997746e-01  4.484796e-01  7.732860e-02  
   6.6500001  2.227331e+03  2.871168e-01  4.135394e-01  7.486030e-02  
   6.6599998  2.332511e+03  2.771889e-01  3.716205e-01  7.309175e-02  
   6.6700001  2.435336e+03  2.702234e-01  3.249052e-01  7.210135e-02  
   6.6799998  2.534424e+03  2.664128e-01  2.761794e-01  7.195845e-02  
   6.6900001  2.628619e+03  2.658878e-01  2.283620e-01  7.271509e-02  
   6.6999998  2.717181e+03  2.686689e-01  1.841256e-01  7.439122e-02  
   6.7100000  2.799951e+03  2.746044e-01  1.455991e-01  7.695563e-02  
   6.7199998  2.877371e+03  2.833169e-01  1.142459e-01  8.030951e-02  
   6.7300000  2.950451e+03  2.941852e-01  9.083377e-02  8.428007e-02  
   6.7399998  3.020644e+03  3.063625e-01  7.551591e-02  8.862412e-02  
   6.7500000  3.089720e+03  3.188428e-01  6.792673e-02  9.304661e-02  
   6.7600002  3.159603e+03  3.305488e-01  6.729146e-02  9.722519e-02  
   6.7700000  3.232240e+03  3.404373e-01  7.250492e-02  1.008415e-01  
   6.7800002  3.309478e+03  3.475976e-01  8.219754e-02  1.036117e-01  
   6.7900000  3.392930e+03  3.513336e-01  9.479697e-02  1.053128e-01  
   6.8000002  3.483894e+03  3.512324e-01  1.086164e-01  1.058067e-01  
   6.8099999  3.583249e+03  3.472150e-01  1.219710e-01  1.050584e-01  
   6.8200002  3.691420e+03  3.395724e-01  1.333375e-01  1.031498e-01  
   6.8299999  3.808304e+03  3.289813e-01  1.415166e-01  1.002861e-01  
   6.8400002  3.933309e+03  3.164800e-01  1.457845e-01  9.678996e-02  
   6.8499999  4.065333e+03  3.034008e-01  1.459838e-01  9.308019e-02  
   6.8600001  4.202877e+03  2.912346e-01  1.425408e-01  8.962920e-02  
   6.8699999  4.344092e+03  2.814502e-01  1.363969e-01  8.690538e-02  
   6.8800001  4.486954e+03  2.752742e-01  1.288663e-01  8.530322e-02  
   6.8899999  4.629351e+03  2.734880e-01  1.214493e-01  8.507824e-02  
   6.9000001  4.769253e+03  2.762755e-01  1.156209e-01  8.629780e-02  
   6.9099998  4.904785e+03  2.831720e-01  1.126369e-01  8.882346e-02  
   6.9200001  5.034345e+03  2.931339e-01  1.133672e-01  9.233180e-02  
   6.9299998  5.156632e+03  3.047232e-01  1.181866e-01  9.637170e-02  
   6.9400001  5.270723e+03  3.163859e-01  1.269326e-01  1.004518e-01  
   6.9499998  5.376059e+03  3.267550e-01  1.389399e-01  1.041375e-01  
   6.9600000  5.472477e+03  3.349334e-01  1.531565e-01  1.071419e-01  
   6.9699998  5.560145e+03  3.406756e-01  1.683161e-01  1.093849e-01  
   6.9800000  5.639527e+03  3.444370e-01  1.831495e-01  1.110114e-01  
   6.9899998  5.711270e+03  3.472622e-01  1.965709e-01  1.123563e-01  
   7.0000000  5.776128e+03  3.505364e-01  2.078162e-01  1.138648e-01  
   7.0100002  5.834896e+03  3.556474e-01  2.164792e-01  1.159813e-01  
   7.0200000  5.888442e+03  3.636367e-01  2.224601e-01  1.190349e-01  
   7.0300002  5.937830e+03  3.749303e-01  2.258417e-01  1.231480e-01  
   7.0400000  5.984522e+03  3.892147e-01  2.267390e-01  1.281924e-01  
   7.0500002  6.030622e+03  4.055075e-01  2.251844e-01  1.338113e-01  
   7.0599999  6.079044e+03  4.223937e-01  2.210805e-01  1.394968e-01  
   7.0700002  6.133559e+03  4.383852e-01  2.142362e-01  1.447131e-01  
   7.0799999  6.198557e+03  4.522819e-01  2.044722e-01  1.490225e-01  
   7.0900002  6.278603e+03  4.634561e-01  1.917484e-01  1.521899e-01  
   7.0999999  6.377718e+03  4.719589e-01  1.762753e-01  1.542287e-01  
   7.1100001  6.498627e+03  4.784444e-01  1.585575e-01  1.553838e-01  
   7.1199999  6.642032e+03  4.839254e-01  1.393715e-01  1.560532e-01  
   7.1300001  6.806200e+03  4.894550e-01  1.196630e-01  1.566781e-01  
   7.1399999  6.986898e+03  4.958199e-01  1.004197e-01  1.576297e-01  
   7.1500001  7.177884e+03  5.033385e-01  8.252705e-02  1.591252e-01  
   7.1599998  7.371638e+03  5.118058e-01  6.666975e-02  1.611923e-01  
   7.1700001  7.560508e+03  5.205870e-01  5.327087e-02  1.636846e-01  
   7.1799998  7.737647e+03  5.288097e-01  4.249745e-02  1.663374e-01  
   7.1900001  7.897907e+03  5.355968e-01  3.429778e-02  1.688447e-01  
   7.1999998  8.038220e+03  5.402631e-01  2.847097e-02  1.709315e-01  
   7.2100000  8.157671e+03  5.424374e-01  2.473094e-02  1.724064e-01  
   7.2199998  8.257137e+03  5.420834e-01  2.276218e-02  1.731823e-01  
   7.2300000  8.338800e+03  5.394363e-01  2.225025e-02  1.732672e-01  
   7.2399998  8.405565e+03  5.348844e-01  2.289407e-02  1.727323e-01  
   7.2500000  8.460616e+03  5.288352e-01  2.440331e-02  1.716716e-01  
   7.2600002  8.507117e+03  5.216131e-01  2.649170e-02  1.701660e-01  
   7.2700000  8.548156e+03  5.134077e-01  2.887406e-02  1.682632e-01  
   7.2800002  8.586771e+03  5.042907e-01  3.127207e-02  1.659797e-01  
   7.2900000  8.626087e+03  4.942994e-01  3.342690e-02  1.633237e-01  
   7.3000002  8.669396e+03  4.835482e-01  3.511798e-02  1.603325e-01  
   7.3099999  8.720166e+03  4.723541e-01  3.617883e-02  1.571126e-01  
   7.3200002  8.781935e+03  4.613133e-01  3.650814e-02  1.538674e-01  
   7.3299999  8.858052e+03  4.513148e-01  3.607118e-02  1.509039e-01  
   7.3400002  8.951395e+03  4.434555e-01  3.489355e-02  1.486047e-01  
   7.3499999  9.064010e+03  4.388745e-01  3.304994e-02  1.473737e-01  
   7.3600001  9.196862e+03  4.385262e-01  3.065114e-02  1.475583e-01  
   7.3699999  9.349641e+03  4.429516e-01  2.783363e-02  1.493700e-01  
   7.3800001  9.520788e+03  4.521049e-01  2.475004e-02  1.528218e-01  
   7.3899999  9.707642e+03  4.652884e-01  2.156274e-02  1.577030e-01  
   7.4000001  9.906797e+03  4.812348e-01  1.843436e-02  1.636034e-01  
   7.4099998  1.011449e+04  4.983183e-01  1.551867e-02  1.699836e-01  
   7.4200001  1.032715e+04  5.148742e-01  1.294737e-02  1.762842e-01  
   7.4299998  1.054170e+04  5.295348e-01  1.081985e-02  1.820420e-01  
   7.4400001  1.075598e+04  5.415202e-01  9.194165e-03  1.869932e-01  
   7.4499998  1.096875e+04  5.507922e-01  8.085470e-03  1.911291e-01  
   7.4600000  1.117974e+04  5.580465e-01  7.469239e-03  1.946961e-01  
   7.4699998  1.138941e+04  5.645244e-01  7.290433e-03  1.981318e-01  
   7.4800000  1.159876e+04  5.717012e-01  7.474423e-03  2.019568e-01  
   7.4899998  1.180895e+04  5.809142e-01  7.938051e-03  2.066422e-01  
   7.5000000  1.202110e+04  5.930289e-01  8.598528e-03  2.124910e-01  
   7.5100002  1.223600e+04  6.082128e-01  9.379332e-03  2.195548e-01  
   7.5200000  1.245402e+04  6.258723e-01  1.021358e-02  2.276090e-01  
   7.5300002  1.267505e+04  6.447645e-01  1.104551e-02  2.361909e-01  
   7.5400000  1.289850e+04  6.632364e-01  1.183026e-02  2.446844e-01  
   7.5500002  1.312348e+04  6.795508e-01  1.253317e-02  2.524380e-01  
   7.5599999  1.334886e+04  6.921962e-01  1.312784e-02  2.588788e-01  
   7.5700002  1.357354e+04  7.001393e-01  1.359429e-02  2.636077e-01  
   7.5799999  1.379651e+04  7.029458e-01  1.391672e-02  2.664462e-01  
   7.5900002  1.401697e+04  7.007759e-01  1.408218e-02  2.674387e-01  
   7.5999999  1.423429e+04  6.942605e-01  1.408022e-02  2.668086e-01  
   7.6100001  1.444813e+04  6.843013e-01  1.390389e-02  2.648851e-01  
   7.6199999  1.465821e+04  6.718580e-01  1.355178e-02  2.620236e-01  
   7.6300001  1.486442e+04  6.577625e-01  1.303035e-02  2.585348e-01  
   7.6399999  1.506663e+04  6.426147e-01  1.235601e-02  2.546434e-01  
   7.6500001  1.526474e+04  6.267589e-01  1.155579e-02  2.504790e-01  
   7.6599998  1.545852e+04  6.103522e-01  1.066675e-02  2.461003e-01  
   7.6700001  1.564766e+04  5.934736e-01  9.733365e-03  2.415389e-01  
   7.6799998  1.583168e+04  5.762566e-01  8.804096e-03  2.368506e-01  
   7.6900001  1.600995e+04  5.589800e-01  7.926622e-03  2.321529e-01  
   7.6999998  1.618169e+04  5.421132e-01  7.143700e-03  2.276416e-01  
   7.7100000  1.634602e+04  5.262765e-01  6.488956e-03  2.235768e-01  
   7.7199998  1.650197e+04  5.121563e-01  5.984364e-03  2.202462e-01  
   7.7300000  1.664861e+04  5.003758e-01  5.638504e-03  2.179116e-01  
   7.7399998  1.678503e+04  4.913799e-01  5.446579e-03  2.167595e-01  
   7.7500000  1.691047e+04  4.853445e-01  5.391299e-03  2.168623e-01  
   7.7600002  1.702441e+04  4.821507e-01  5.444999e-03  2.181646e-01  
   7.7700000  1.712658e+04  4.814070e-01  5.572375e-03  2.204926e-01  
   7.7800002  1.721706e+04  4.825208e-01  5.733895e-03  2.235839e-01  
   7.7900000  1.729628e+04  4.847932e-01  5.889412e-03  2.271274e-01  
   7.8000002  1.736498e+04  4.875191e-01  6.001893e-03  2.308073e-01  
   7.8099999  1.742415e+04  4.900736e-01  6.040771e-03  2.343424e-01  
   7.8200002  1.747500e+04  4.919873e-01  5.984776e-03  2.375215e-01  
   7.8299999  1.751888e+04  4.929985e-01  5.823806e-03  2.402287e-01  
   7.8400002  1.755729e+04  4.930868e-01  5.559667e-03  2.424628e-01  
   7.8499999  1.759196e+04  4.924841e-01  5.205601e-03  2.443447e-01  
   7.8600001  1.762486e+04  4.916543e-01  4.784324e-03  2.461104e-01  
   7.8699999  1.765817e+04  4.912390e-01  4.325092e-03  2.480855e-01  
   7.8800001  1.769418e+04  4.919659e-01  3.859612e-03  2.506426e-01  
   7.8899999  1.773508e+04  4.945342e-01  3.417959e-03  2.541416e-01  
   7.9000001  1.778268e+04  4.994847e-01  3.024493e-03  2.588647e-01  
   7.9099998  1.783812e+04  5.070896e-01  2.695221e-03  2.649566e-01  
   7.9200001  1.790177e+04  5.172787e-01  2.436441e-03  2.723850e-01  
   7.9299998  1.797310e+04  5.296202e-01  2.245524e-03  2.809277e-01  
   7.9400001  1.805088e+04  5.433699e-01  2.113094e-03  2.901973e-01  
   7.9499998  1.813339e+04  5.575702e-01  2.026401e-03  2.996912e-01  
   7.9600000  1.821871e+04  5.711937e-01  1.972748e-03  3.088677e-01  
   7.9699998  1.830492e+04  5.832843e-01  1.942310e-03  3.172208e-01  
   7.9800000  1.839036e+04  5.930882e-01  1.929569e-03  3.243499e-01  
   7.9899998  1.847359e+04  6.001265e-01  1.933251e-03  3.299990e-01  
   8.0000000  1.855340e+04  6.042206e-01  1.954934e-03  3.340694e-01  
   8.0100002  1.862872e+04  6.054534e-01  1.996908e-03  3.365990e-01  
   8.0200005  1.869854e+04  6.040983e-01  2.059991e-03  3.377226e-01  
   8.0299997  1.876191e+04  6.005327e-01  2.141926e-03  3.376261e-01  
   8.0400000  1.881806e+04  5.951595e-01  2.236797e-03  3.365054e-01  
   8.0500002  1.886646e+04  5.883629e-01  2.335391e-03  3.345444e-01  
   8.0600004  1.890696e+04  5.804932e-01  2.426495e-03  3.319099e-01  
   8.0699997  1.893993e+04  5.718819e-01  2.498584e-03  3.287640e-01  
   8.0799999  1.896606e+04  5.628635e-01  2.541569e-03  3.252779e-01  
   8.0900002  1.898637e+04  5.538014e-01  2.548134e-03  3.216477e-01  
   8.1000004  1.900190e+04  5.450849e-01  2.514559e-03  3.180929e-01  
   8.1099997  1.901361e+04  5.371125e-01  2.440883e-03  3.148457e-01  
   8.1199999  1.902223e+04  5.302482e-01  2.330469e-03  3.121264e-01  
   8.1300001  1.902833e+04  5.247845e-01  2.189257e-03  3.101196e-01  
   8.1400003  1.903235e+04  5.208979e-01  2.024798e-03  3.089492e-01  
   8.1499996  1.903472e+04  5.186284e-01  1.845372e-03  3.086664e-01  
   8.1599998  1.903596e+04  5.178755e-01  1.659192e-03  3.092455e-01  
   8.1700001  1.903666e+04  5.184168e-01  1.474010e-03  3.105927e-01  
   8.1800003  1.903734e+04  5.199358e-01  1.296731e-03  3.125596e-01  
   8.1899996  1.903820e+04  5.220599e-01  1.133237e-03  3.149599e-01  
   8.1999998  1.903897e+04  5.243964e-01  9.881314e-04  3.175874e-01  
   8.2100000  1.903857e+04  5.265616e-01  8.646284e-04  3.202277e-01  
   8.2200003  1.903509e+04  5.282035e-01  7.642888e-04  3.226697e-01  
   8.2299995  1.902579e+04  5.290154e-01  6.869263e-04  3.247126e-01  
   8.2399998  1.900729e+04  5.287402e-01  6.306330e-04  3.261717e-01  
   8.2500000  1.897592e+04  5.271711e-01  5.920894e-04  3.268805e-01  
   8.2600002  1.892812e+04  5.241485e-01  5.670118e-04  3.266962e-01  
   8.2700005  1.886084e+04  5.195581e-01  5.507628e-04  3.255040e-01  
   8.2799997  1.877184e+04  5.133335e-01  5.389697e-04  3.232246e-01  
   8.2900000  1.865985e+04  5.054610e-01  5.280264e-04  3.198224e-01  
   8.3000002  1.852470e+04  4.959923e-01  5.154105e-04  3.153162e-01  
   8.3100004  1.836723e+04  4.850546e-01  4.997617e-04  3.097865e-01  
   8.3199997  1.818916e+04  4.728589e-01  4.807667e-04  3.033801e-01  
   8.3299999  1.799276e+04  4.596934e-01  4.588937e-04  2.963019e-01  
   8.3400002  1.778074e+04  4.459170e-01  4.350883e-04  2.888075e-01  
   8.3500004  1.755577e+04  4.319299e-01  4.104640e-04  2.811796e-01  
   8.3599997  1.732024e+04  4.181437e-01  3.860679e-04  2.737050e-01  
   8.3699999  1.707578e+04  4.049402e-01  3.627176e-04  2.666469e-01  
   8.3800001  1.682324e+04  3.926488e-01  3.409498e-04  2.602275e-01  
   8.3900003  1.656246e+04  3.815172e-01  3.210168e-04  2.546118e-01  
   8.3999996  1.629244e+04  3.716987e-01  3.029456e-04  2.498993e-01  
   8.4099998  1.601142e+04  3.632425e-01  2.866116e-04  2.461208e-01  
   8.4200001  1.571740e+04  3.560987e-01  2.718291e-04  2.432408e-01  
   8.4300003  1.540832e+04  3.501190e-01  2.584061e-04  2.411584e-01  
   8.4399996  1.508238e+04  3.450653e-01  2.461778e-04  2.397112e-01  
   8.4499998  1.473801e+04  3.406205e-01  2.350012e-04  2.386803e-01  
   8.4600000  1.437411e+04  3.364100e-01  2.247349e-04  2.378013e-01  
   8.4700003  1.398976e+04  3.320248e-01  2.152023e-04  2.367776e-01  
   8.4799995  1.358417e+04  3.270547e-01  2.061704e-04  2.353029e-01  
   8.4899998  1.315643e+04  3.211218e-01  1.973483e-04  2.330849e-01  
   8.5000000  1.270555e+04  3.139167e-01  1.884206e-04  2.298719e-01  
   8.5100002  1.223043e+04  3.052239e-01  1.790947e-04  2.254748e-01  
   8.5200005  1.172991e+04  2.949374e-01  1.691560e-04  2.197817e-01  
   8.5299997  1.120305e+04  2.830646e-01  1.585136e-04  2.127644e-01  
   8.5400000  1.064923e+04  2.697094e-01  1.472136e-04  2.044706e-01  
   8.5500002  1.006870e+04  2.550589e-01  1.354345e-04  1.950152e-01  
   8.5600004  9.462880e+03  2.393553e-01  1.234462e-04  1.845617e-01  
   8.5699997  8.834832e+03  2.228763e-01  1.115605e-04  1.733095e-01  
   8.5799999  8.189531e+03  2.059158e-01  1.000773e-04  1.614799e-01  
   8.5900002  7.534716e+03  1.887897e-01  8.925322e-05  1.493216e-01  
   8.6000004  6.881075e+03  1.718351e-01  7.927979e-05  1.371118e-01  
   8.6099997  6.242630e+03  1.554232e-01  7.028734e-05  1.251673e-01  
   8.6199999  5.636396e+03  1.399601e-01  6.235716e-05  1.138473e-01  
   8.6300001  5.082162e+03  1.258936e-01  5.554692e-05  1.035581e-01  
   8.6400003  4.601059e+03  1.136889e-01  4.990248e-05  9.473359e-02  
   8.6499996  4.213898e+03  1.037977e-01  4.546433e-05  8.780737e-02  
   8.6599998  3.938920e+03  9.660995e-02  4.225910e-05  8.316982e-02  
   8.6700001  3.789905e+03  9.241217e-02  4.028712e-05  8.112844e-02  
   8.6800003  3.774318e+03  9.134531e-02  3.950375e-05  8.186705e-02  
   8.6899996  3.892442e+03  9.338540e-02  3.980829e-05  8.542366e-02  
   8.6999998  4.137549e+03  9.834813e-02  4.104292e-05  9.168988e-02  
   8.7100000  4.496948e+03  1.059139e-01  4.300340e-05  1.004276e-01  
   8.7200003  4.953859e+03  1.156714e-01  4.545990e-05  1.113044e-01  
   8.7299995  5.489553e+03  1.271657e-01  4.818317e-05  1.239343e-01  
   8.7399998  6.085665e+03  1.399493e-01  5.097195e-05  1.379248e-01  
   8.7500000  6.725575e+03  1.536112e-01  5.367339e-05  1.529030e-01  
   8.7600002  7.395698e+03  1.678024e-01  5.619974e-05  1.685432e-01  
   8.7700005  8.085852e+03  1.822425e-01  5.853672e-05  1.845778e-01  
   8.7799997  8.789138e+03  1.967160e-01  6.074662e-05  2.007981e-01  
   8.7900000  9.501759e+03  2.110706e-01  6.296862e-05  2.170588e-01  
   8.8000002  1.022197e+04  2.251985e-01  6.541397e-05  2.332635e-01  
   8.8100004  1.094968e+04  2.390354e-01  6.836009e-05  2.493662e-01  
   8.8199997  1.168570e+04  2.525520e-01  7.213878e-05  2.653652e-01  
   8.8299999  1.243147e+04  2.657569e-01  7.712049e-05  2.813044e-01  
   8.8400002  1.318828e+04  2.786867e-01  8.368733e-05  2.972620e-01  
   8.8500004  1.395729e+04  2.914076e-01  9.220291e-05  3.133492e-01  
   8.8599997  1.473924e+04  3.040086e-01  1.029745e-04  3.297001e-01  
   8.8699999  1.553473e+04  3.165965e-01  1.162212e-04  3.464673e-01  
   8.8800001  1.634374e+04  3.292786e-01  1.320372e-04  3.637981e-01  
   8.8900003  1.716601e+04  3.421555e-01  1.503781e-04  3.818286e-01  
   8.8999996  1.800091e+04  3.553066e-01  1.710584e-04  4.006662e-01  
   8.9099998  1.884765e+04  3.687901e-01  1.937797e-04  4.203885e-01  
   8.9200001  1.970483e+04  3.826321e-01  2.181583e-04  4.410281e-01  
   8.9300003  2.057068e+04  3.968348e-01  2.437845e-04  4.625823e-01  
   8.9399996  2.144288e+04  4.113822e-01  2.702744e-04  4.850146e-01  
   8.9499998  2.231905e+04  4.262511e-01  2.973299e-04  5.082740e-01  
   8.9600000  2.319643e+04  4.414084e-01  3.247593e-04  5.322887e-01  
   8.9700003  2.407250e+04  4.568143e-01  3.525016e-04  5.569775e-01  
   8.9799995  2.494516e+04  4.724122e-01  3.806141e-04  5.822422e-01  
   8.9899998  2.581338e+04  4.881217e-01  4.092548e-04  6.079656e-01  
   9.0000000  2.667687e+04  5.038163e-01  4.386180e-04  6.339825e-01  
   9.0100002  2.753641e+04  5.193189e-01  4.688907e-04  6.600748e-01  
   9.0200005  2.839359e+04  5.343987e-01  5.001897e-04  6.859612e-01  
   9.0299997  2.925049e+04  5.487801e-01  5.325114e-04  7.112997e-01  
   9.0400000  3.010955e+04  5.621694e-01  5.657144e-04  7.357152e-01  
   9.0500002  3.097271e+04  5.742767e-01  5.995013e-04  7.588187e-01  
   9.0600004  3.184141e+04  5.848578e-01  6.334592e-04  7.802610e-01  
   9.0699997  3.271617e+04  5.937454e-01  6.671057e-04  7.997736e-01  
   9.0799999  3.359680e+04  6.008804e-01  6.999607e-04  8.172184e-01  
   9.0900002  3.448212e+04  6.063214e-01  7.315809e-04  8.326034e-01  
   9.1000004  3.537061e+04  6.102506e-01  7.616049e-04  8.460983e-01  
   9.1099997  3.626089e+04  6.129601e-01  7.897561e-04  8.580226e-01  
   9.1199999  3.715278e+04  6.148286e-01  8.158490e-04  8.688186e-01  
   9.1300001  3.804743e+04  6.162865e-01  8.397552e-04  8.790053e-01  
   9.1400003  3.894815e+04  6.177790e-01  8.614062e-04  8.891354e-01  
   9.1499996  3.986014e+04  6.197271e-01  8.807738e-04  8.997426e-01  
   9.1599998  4.079035e+04  6.224927e-01  8.978667e-04  9.113048e-01  
   9.1700001  4.174592e+04  6.263492e-01  9.126954e-04  9.241988e-01  
   9.1800003  4.273345e+04  6.314646e-01  9.252510e-04  9.386819e-01  
   9.1899996  4.375767e+04  6.378945e-01  9.354765e-04  9.548786e-01  
   9.1999998  4.482126e+04  6.455926e-01  9.432675e-04  9.727885e-01  
   9.2100000  4.592412e+04  6.544257e-01  9.485037e-04  9.922961e-01  
   9.2200003  4.706411e+04  6.642023e-01  9.511283e-04  1.013204e+00  
   9.2299995  4.823757e+04  6.747022e-01  9.512579e-04  1.035264e+00  
   9.2399998  4.944067e+04  6.857079e-01  9.492837e-04  1.058223e+00  
   9.2500000  5.066956e+04  6.970223e-01  9.459330e-04  1.081845e+00  
   9.2600002  5.192153e+04  7.084845e-01  9.422638e-04  1.105944e+00  
   9.2700005  5.319542e+04  7.199762e-01  9.395744e-04  1.130403e+00  
   9.2799997  5.449180e+04  7.314186e-01  9.392534e-04  1.155177e+00  
   9.2900000  5.581345e+04  7.427706e-01  9.426015e-04  1.180305e+00  
   9.3000002  5.716450e+04  7.540141e-01  9.506798e-04  1.205885e+00  
   9.3100004  5.855041e+04  7.651503e-01  9.642181e-04  1.232069e+00  
   9.3199997  5.997723e+04  7.761902e-01  9.836154e-04  1.259039e+00  
   9.3299999  6.145146e+04  7.871512e-01  1.009030e-03  1.286991e+00  
   9.3400002  6.297871e+04  7.980453e-01  1.040512e-03  1.316102e+00  
   9.3500004  6.456371e+04  8.088781e-01  1.078167e-03  1.346519e+00  
   9.3599997  6.620987e+04  8.196430e-01  1.122279e-03  1.378341e+00  
   9.3699999  6.791962e+04  8.303254e-01  1.173392e-03  1.411621e+00  
   9.3800001  6.969350e+04  8.408946e-01  1.232263e-03  1.446351e+00  
   9.3900003  7.153061e+04  8.513160e-01  1.299786e-03  1.482474e+00  
   9.3999996  7.342822e+04  8.615506e-01  1.376826e-03  1.519888e+00  
   9.4099998  7.538232e+04  8.715682e-01  1.464065e-03  1.558460e+00  
   9.4200001  7.738659e+04  8.813447e-01  1.561780e-03  1.598015e+00  
   9.4300003  7.943309e+04  8.908672e-01  1.669725e-03  1.638352e+00  
   9.4399996  8.151257e+04  9.001325e-01  1.787009e-03  1.679237e+00  
   9.4499998  8.361607e+04  9.091441e-01  1.912116e-03  1.720437e+00  
   9.4600000  8.573473e+04  9.179027e-01  2.042878e-03  1.761697e+00  
   9.4700003  8.786190e+04  9.264002e-01  2.176638e-03  1.802781e+00  
   9.4799995  8.999411e+04  9.346150e-01  2.310412e-03  1.843485e+00  
   9.4899998  9.213262e+04  9.425128e-01  2.441199e-03  1.883680e+00  
   9.5000000  9.428247e+04  9.500445e-01  2.566178e-03  1.923307e+00  
   9.5100002  9.645280e+04  9.571573e-01  2.683063e-03  1.962412e+00  
   9.5200005  9.865559e+04  9.638005e-01  2.790334e-03  2.001145e+00  
   9.5299997  1.009035e+05  9.699367e-01  2.887408e-03  2.039735e+00  
   9.5400000  1.032090e+05  9.755475e-01  2.974714e-03  2.078486e+00  
   9.5500002  1.055816e+05  9.806312e-01  3.053562e-03  2.117703e+00  
   9.5600004  1.080270e+05  9.852012e-01  3.125967e-03  2.157666e+00  
   9.5699997  1.105471e+05  9.892766e-01  3.194329e-03  2.198578e+00  
   9.5799999  1.131402e+05  9.928764e-01  3.261110e-03  2.240553e+00  
   9.5900002  1.158015e+05  9.960111e-01  3.328487e-03  2.283587e+00  
   9.6000004  1.185243e+05  9.986839e-01  3.398121e-03  2.327587e+00  
   9.6099997  1.213010e+05  1.000896e+00  3.470997e-03  2.372397e+00  
   9.6199999  1.241246e+05  1.002652e+00  3.547425e-03  2.417852e+00  
   9.6300001  1.269882e+05  1.003970e+00  3.627059e-03  2.463786e+00  
   9.6400003  1.298862e+05  1.004885e+00  3.709070e-03  2.510088e+00  
   9.6499996  1.328142e+05  1.005449e+00  3.792341e-03  2.556697e+00  
   9.6599998  1.357711e+05  1.005728e+00  3.875721e-03  2.603631e+00  
   9.6700001  1.387577e+05  1.005786e+00  3.958236e-03  2.650948e+00  
   9.6800003  1.417788e+05  1.005682e+00  4.039344e-03  2.698758e+00  
   9.6899996  1.448423e+05  1.005457e+00  4.119110e-03  2.747205e+00  
   9.6999998  1.479604e+05  1.005131e+00  4.198340e-03  2.796478e+00  
   9.7100000  1.511458e+05  1.004711e+00  4.278547e-03  2.846766e+00  
   9.7200003  1.544103e+05  1.004197e+00  4.361869e-03  2.898265e+00  
   9.7299995  1.577615e+05  1.003594e+00  4.450850e-03  2.951147e+00  
   9.7399998  1.612016e+05  1.002925e+00  4.548200e-03  3.005553e+00  
   9.7500000  1.647237e+05  1.002233e+00  4.656445e-03  3.061538e+00  
   9.7600002  1.683132e+05  1.001587e+00  4.777705e-03  3.119086e+00  
   9.7700005  1.719493e+05  1.001064e+00  4.913447e-03  3.178093e+00  
   9.7799997  1.756082e+05  1.000741e+00  5.064302e-03  3.238392e+00  
   9.7900000  1.792677e+05  1.000675e+00  5.229951e-03  3.299783e+00  
   9.8000002  1.829087e+05  1.000894e+00  5.408918e-03  3.362028e+00  
   9.8100004  1.865194e+05  1.001390e+00  5.598539e-03  3.424894e+00  
   9.8199997  1.900974e+05  1.002128e+00  5.795055e-03  3.488155e+00  
   9.8299999  1.936547e+05  1.003056e+00  5.994177e-03  3.551631e+00  
   9.8400002  1.972240e+05  1.004140e+00  6.192126e-03  3.615213e+00  
   9.8500004  2.008740e+05  1.005389e+00  6.387706e-03  3.678965e+00  
   9.8599997  2.047283e+05  1.006901e+00  6.585248e-03  3.743252e+00  
   9.8699999  2.089913e+05  1.008898e+00  6.798296e-03  3.808923e+00  
   9.8800001  2.139655e+05  1.011748e+00  7.052935e-03  3.877388e+00  
   9.8900003  2.200559e+05  1.015965e+00  7.389806e-03  3.950650e+00  
   9.8999996  2.277429e+05  1.022165e+00  7.862762e-03  4.031092e+00  
   9.9099998  2.375201e+05  1.030966e+00  8.533414e-03  4.121084e+00  
   9.9200001  2.497951e+05  1.042855e+00  9.460939e-03  4.222349e+00  
   9.9300003  2.647868e+05  1.058047e+00  1.069008e-02  4.335387e+00  
   9.9399996  2.824432e+05  1.076381e+00  1.224008e-02  4.459064e+00  
   9.9499998  3.024233e+05  1.097312e+00  1.409933e-02  4.590631e+00  
   9.9600000  3.241248e+05  1.119963e+00  1.622529e-02  4.725996e+00  
   9.9700003  3.467811e+05  1.143267e+00  1.855206e-02  4.860385e+00  
   9.9799995  3.695673e+05  1.166118e+00  2.100051e-02  4.989004e+00  
   9.9899998  3.917112e+05  1.187514e+00  2.349016e-02  5.107658e+00  
  10.0000000  4.125520e+05  1.206638e+00  2.594646e-02  5.213041e+00  
