# RiF 1e-20 (cm^2/W)
# 1w RpP RpS RsP RsS
# Gaussian absolute broadening  0.04 [eV]
   0.0100000  5.369275e-08  2.889281e-09  1.138433e-11  5.708427e-10  
   0.0200000  7.263984e-08  3.911139e-09  1.540396e-11  7.727035e-10  
   0.0300000  9.874091e-08  5.319931e-09  2.094244e-11  1.050987e-09  
   0.0400000  1.345882e-07  7.256463e-09  2.855073e-11  1.433493e-09  
   0.0500000  1.835388e-07  9.903420e-09  3.894267e-11  1.956291e-09  
   0.0600000  2.498194e-07  1.349134e-08  5.301757e-11  2.664888e-09  
   0.0700000  3.385894e-07  1.830240e-08  7.187397e-11  3.614973e-09  
   0.0800000  4.559481e-07  2.467129e-08  9.681154e-11  4.872586e-09  
   0.0900000  6.088904e-07  3.298334e-08  1.293224e-10  6.513746e-09  
   0.1000000  8.052328e-07  4.367121e-08  1.710761e-10  8.623769e-09  
   0.1100000  1.053546e-06  5.721177e-08  2.239050e-10  1.129667e-08  
   0.1200000  1.363115e-06  7.412494e-08  2.897985e-10  1.463491e-08  
   0.1300000  1.743951e-06  9.497484e-08  3.709039e-10  1.874960e-08  
   0.1400000  2.206826e-06  1.203729e-07  4.695370e-10  2.376112e-08  
   0.1500000  2.763327e-06  1.509814e-07  5.881921e-10  2.979983e-08  
   0.1600000  3.425896e-06  1.875173e-07  7.295542e-10  3.700674e-08  
   0.1700000  4.207863e-06  2.307549e-07  8.965042e-10  4.553403e-08  
   0.1800000  5.123445e-06  2.815269e-07  1.092123e-09  5.554543e-08  
   0.1900000  6.187749e-06  3.407268e-07  1.319690e-09  6.721635e-08  
   0.2000000  7.416765e-06  4.093095e-07  1.582686e-09  8.073420e-08  
   0.2100000  8.827355e-06  4.882921e-07  1.884791e-09  9.629851e-08  
   0.2200000  1.043724e-05  5.787562e-07  2.229884e-09  1.141212e-07  
   0.2300000  1.226501e-05  6.818486e-07  2.622041e-09  1.344270e-07  
   0.2400000  1.433010e-05  7.987834e-07  3.065541e-09  1.574535e-07  
   0.2500000  1.665280e-05  9.308446e-07  3.564862e-09  1.834519e-07  
   0.2600000  1.925426e-05  1.079387e-06  4.124689e-09  2.126868e-07  
   0.2700000  2.215648e-05  1.245842e-06  4.749906e-09  2.454378e-07  
   0.2800000  2.538227e-05  1.431712e-06  5.445601e-09  2.819982e-07  
   0.2900000  2.895534e-05  1.638584e-06  6.217073e-09  3.226774e-07  
   0.3000000  3.290023e-05  1.868126e-06  7.069834e-09  3.678001e-07  
   0.3100000  3.724231e-05  2.122089e-06  8.009593e-09  4.177070e-07  
   0.3200000  4.200777e-05  2.402313e-06  9.042279e-09  4.727562e-07  
   0.3300000  4.722371e-05  2.710732e-06  1.017404e-08  5.333234e-07  
   0.3400000  5.291797e-05  3.049372e-06  1.141122e-08  5.998015e-07  
   0.3500000  5.911931e-05  3.420360e-06  1.276041e-08  6.726032e-07  
   0.3600000  6.585737e-05  3.825930e-06  1.422838e-08  7.521609e-07  
   0.3700000  7.316245e-05  4.268416e-06  1.582217e-08  8.389264e-07  
   0.3800000  8.106582e-05  4.750270e-06  1.754898e-08  9.333742e-07  
   0.3900000  8.959958e-05  5.274061e-06  1.941630e-08  1.036000e-06  
   0.4000000  9.879671e-05  5.842482e-06  2.143180e-08  1.147323e-06  
   0.4100000  1.086908e-04  6.458345e-06  2.360340e-08  1.267885e-06  
   0.4200000  1.193166e-04  7.124605e-06  2.593923e-08  1.398257e-06  
   0.4300000  1.307094e-04  7.844361e-06  2.844770e-08  1.539033e-06  
   0.4400000  1.429056e-04  8.620845e-06  3.113736e-08  1.690834e-06  
   0.4500000  1.559421e-04  9.457457e-06  3.401710e-08  1.854313e-06  
   0.4600000  1.698569e-04  1.035775e-05  3.709599e-08  2.030151e-06  
   0.4700000  1.846888e-04  1.132544e-05  4.038334e-08  2.219061e-06  
   0.4800000  2.004773e-04  1.236445e-05  4.388871e-08  2.421791e-06  
   0.4900000  2.172630e-04  1.347886e-05  4.762193e-08  2.639122e-06  
   0.5000000  2.350870e-04  1.467296e-05  5.159300e-08  2.871873e-06  
   0.5100000  2.539915e-04  1.595123e-05  5.581223e-08  3.120899e-06  
   0.5200000  2.740194e-04  1.731840e-05  6.029015e-08  3.387100e-06  
   0.5300000  2.952146e-04  1.877942e-05  6.503753e-08  3.671415e-06  
   0.5400000  3.176218e-04  2.033946e-05  7.006547e-08  3.974834e-06  
   0.5500000  3.412863e-04  2.200397e-05  7.538511e-08  4.298383e-06  
   0.5600000  3.662546e-04  2.377865e-05  8.100807e-08  4.643151e-06  
   0.5700000  3.925741e-04  2.566951e-05  8.694607e-08  5.010271e-06  
   0.5800000  4.202927e-04  2.768285e-05  9.321114e-08  5.400937e-06  
   0.5900000  4.494598e-04  2.982529e-05  9.981555e-08  5.816403e-06  
   0.6000000  4.801249e-04  3.210380e-05  1.067719e-07  6.257982e-06  
   0.6100000  5.123391e-04  3.452567e-05  1.140928e-07  6.727048e-06  
   0.6200000  5.461539e-04  3.709861e-05  1.217912e-07  7.225058e-06  
   0.6300000  5.816221e-04  3.983072e-05  1.298805e-07  7.753538e-06  
   0.6400000  6.187974e-04  4.273053e-05  1.383740e-07  8.314087e-06  
   0.6500000  6.577342e-04  4.580703e-05  1.472855e-07  8.908398e-06  
   0.6600000  6.984885e-04  4.906969e-05  1.566290e-07  9.538248e-06  
   0.6700000  7.411160e-04  5.252851e-05  1.664183e-07  1.020551e-05  
   0.6800000  7.856746e-04  5.619397e-05  1.766679e-07  1.091215e-05  
   0.6900000  8.322235e-04  6.007728e-05  1.873924e-07  1.166026e-05  
   0.7000000  8.808216e-04  6.419011e-05  1.986065e-07  1.245204e-05  
   0.7100000  9.315299e-04  6.854493e-05  2.103250e-07  1.328979e-05  
   0.7200000  9.844108e-04  7.315489e-05  2.225630e-07  1.417600e-05  
   0.7300000  1.039526e-03  7.803385e-05  2.353356e-07  1.511322e-05  
   0.7400000  1.096940e-03  8.319653e-05  2.486581e-07  1.610421e-05  
   0.7500000  1.156719e-03  8.865855e-05  2.625461e-07  1.715188e-05  
   0.7600000  1.218930e-03  9.443647e-05  2.770147e-07  1.825930e-05  
   0.7700000  1.283639e-03  1.005478e-04  2.920796e-07  1.942974e-05  
   0.7800000  1.350917e-03  1.070113e-04  3.077562e-07  2.066665e-05  
   0.7900000  1.420835e-03  1.138467e-04  3.240600e-07  2.197374e-05  
   0.8000000  1.493464e-03  1.210752e-04  3.410061e-07  2.335490e-05  
   0.8100000  1.568878e-03  1.287192e-04  3.586095e-07  2.481431e-05  
   0.8200000  1.647152e-03  1.368028e-04  3.768853e-07  2.635638e-05  
   0.8300000  1.728364e-03  1.453515e-04  3.958478e-07  2.798587e-05  
   0.8400000  1.812593e-03  1.543926e-04  4.155112e-07  2.970783e-05  
   0.8500000  1.899919e-03  1.639555e-04  4.358889e-07  3.152766e-05  
   0.8600000  1.990425e-03  1.740714e-04  4.569937e-07  3.345116e-05  
   0.8700000  2.084196e-03  1.847740e-04  4.788377e-07  3.548451e-05  
   0.8800000  2.181319e-03  1.960994e-04  5.014316e-07  3.763439e-05  
   0.8900000  2.281884e-03  2.080865e-04  5.247850e-07  3.990795e-05  
   0.9000000  2.385983e-03  2.207773e-04  5.489059e-07  4.231293e-05  
   0.9100000  2.493712e-03  2.342170e-04  5.738004e-07  4.485769e-05  
   0.9200000  2.605168e-03  2.484548e-04  5.994712e-07  4.755119e-05  
   0.9300000  2.720451e-03  2.635435e-04  6.259191e-07  5.040325e-05  
   0.9400000  2.839669e-03  2.795413e-04  6.531410e-07  5.342452e-05  
   0.9500000  2.962928e-03  2.965110e-04  6.811292e-07  5.662654e-05  
   0.9600000  3.090341e-03  3.145218e-04  7.098712e-07  6.002202e-05  
   0.9700000  3.222027e-03  3.336491e-04  7.393492e-07  6.362482e-05  
   0.9800000  3.358102e-03  3.539759e-04  7.695371e-07  6.745022e-05  
   0.9900000  3.498699e-03  3.755942e-04  8.004035e-07  7.151513e-05  
   1.0000000  3.643949e-03  3.986056e-04  8.319062e-07  7.583806e-05  
   1.0100000  3.793992e-03  4.231220e-04  8.639954e-07  8.043974e-05  
   1.0200000  3.948979e-03  4.492665e-04  8.966078e-07  8.534272e-05  
   1.0300000  4.109067e-03  4.771746e-04  9.296726e-07  9.057175e-05  
   1.0400000  4.274426e-03  5.069908e-04  9.631066e-07  9.615345e-05  
   1.0500000  4.445230e-03  5.388699e-04  9.968199e-07  1.021161e-04  
   1.0599999  4.621664e-03  5.729741e-04  1.030721e-06  1.084892e-04  
   1.0700001  4.803913e-03  6.094751e-04  1.064723e-06  1.153042e-04  
   1.0800000  4.992151e-03  6.485538e-04  1.098752e-06  1.225940e-04  
   1.0900000  5.186561e-03  6.904113e-04  1.132762e-06  1.303950e-04  
   1.1000000  5.387315e-03  7.352773e-04  1.166740e-06  1.387490e-04  
   1.1100000  5.594585e-03  7.834237e-04  1.200711e-06  1.477056e-04  
   1.1200000  5.808555e-03  8.351720e-04  1.234748e-06  1.573234e-04  
   1.1300000  6.029431e-03  8.908949e-04  1.268962e-06  1.676704e-04  
   1.1400000  6.257450e-03  9.509974e-04  1.303509e-06  1.788206e-04  
   1.1500000  6.492898e-03  1.015884e-03  1.338599e-06  1.908476e-04  
   1.1600000  6.736106e-03  1.085908e-03  1.374523e-06  2.038155e-04  
   1.1700000  6.987453e-03  1.161322e-03  1.411715e-06  2.177690e-04  
   1.1799999  7.247344e-03  1.242239e-03  1.450834e-06  2.327265e-04  
   1.1900001  7.516206e-03  1.328630e-03  1.492885e-06  2.486799e-04  
   1.2000000  7.794436e-03  1.420377e-03  1.539333e-06  2.656040e-04  
   1.2100000  8.082405e-03  1.517381e-03  1.592199e-06  2.834769e-04  
   1.2200000  8.380427e-03  1.619723e-03  1.654081e-06  3.023092e-04  
   1.2300000  8.688728e-03  1.727836e-03  1.728065e-06  3.221773e-04  
   1.2400000  9.007453e-03  1.842658e-03  1.817488e-06  3.432501e-04  
   1.2500000  9.336663e-03  1.965704e-03  1.925544e-06  3.658044e-04  
   1.2600000  9.676344e-03  2.099030e-03  2.054775e-06  3.902155e-04  
   1.2700000  1.002646e-02  2.245052e-03  2.206531e-06  4.169257e-04  
   1.2800000  1.038703e-02  2.406230e-03  2.380490e-06  4.463843e-04  
   1.2900000  1.075817e-02  2.584679e-03  2.574437e-06  4.789769e-04  
   1.3000000  1.114022e-02  2.781763e-03  2.784431e-06  5.149482e-04  
   1.3099999  1.153382e-02  2.997779e-03  3.005489e-06  5.543463e-04  
   1.3200001  1.193997e-02  3.231841e-03  3.232901e-06  5.969990e-04  
   1.3300000  1.235998e-02  3.482013e-03  3.464139e-06  6.425406e-04  
   1.3400000  1.279550e-02  3.745798e-03  3.701335e-06  6.904997e-04  
   1.3500000  1.324827e-02  4.020880e-03  3.954140e-06  7.404381e-04  
   1.3600000  1.371995e-02  4.306125e-03  4.242736e-06  7.921321e-04  
   1.3700000  1.421179e-02  4.602665e-03  4.600765e-06  8.457724e-04  
   1.3800000  1.472429e-02  4.914910e-03  5.077873e-06  9.021468e-04  
   1.3900000  1.525686e-02  5.251296e-03  5.741618e-06  9.627766e-04  
   1.4000000  1.580752e-02  5.624618e-03  6.678548e-06  1.029975e-03  
   1.4100000  1.637282e-02  6.051801e-03  7.994243e-06  1.106801e-03  
   1.4200000  1.694794e-02  6.553072e-03  9.812276e-06  1.196910e-03  
   1.4299999  1.752721e-02  7.150547e-03  1.227199e-05  1.304288e-03  
   1.4400001  1.810510e-02  7.866374e-03  1.552502e-05  1.432918e-03  
   1.4500000  1.867760e-02  8.720527e-03  1.973006e-05  1.586375e-03  
   1.4600000  1.924429e-02  9.728642e-03  2.504607e-05  1.767434e-03  
   1.4700000  1.981058e-02  1.090004e-02  3.162260e-05  1.977713e-03  
   1.4800000  2.039024e-02  1.223638e-02  3.958668e-05  2.217432e-03  
   1.4900000  2.100788e-02  1.373128e-02  4.902586e-05  2.485353e-03  
   1.5000000  2.170108e-02  1.537154e-02  5.996695e-05  2.778990e-03  
   1.5100000  2.252188e-02  1.714027e-02  7.235167e-05  3.095187e-03  
   1.5200000  2.353742e-02  1.902259e-02  8.601230e-05  3.431138e-03  
   1.5300000  2.482941e-02  2.101388e-02  1.006519e-04  3.785854e-03  
   1.5400000  2.649203e-02  2.312984e-02  1.158372e-04  4.161975e-03  
   1.5500000  2.862775e-02  2.541697e-02  1.310132e-04  4.567626e-03  
   1.5599999  3.134090e-02  2.796036e-02  1.455512e-04  5.017805e-03  
   1.5700001  3.472839e-02  3.088520e-02  1.588424e-04  5.534641e-03  
   1.5800000  3.886830e-02  3.434784e-02  1.704484e-04  6.145800e-03  
   1.5900000  4.380828e-02  3.851442e-02  1.803192e-04  6.880671e-03  
   1.6000000  4.955593e-02  4.352633e-02  1.890771e-04  7.764225e-03  
   1.6100000  5.607469e-02  4.945690e-02  1.983518e-04  8.809349e-03  
   1.6200000  6.328790e-02  5.626731e-02  2.111238e-04  1.000900e-02  
   1.6300000  7.109052e-02  6.377142e-02  2.319983e-04  1.133006e-02  
   1.6400000  7.936502e-02  7.162122e-02  2.672908e-04  1.271080e-02  
   1.6500000  8.799380e-02  7.932051e-02  3.247849e-04  1.406334e-02  
   1.6600000  9.685954e-02  8.626959e-02  4.130341e-04  1.528170e-02  
   1.6700000  1.058273e-01  9.183738e-02  5.401424e-04  1.625453e-02  
   1.6799999  1.147096e-01  9.545037e-02  7.120951e-04  1.688090e-02  
   1.6900001  1.232230e-01  9.668382e-02  9.308869e-04  1.708634e-02  
   1.7000000  1.309559e-01  9.533840e-02  1.192849e-03  1.683633e-02  
   1.7100000  1.373657e-01  9.148908e-02  1.487736e-03  1.614470e-02  
   1.7200000  1.418208e-01  8.549497e-02  1.798987e-03  1.507528e-02  
   1.7300000  1.436891e-01  7.796877e-02  2.105436e-03  1.373629e-02  
   1.7400000  1.424583e-01  6.970853e-02  2.384311e-03  1.226827e-02  
   1.7500000  1.378611e-01  6.160212e-02  2.614970e-03  1.082712e-02  
   1.7600000  1.299717e-01  5.451740e-02  2.782488e-03  9.564851e-03  
   1.7700000  1.192460e-01  4.919381e-02  2.880194e-03  8.610653e-03  
   1.7800000  1.064919e-01  4.614929e-02  2.910487e-03  8.054670e-03  
   1.7900000  9.277491e-02  4.561487e-02  2.883706e-03  7.936794e-03  
   1.8000000  7.927910e-02  4.750559e-02  2.815438e-03  8.241799e-03  
   1.8099999  6.715217e-02  5.143232e-02  2.722981e-03  8.901585e-03  
   1.8200001  5.736229e-02  5.675324e-02  2.621882e-03  9.804366e-03  
   1.8300000  5.058683e-02  6.265930e-02  2.523327e-03  1.080962e-02  
   1.8400000  4.714175e-02  6.828246e-02  2.432787e-03  1.176698e-02  
   1.8500000  4.695566e-02  7.281114e-02  2.350046e-03  1.253617e-02  
   1.8600000  4.958514e-02  7.559574e-02  2.270311e-03  1.300524e-02  
   1.8700000  5.427019e-02  7.622875e-02  2.186049e-03  1.310426e-02  
   1.8800000  6.002760e-02  7.458723e-02  2.089068e-03  1.281247e-02  
   1.8900000  6.577680e-02  7.083233e-02  1.972511e-03  1.215802e-02  
   1.9000000  7.048716e-02  6.536849e-02  1.832410e-03  1.121080e-02  
   1.9100000  7.332597e-02  5.877116e-02  1.668605e-03  1.006984e-02  
   1.9200000  7.378150e-02  5.169772e-02  1.484933e-03  8.847978e-03  
   1.9299999  7.173566e-02  4.479783e-02  1.288666e-03  7.656410e-03  
   1.9400001  6.746939e-02  3.863790e-02  1.089370e-03  6.591776e-03  
   1.9500000  6.159969e-02  3.365054e-02  8.974513e-04  5.727557e-03  
   1.9600000  5.496265e-02  3.011217e-02  7.226808e-04  5.110339e-03  
   1.9700000  4.847053e-02  2.814840e-02  5.730408e-04  4.760800e-03  
   1.9800000  4.297319e-02  2.775854e-02  4.540436e-04  4.678000e-03  
   1.9900000  3.914956e-02  2.885016e-02  3.685673e-04  4.845352e-03  
   2.0000000  3.744396e-02  3.127373e-02  3.171030e-04  5.236607e-03  
   2.0100000  3.804845e-02  3.485034e-02  2.982299e-04  5.820633e-03  
   2.0200000  4.092370e-02  3.938922e-02  3.091494e-04  6.564461e-03  
   2.0300000  4.584495e-02  4.469552e-02  3.461610e-04  7.434649e-03  
   2.0400000  5.246048e-02  5.057169e-02  4.050533e-04  8.397539e-03  
   2.0500000  6.035154e-02  5.681603e-02  4.814304e-04  9.419036e-03  
   2.0599999  6.908679e-02  6.322145e-02  5.710031e-04  1.046441e-02  
   2.0699999  7.826579e-02  6.957582e-02  6.698404e-04  1.149834e-02  
   2.0799999  8.754843e-02  7.566365e-02  7.745383e-04  1.248522e-02  
   2.0899999  9.666830e-02  8.126871e-02  8.822457e-04  1.338959e-02  
   2.0999999  1.054315e-01  8.617780e-02  9.905244e-04  1.417671e-02  
   2.1099999  1.137051e-01  9.018678e-02  1.097074e-03  1.481363e-02  
   2.1199999  1.214025e-01  9.311102e-02  1.199445e-03  1.527074e-02  
   2.1300001  1.284754e-01  9.480016e-02  1.294877e-03  1.552424e-02  
   2.1400001  1.349177e-01  9.515700e-02  1.380397e-03  1.555905e-02  
   2.1500001  1.407839e-01  9.415595e-02  1.453230e-03  1.537189e-02  
   2.1600001  1.462155e-01  9.185646e-02  1.511401e-03  1.497324e-02  
   2.1700001  1.514631e-01  8.840514e-02  1.554361e-03  1.438772e-02  
   2.1800001  1.568912e-01  8.402464e-02  1.583362e-03  1.365223e-02  
   2.1900001  1.629530e-01  7.898944e-02  1.601384e-03  1.281189e-02  
   2.2000000  1.701308e-01  7.359263e-02  1.612533e-03  1.191469e-02  
   2.2100000  1.788467e-01  6.811094e-02  1.621000e-03  1.100583e-02  
   2.2200000  1.893571e-01  6.277467e-02  1.629831e-03  1.012279e-02  
   2.2300000  2.016516e-01  5.774771e-02  1.639869e-03  9.292169e-03  
   2.2400000  2.153799e-01  5.312058e-02  1.649173e-03  8.528619e-03  
   2.2500000  2.298245e-01  4.891530e-02  1.653136e-03  7.835649e-03  
   2.2600000  2.439368e-01  4.509971e-02  1.645317e-03  7.208005e-03  
   2.2700000  2.564361e-01  4.160747e-02  1.618851e-03  6.634896e-03  
   2.2800000  2.659659e-01  3.835950e-02  1.568090e-03  6.103470e-03  
   2.2900000  2.712831e-01  3.528379e-02  1.490165e-03  5.601989e-03  
   2.3000000  2.714479e-01  3.233080e-02  1.386093e-03  5.122274e-03  
   2.3099999  2.659809e-01  2.948259e-02  1.261265e-03  4.661162e-03  
   2.3199999  2.549530e-01  2.675475e-02  1.125244e-03  4.220782e-03  
   2.3299999  2.389947e-01  2.419129e-02  9.909983e-04  3.807754e-03  
   2.3399999  2.192258e-01  2.185399e-02  8.737317e-04  3.431485e-03  
   2.3499999  1.971268e-01  1.980842e-02  7.895500e-04  3.101983e-03  
   2.3599999  1.743839e-01  1.810985e-02  7.540823e-04  2.827639e-03  
   2.3699999  1.527395e-01  1.679195e-02  7.811488e-04  2.613466e-03  
   2.3800001  1.338698e-01  1.586038e-02  8.814831e-04  2.460114e-03  
   2.3900001  1.192953e-01  1.529254e-02  1.061509e-03  2.363836e-03  
   2.4000001  1.103108e-01  1.504254e-02  1.322277e-03  2.317283e-03  
   2.4100001  1.079230e-01  1.505029e-02  1.658665e-03  2.310919e-03  
   2.4200001  1.127780e-01  1.525172e-02  2.059060e-03  2.334618e-03  
   2.4300001  1.250768e-01  1.558770e-02  2.505696e-03  2.379058e-03  
   2.4400001  1.444922e-01  1.600975e-02  2.975736e-03  2.436603e-03  
   2.4500000  1.701102e-01  1.648151e-02  3.443028e-03  2.501536e-03  
   2.4600000  2.004236e-01  1.697641e-02  3.880366e-03  2.569719e-03  
   2.4700000  2.334002e-01  1.747321e-02  4.261931e-03  2.637888e-03  
   2.4800000  2.666303e-01  1.795107e-02  4.565583e-03  2.702913e-03  
   2.4900000  2.975454e-01  1.838604e-02  4.774714e-03  2.761247e-03  
   2.5000000  3.236805e-01  1.875006e-02  4.879436e-03  2.808767e-03  
   2.5100000  3.429487e-01  1.901281e-02  4.877043e-03  2.841024e-03  
   2.5200000  3.538961e-01  1.914642e-02  4.771798e-03  2.853952e-03  
   2.5300000  3.559056e-01  1.913319e-02  4.574259e-03  2.844960e-03  
   2.5400000  3.493288e-01  1.897581e-02  4.300403e-03  2.814426e-03  
   2.5500000  3.355207e-01  1.870955e-02  3.970792e-03  2.767432e-03  
   2.5599999  3.167574e-01  1.841385e-02  3.609876e-03  2.715422e-03  
   2.5699999  2.960174e-01  1.821960e-02  3.245348e-03  2.677230e-03  
   2.5799999  2.766269e-01  1.830695e-02  2.907192e-03  2.678738e-03  
   2.5899999  2.617965e-01  1.888931e-02  2.626087e-03  2.750552e-03  
   2.5999999  2.541180e-01  2.018196e-02  2.430898e-03  2.923475e-03  
   2.6099999  2.551215e-01  2.235873e-02  2.345360e-03  3.222294e-03  
   2.6199999  2.650044e-01  2.550532e-02  2.384483e-03  3.659094e-03  
   2.6300001  2.826170e-01  2.958123e-02  2.551559e-03  4.227850e-03  
   2.6400001  3.057235e-01  3.440139e-02  2.836658e-03  4.901874e-03  
   2.6500001  3.314895e-01  3.964655e-02  3.217319e-03  5.635384e-03  
   2.6600001  3.570637e-01  4.490043e-02  3.661407e-03  6.368918e-03  
   2.6700001  3.801064e-01  4.970779e-02  4.131554e-03  7.037714e-03  
   2.6800001  3.991355e-01  5.364006e-02  4.590100e-03  7.581094e-03  
   2.6900001  4.136237e-01  5.635435e-02  5.003352e-03  7.950877e-03  
   2.7000000  4.238615e-01  5.763446e-02  5.344315e-03  8.117129e-03  
   2.7100000  4.306683e-01  5.740825e-02  5.593682e-03  8.070536e-03  
   2.7200000  4.350586e-01  5.574146e-02  5.739484e-03  7.821359e-03  
   2.7300000  4.379660e-01  5.281354e-02  5.776178e-03  7.395873e-03  
   2.7400000  4.400837e-01  4.888317e-02  5.703948e-03  6.831352e-03  
   2.7500000  4.418379e-01  4.425083e-02  5.528610e-03  6.170668e-03  
   2.7600000  4.434710e-01  3.922436e-02  5.262022e-03  5.457425e-03  
   2.7700000  4.451837e-01  3.409107e-02  4.922430e-03  4.732004e-03  
   2.7800000  4.472845e-01  2.909729e-02  4.534074e-03  4.028760e-03  
   2.7900000  4.502946e-01  2.443553e-02  4.125527e-03  3.374295e-03  
   2.8000000  4.549706e-01  2.023837e-02  3.726727e-03  2.786707e-03  
   2.8099999  4.622288e-01  1.657869e-02  3.365146e-03  2.275710e-03  
   2.8199999  4.729753e-01  1.347530e-02  3.061927e-03  1.843498e-03  
   2.8299999  4.878774e-01  1.090323e-02  2.828886e-03  1.486233e-03  
   2.8399999  5.071285e-01  8.807078e-03  2.667104e-03  1.195910e-03  
   2.8499999  5.302754e-01  7.115447e-03  2.567396e-03  9.623737e-04  
   2.8599999  5.561648e-01  5.754224e-03  2.512546e-03  7.751350e-04  
   2.8699999  5.830428e-01  4.656708e-03  2.480740e-03  6.247577e-04  
   2.8800001  6.088035e-01  3.769454e-03  2.449511e-03  5.036516e-04  
   2.8900001  6.313396e-01  3.053871e-03  2.399442e-03  4.062884e-04  
   2.9000001  6.489266e-01  2.484208e-03  2.317020e-03  3.289223e-04  
   2.9100001  6.605465e-01  2.043806e-03  2.196285e-03  2.690846e-04  
   2.9200001  6.660787e-01  1.720887e-03  2.039147e-03  2.250086e-04  
   2.9300001  6.663197e-01  1.505230e-03  1.854482e-03  1.951785e-04  
   2.9400001  6.628234e-01  1.386357e-03  1.656296e-03  1.780744e-04  
   2.9500000  6.576066e-01  1.353208e-03  1.461354e-03  1.721199e-04  
   2.9600000  6.527865e-01  1.394854e-03  1.286666e-03  1.757671e-04  
   2.9700000  6.502287e-01  1.501529e-03  1.147192e-03  1.876274e-04  
   2.9800000  6.512722e-01  1.665310e-03  1.054038e-03  2.065610e-04  
   2.9900000  6.565753e-01  1.879972e-03  1.013274e-03  2.316647e-04  
   3.0000000  6.660880e-01  2.139945e-03  1.025423e-03  2.621474e-04  
   3.0100000  6.791376e-01  2.438614e-03  1.085602e-03  2.971238e-04  
   3.0200000  6.945875e-01  2.766507e-03  1.184238e-03  3.353942e-04  
   3.0300000  7.110284e-01  3.109983e-03  1.308236e-03  3.752851e-04  
   3.0400000  7.269673e-01  3.451003e-03  1.442477e-03  4.146205e-04  
   3.0500000  7.409878e-01  3.768288e-03  1.571454e-03  4.508595e-04  
   3.0599999  7.518721e-01  4.039846e-03  1.680891e-03  4.813948e-04  
   3.0699999  7.586867e-01  4.246441e-03  1.759148e-03  5.039618e-04  
   3.0799999  7.608362e-01  4.375318e-03  1.798322e-03  5.170716e-04  
   3.0899999  7.580945e-01  4.423263e-03  1.794924e-03  5.203598e-04  
   3.0999999  7.506166e-01  4.398146e-03  1.750096e-03  5.147588e-04  
   3.1099999  7.389228e-01  4.318422e-03  1.669314e-03  5.024251e-04  
   3.1199999  7.238500e-01  4.210468e-03  1.561578e-03  4.864217e-04  
   3.1300001  7.064570e-01  4.104243e-03  1.438117e-03  4.702072e-04  
   3.1400001  6.878931e-01  4.028110e-03  1.310761e-03  4.570411e-04  
   3.1500001  6.692346e-01  4.003925e-03  1.190162e-03  4.494269e-04  
   3.1600001  6.513362e-01  4.043418e-03  1.084255e-03  4.487129e-04  
   3.1700001  6.347165e-01  4.146494e-03  9.972156e-04  4.549162e-04  
   3.1800001  6.195187e-01  4.301646e-03  9.291740e-04  4.667921e-04  
   3.1900001  6.055487e-01  4.488242e-03  8.767180e-04  4.821075e-04  
   3.2000000  5.923830e-01  4.680044e-03  8.340554e-04  4.980465e-04  
   3.2100000  5.795155e-01  4.849272e-03  7.945196e-04  5.116645e-04  
   3.2200000  5.665056e-01  4.970517e-03  7.520625e-04  5.203097e-04  
   3.2300000  5.530918e-01  5.023988e-03  7.024129e-04  5.219610e-04  
   3.2400000  5.392575e-01  4.997801e-03  6.436980e-04  5.154511e-04  
   3.2500000  5.252416e-01  4.889209e-03  5.764888e-04  5.005693e-04  
   3.2600000  5.115057e-01  4.704786e-03  5.033664e-04  4.780517e-04  
   3.2700000  4.986819e-01  4.459647e-03  4.281825e-04  4.494801e-04  
   3.2800000  4.875140e-01  4.175880e-03  3.552261e-04  4.171011e-04  
   3.2900000  4.788070e-01  3.880242e-03  2.884695e-04  3.835884e-04  
   3.3000000  4.733865e-01  3.601388e-03  2.310170e-04  3.517673e-04  
   3.3099999  4.720602e-01  3.366827e-03  1.848102e-04  3.243249e-04  
   3.3199999  4.755671e-01  3.199931e-03  1.505814e-04  3.035343e-04  
   3.3299999  4.845041e-01  3.117408e-03  1.280034e-04  2.910302e-04  
   3.3399999  4.992207e-01  3.127651e-03  1.159523e-04  2.876653e-04  
   3.3499999  5.196916e-01  3.230259e-03  1.128002e-04  2.934758e-04  
   3.3599999  5.453917e-01  3.416914e-03  1.166637e-04  3.077650e-04  
   3.3699999  5.752060e-01  3.673509e-03  1.255697e-04  3.292954e-04  
   3.3800001  6.074252e-01  3.983177e-03  1.375383e-04  3.565569e-04  
   3.3900001  6.398460e-01  4.329582e-03  1.506121e-04  3.880556e-04  
   3.4000001  6.700036e-01  4.699870e-03  1.628897e-04  4.225743e-04  
   3.4100001  6.954956e-01  5.086489e-03  1.726009e-04  4.593354e-04  
   3.4200001  7.143503e-01  5.487536e-03  1.782449e-04  4.980372e-04  
   3.4300001  7.253636e-01  5.905593e-03  1.787732e-04  5.387623e-04  
   3.4400001  7.283260e-01  6.345376e-03  1.737634e-04  5.817798e-04  
   3.4500000  7.240879e-01  6.810894e-03  1.635301e-04  6.273063e-04  
   3.4600000  7.144515e-01  7.302952e-03  1.491248e-04  6.752901e-04  
   3.4700000  7.019125e-01  7.817527e-03  1.322196e-04  7.252729e-04  
   3.4800000  6.893111e-01  8.345461e-03  1.149000e-04  7.763586e-04  
   3.4900000  6.794651e-01  8.873284e-03  9.942463e-05  8.272835e-04  
   3.5000000  6.748428e-01  9.384803e-03  8.801167e-05  8.765513e-04  
   3.5100000  6.773254e-01  9.862930e-03  8.269815e-05  9.225890e-04  
   3.5200000  6.880704e-01  1.029127e-02  8.528927e-05  9.638852e-04  
   3.5300000  7.074755e-01  1.065528e-02  9.738564e-05  9.990882e-04  
   3.5400000  7.352278e-01  1.094291e-02  1.204529e-04  1.027067e-03  
   3.5500000  7.704071e-01  1.114497e-02  1.558911e-04  1.046945e-03  
   3.5599999  8.116220e-01  1.125535e-02  2.050658e-04  1.058128e-03  
   3.5699999  8.571493e-01  1.127107e-02  2.692801e-04  1.060315e-03  
   3.5799999  9.050562e-01  1.119227e-02  3.496917e-04  1.053498e-03  
   3.5899999  9.532895e-01  1.102172e-02  4.471995e-04  1.037929e-03  
   3.5999999  9.997338e-01  1.076405e-02  5.623471e-04  1.014040e-03  
   3.6099999  1.042251e+00  1.042459e-02  6.952950e-04  9.823419e-04  
   3.6199999  1.078724e+00  1.000842e-02  8.458990e-04  9.433269e-04  
   3.6300001  1.107141e+00  9.519901e-03  1.013907e-03  8.974245e-04  
   3.6400001  1.125731e+00  8.963246e-03  1.199227e-03  8.450503e-04  
   3.6500001  1.133167e+00  8.343962e-03  1.402232e-03  7.867410e-04  
   3.6600001  1.128808e+00  7.671115e-03  1.623981e-03  7.233642e-04  
   3.6700001  1.112938e+00  6.959542e-03  1.866318e-03  6.563272e-04  
   3.6800001  1.086949e+00  6.231418e-03  2.131870e-03  5.877262e-04  
   3.6900001  1.053408e+00  5.516560e-03  2.424004e-03  5.203739e-04  
   3.7000000  1.015964e+00  4.851126e-03  2.746851e-03  4.576805e-04  
   3.7100000  9.790908e-01  4.274826e-03  3.105432e-03  4.033903e-04  
   3.7200000  9.476750e-01  3.826868e-03  3.505795e-03  3.612006e-04  
   3.7300000  9.264973e-01  3.541226e-03  3.954866e-03  3.343149e-04  
   3.7400000  9.196718e-01  3.441958e-03  4.459614e-03  3.250012e-04  
   3.7500000  9.301069e-01  3.539565e-03  5.025167e-03  3.342458e-04  
   3.7600000  9.590518e-01  3.829460e-03  5.651776e-03  3.616090e-04  
   3.7700000  1.005781e+00  4.293415e-03  6.331067e-03  4.053603e-04  
   3.7800000  1.067470e+00  4.904187e-03  7.042499e-03  4.629131e-04  
   3.7900000  1.139306e+00  5.632453e-03  7.751474e-03  5.314801e-04  
   3.8000000  1.214889e+00  6.454078e-03  8.410431e-03  6.087605e-04  
   3.8099999  1.286930e+00  7.355139e-03  8.963860e-03  6.934147e-04  
   3.8199999  1.348207e+00  8.332316e-03  9.357030e-03  7.851041e-04  
   3.8299999  1.392659e+00  9.387691e-03  9.547003e-03  8.840038e-04  
   3.8399999  1.416400e+00  1.051888e-02  9.513252e-03  9.898783e-04  
   3.8499999  1.418416e+00  1.170749e-02  9.264781e-03  1.100994e-03  
   3.8599999  1.400707e+00  1.290984e-02  8.841105e-03  1.213255e-03  
   3.8699999  1.367795e+00  1.405386e-02  8.305931e-03  1.319905e-03  
   3.8800001  1.325667e+00  1.504431e-02  7.734560e-03  1.412029e-03  
   3.8900001  1.280442e+00  1.577619e-02  7.198160e-03  1.479806e-03  
   3.9000001  1.237085e+00  1.615385e-02  6.748946e-03  1.514302e-03  
   3.9100001  1.198562e+00  1.611108e-02  6.410718e-03  1.509354e-03  
   3.9200001  1.165602e+00  1.562714e-02  6.176946e-03  1.463058e-03  
   3.9300001  1.137068e+00  1.473452e-02  6.016649e-03  1.378492e-03  
   3.9400001  1.110749e+00  1.351573e-02  5.885663e-03  1.263407e-03  
   3.9500000  1.084248e+00  1.208976e-02  5.739475e-03  1.128951e-03  
   3.9600000  1.055730e+00  1.059106e-02  5.543845e-03  9.877085e-04  
   3.9700000  1.024319e+00  9.146205e-03  5.280591e-03  8.515153e-04  
   3.9800000  9.901745e-01  7.853619e-03  4.948014e-03  7.295769e-04  
   3.9900000  9.542845e-01  6.770901e-03  4.557134e-03  6.272893e-04  
   4.0000000  9.181452e-01  5.911928e-03  4.126079e-03  5.459766e-04  
   4.0100002  8.834082e-01  5.253274e-03  3.674802e-03  4.834915e-04  
   4.0200000  8.515844e-01  4.747307e-03  3.221674e-03  4.354317e-04  
   4.0300002  8.237935e-01  4.337644e-03  2.781998e-03  3.965732e-04  
   4.0400000  8.006107e-01  3.973466e-03  2.368265e-03  3.621935e-04  
   4.0500002  7.819695e-01  3.619079e-03  1.990583e-03  3.289538e-04  
   4.0599999  7.671946e-01  3.257996e-03  1.657092e-03  2.952745e-04  
   4.0700002  7.551258e-01  2.891342e-03  1.373437e-03  2.611869e-04  
   4.0799999  7.443686e-01  2.532767e-03  1.142096e-03  2.278678e-04  
   4.0900002  7.335823e-01  2.201623e-03  9.615951e-04  1.970100e-04  
   4.0999999  7.217788e-01  1.917066e-03  8.265191e-04  1.702815e-04  
   4.1100001  7.085224e-01  1.694055e-03  7.282168e-04  1.489532e-04  
   4.1199999  6.940152e-01  1.542188e-03  6.563452e-04  1.337861e-04  
   4.1300001  6.790273e-01  1.466467e-03  6.006314e-04  1.250966e-04  
   4.1399999  6.647230e-01  1.469236e-03  5.525238e-04  1.229337e-04  
   4.1500001  6.524144e-01  1.551772e-03  5.062108e-04  1.272352e-04  
   4.1599998  6.433195e-01  1.714662e-03  4.589295e-04  1.378884e-04  
   4.1700001  6.383591e-01  1.956622e-03  4.105421e-04  1.546600e-04  
   4.1799998  6.380357e-01  2.271954e-03  3.626969e-04  1.770153e-04  
   4.1900001  6.423851e-01  2.647837e-03  3.177981e-04  2.039149e-04  
   4.1999998  6.510021e-01  3.062265e-03  2.781261e-04  2.336593e-04  
   4.2100000  6.631093e-01  3.484173e-03  2.452052e-04  2.638965e-04  
   4.2199998  6.776403e-01  3.875777e-03  2.195459e-04  2.917978e-04  
   4.2300000  6.933300e-01  4.197591e-03  2.006651e-04  3.144301e-04  
   4.2399998  7.087837e-01  4.414617e-03  1.873485e-04  3.292148e-04  
   4.2500000  7.225464e-01  4.502888e-03  1.780074e-04  3.344050e-04  
   4.2600002  7.331650e-01  4.454373e-03  1.710600e-04  3.294357e-04  
   4.2700000  7.392749e-01  4.279336e-03  1.652348e-04  3.150812e-04  
   4.2800002  7.397099e-01  4.005361e-03  1.597515e-04  2.933639e-04  
   4.2900000  7.336394e-01  3.673560e-03  1.543547e-04  2.672575e-04  
   4.3000002  7.207159e-01  3.332574e-03  1.492085e-04  2.402328e-04  
   4.3099999  7.012121e-01  3.032192e-03  1.447030e-04  2.157844e-04  
   4.3200002  6.760975e-01  2.817465e-03  1.412364e-04  1.969997e-04  
   4.3299999  6.470482e-01  2.724780e-03  1.390531e-04  1.862820e-04  
   4.3400002  6.163445e-01  2.779871e-03  1.381890e-04  1.852217e-04  
   4.3499999  5.866955e-01  2.997751e-03  1.385480e-04  1.946178e-04  
   4.3600001  5.609665e-01  3.383681e-03  1.400812e-04  2.145818e-04  
   4.3699999  5.418937e-01  3.934071e-03  1.430086e-04  2.446523e-04  
   4.3800001  5.317824e-01  4.636935e-03  1.480039e-04  2.838774e-04  
   4.3899999  5.322731e-01  5.471089e-03  1.562687e-04  3.308155e-04  
   4.4000001  5.441787e-01  6.405357e-03  1.694558e-04  3.835172e-04  
   4.4099998  5.674416e-01  7.397789e-03  1.894249e-04  4.394902e-04  
   4.4200001  6.012102e-01  8.397176e-03  2.178784e-04  4.957840e-04  
   4.4299998  6.440171e-01  9.346336e-03  2.559208e-04  5.491644e-04  
   4.4400001  6.940560e-01  1.018849e-02  3.036623e-04  5.964591e-04  
   4.4499998  7.494681e-01  1.087428e-02  3.599258e-04  6.349456e-04  
   4.4600000  8.086470e-01  1.136927e-02  4.222021e-04  6.627558e-04  
   4.4699998  8.704461e-01  1.165864e-02  4.868371e-04  6.791333e-04  
   4.4800000  9.343376e-01  1.174895e-02  5.495296e-04  6.845218e-04  
   4.4899998  1.000433e+00  1.166573e-02  6.059643e-04  6.804188e-04  
   4.5000000  1.069463e+00  1.144799e-02  6.525271e-04  6.690565e-04  
   4.5100002  1.142650e+00  1.114070e-02  6.868434e-04  6.529777e-04  
   4.5200000  1.221563e+00  1.078716e-02  7.080673e-04  6.346020e-04  
   4.5300002  1.307942e+00  1.042249e-02  7.168330e-04  6.158614e-04  
   4.5400000  1.403442e+00  1.006966e-02  7.149361e-04  5.979784e-04  
   4.5500002  1.509414e+00  9.737898e-03  7.049120e-04  5.813792e-04  
   4.5599999  1.626602e+00  9.423847e-03  6.896894e-04  5.657648e-04  
   4.5700002  1.754967e+00  9.114493e-03  6.724422e-04  5.502782e-04  
   4.5799999  1.893570e+00  8.791503e-03  6.566676e-04  5.337556e-04  
   4.5900002  2.040755e+00  8.435634e-03  6.463446e-04  5.149847e-04  
   4.5999999  2.194500e+00  8.031080e-03  6.459885e-04  4.929592e-04  
   4.6100001  2.353096e+00  7.568494e-03  6.603817e-04  4.670650e-04  
   4.6199999  2.515813e+00  7.047054e-03  6.938935e-04  4.372097e-04  
   4.6300001  2.683568e+00  6.474820e-03  7.494722e-04  4.038572e-04  
   4.6399999  2.859147e+00  5.868341e-03  8.275289e-04  3.680146e-04  
   4.6500001  3.047080e+00  5.251059e-03  9.251049e-04  3.311498e-04  
   4.6599998  3.252903e+00  4.651915e-03  1.035573e-03  2.951179e-04  
   4.6700001  3.482204e+00  4.103651e-03  1.149167e-03  2.620661e-04  
   4.6799998  3.739460e+00  3.642088e-03  1.254202e-03  2.343953e-04  
   4.6900001  4.027241e+00  3.305514e-03  1.338890e-03  2.147282e-04  
   4.6999998  4.345660e+00  3.134754e-03  1.393237e-03  2.059136e-04  
   4.7100000  4.692568e+00  3.172634e-03  1.410731e-03  2.109877e-04  
   4.7199998  5.063940e+00  3.462507e-03  1.389356e-03  2.330666e-04  
   4.7300000  5.454782e+00  4.044793e-03  1.331803e-03  2.751023e-04  
   4.7399998  5.859782e+00  4.951061e-03  1.244846e-03  3.394635e-04  
   4.7500000  6.274138e+00  6.196414e-03  1.138019e-03  4.273998e-04  
   4.7600002  6.693856e+00  7.770662e-03  1.021971e-03  5.384159e-04  
   4.7700000  7.116021e+00  9.631205e-03  9.067684e-04  6.697584e-04  
   4.7800002  7.538865e+00  1.169999e-02  8.005016e-04  8.161839e-04  
   4.7900000  7.961471e+00  1.386529e-02  7.085084e-04  9.700548e-04  
   4.8000002  8.383586e+00  1.599134e-02  6.331733e-04  1.121984e-03  
   4.8099999  8.804967e+00  1.793185e-02  5.744274e-04  1.261752e-03  
   4.8200002  9.224904e+00  1.954781e-02  5.306270e-04  1.379536e-03  
   4.8299999  9.641440e+00  2.072319e-02  4.996765e-04  1.467007e-03  
   4.8400002  1.005105e+01  2.137797e-02  4.800163e-04  1.518250e-03  
   4.8499999  1.044838e+01  2.147447e-02  4.713073e-04  1.530244e-03  
   4.8600001  1.082681e+01  2.101813e-02  4.746174e-04  1.502959e-03  
   4.8699999  1.117911e+01  2.005306e-02  4.921171e-04  1.439100e-03  
   4.8800001  1.149874e+01  1.865446e-02  5.263825e-04  1.343625e-03  
   4.8899999  1.178085e+01  1.692012e-02  5.795066e-04  1.223202e-03  
   4.9000001  1.202312e+01  1.496086e-02  6.523063e-04  1.085564e-03  
   4.9099998  1.222589e+01  1.289243e-02  7.438211e-04  9.389431e-04  
   4.9200001  1.239180e+01  1.082611e-02  8.513615e-04  7.914001e-04  
   4.9299998  1.252481e+01  8.861440e-03  9.710441e-04  6.502630e-04  
   4.9400001  1.262905e+01  7.078106e-03  1.098843e-03  5.215091e-04  
   4.9499998  1.270777e+01  5.531308e-03  1.231749e-03  4.093738e-04  
   4.9600000  1.276270e+01  4.248459e-03  1.368862e-03  3.160682e-04  
   4.9699998  1.279385e+01  3.230673e-03  1.511874e-03  2.418519e-04  
   4.9800000  1.279988e+01  2.456606e-03  1.664888e-03  1.852951e-04  
   4.9899998  1.277893e+01  1.889837e-03  1.833304e-03  1.438139e-04  
   5.0000000  1.272939e+01  1.486691e-03  2.022174e-03  1.142532e-04  
   5.0100002  1.265073e+01  1.204063e-03  2.234217e-03  9.347549e-05  
   5.0200000  1.254386e+01  1.004968e-03  2.468222e-03  7.878448e-05  
   5.0300002  1.241104e+01  8.614837e-04  2.718288e-03  6.815065e-05  
   5.0400000  1.225534e+01  7.550520e-04  2.974096e-03  6.023650e-05  
   5.0500002  1.207973e+01  6.746724e-04  3.222509e-03  5.425972e-05  
   5.0599999  1.188624e+01  6.142759e-04  3.449805e-03  4.979276e-05  
   5.0700002  1.167513e+01  5.701391e-04  3.644321e-03  4.656662e-05  
   5.0799999  1.144475e+01  5.392068e-04  3.798455e-03  4.434544e-05  
   5.0900002  1.119178e+01  5.184716e-04  3.909769e-03  4.288417e-05  
   5.0999999  1.091220e+01  5.053224e-04  3.980656e-03  4.196156e-05  
   5.1100001  1.060263e+01  4.983669e-04  4.016902e-03  4.144968e-05  
   5.1199999  1.026204e+01  4.982654e-04  4.025444e-03  4.138248e-05  
   5.1300001  9.893339e+00  5.081494e-04  4.012124e-03  4.198972e-05  
   5.1399999  9.504754e+00  5.334356e-04  3.980031e-03  4.368163e-05  
   5.1500001  9.110332e+00  5.810432e-04  3.928911e-03  4.698552e-05  
   5.1599998  8.729712e+00  6.581810e-04  3.855753e-03  5.244891e-05  
   5.1700001  8.386431e+00  7.710189e-04  3.756254e-03  6.053543e-05  
   5.1799998  8.105435e+00  9.234553e-04  3.626769e-03  7.153090e-05  
   5.1900001  7.909538e+00  1.116317e-03  3.466005e-03  8.548576e-05  
   5.1999998  7.815953e+00  1.346928e-03  3.276166e-03  1.021887e-04  
   5.2100000  7.833239e+00  1.609280e-03  3.063052e-03  1.211859e-04  
   5.2199998  7.959686e+00  1.894416e-03  2.835389e-03  1.418154e-04  
   5.2300000  8.183369e+00  2.191247e-03  2.603329e-03  1.632710e-04  
   5.2399998  8.484020e+00  2.487301e-03  2.376842e-03  1.846564e-04  
   5.2500000  8.836380e+00  2.769746e-03  2.164095e-03  2.050573e-04  
   5.2600002  9.214110e+00  3.026224e-03  1.970500e-03  2.235966e-04  
   5.2700000  9.593662e+00  3.245851e-03  1.798333e-03  2.395025e-04  
   5.2800002  9.957284e+00  3.420169e-03  1.647025e-03  2.521730e-04  
   5.2900000  1.029449e+01  3.543929e-03  1.514019e-03  2.612326e-04  
   5.3000002  1.060234e+01  3.615873e-03  1.395714e-03  2.665895e-04  
   5.3099999  1.088424e+01  3.639286e-03  1.288478e-03  2.684795e-04  
   5.3200002  1.114830e+01  3.622553e-03  1.189345e-03  2.675119e-04  
   5.3299999  1.140537e+01  3.579763e-03  1.096556e-03  2.647216e-04  
   5.3400002  1.166749e+01  3.531446e-03  1.009782e-03  2.616292e-04  
   5.3499999  1.194678e+01  3.505274e-03  9.302417e-04  2.603013e-04  
   5.3600001  1.225505e+01  3.536197e-03  8.605577e-04  2.633627e-04  
   5.3699999  1.260345e+01  3.665206e-03  8.044473e-04  2.739071e-04  
   5.3800001  1.300245e+01  3.935979e-03  7.660622e-04  2.952442e-04  
   5.3899999  1.346132e+01  4.388825e-03  7.491040e-04  3.304400e-04  
   5.4000001  1.398755e+01  5.052524e-03  7.557615e-04  3.816960e-04  
   5.4099998  1.458576e+01  5.934862e-03  7.857723e-04  4.496265e-04  
   5.4200001  1.525699e+01  7.014722e-03  8.358780e-04  5.326519e-04  
   5.4299998  1.599793e+01  8.237190e-03  8.998928e-04  6.266165e-04  
   5.4400001  1.680116e+01  9.515200e-03  9.694957e-04  7.249060e-04  
   5.4499998  1.765551e+01  1.073726e-02  1.035535e-03  8.190264e-04  
   5.4600000  1.854757e+01  1.178249e-02  1.089614e-03  8.997437e-04  
   5.4699998  1.946275e+01  1.253884e-02  1.125453e-03  9.584755e-04  
   5.4800000  2.038692e+01  1.292266e-02  1.139775e-03  9.887867e-04  
   5.4899998  2.130709e+01  1.289376e-02  1.132433e-03  9.875522e-04  
   5.5000000  2.221203e+01  1.246358e-02  1.105860e-03  9.555980e-04  
   5.5100002  2.309203e+01  1.169392e-02  1.064038e-03  8.976144e-04  
   5.5200000  2.393851e+01  1.068659e-02  1.011338e-03  8.213765e-04  
   5.5300002  2.474373e+01  9.565921e-03  9.515440e-04  7.364137e-04  
   5.5400000  2.550043e+01  8.458853e-03  8.873315e-04  6.524784e-04  
   5.5500002  2.620234e+01  7.475188e-03  8.202080e-04  5.780244e-04  
   5.5599999  2.684458e+01  6.693181e-03  7.508918e-04  5.190895e-04  
   5.5700002  2.742504e+01  6.151052e-03  6.798330e-04  4.786273e-04  
   5.5799999  2.794527e+01  5.846385e-03  6.077600e-04  4.564502e-04  
   5.5900002  2.841154e+01  5.741509e-03  5.359791e-04  4.496346e-04  
   5.5999999  2.883512e+01  5.773999e-03  4.664682e-04  4.533282e-04  
   5.6100001  2.923221e+01  5.869668e-03  4.016919e-04  4.617588e-04  
   5.6199999  2.962260e+01  5.956173e-03  3.443354e-04  4.692929e-04  
   5.6300001  3.002797e+01  5.975181e-03  2.969556e-04  4.713914e-04  
   5.6399999  3.046920e+01  5.891385e-03  2.617188e-04  4.653217e-04  
   5.6500001  3.096370e+01  5.697214e-03  2.401641e-04  4.505316e-04  
   5.6599998  3.152251e+01  5.412507e-03  2.330578e-04  4.286305e-04  
   5.6700001  3.214841e+01  5.079293e-03  2.402716e-04  4.029792e-04  
   5.6799998  3.283480e+01  4.752954e-03  2.607157e-04  3.779942e-04  
   5.6900001  3.356615e+01  4.491392e-03  2.923401e-04  3.582907e-04  
   5.6999998  3.431960e+01  4.344992e-03  3.322311e-04  3.478838e-04  
   5.7100000  3.506784e+01  4.349132e-03  3.768584e-04  3.495922e-04  
   5.7199998  3.578220e+01  4.521031e-03  4.224208e-04  3.647824e-04  
   5.7300000  3.643641e+01  4.860916e-03  4.652962e-04  3.934592e-04  
   5.7399998  3.700916e+01  5.356568e-03  5.024418e-04  4.346232e-04  
   5.7500000  3.748655e+01  5.989704e-03  5.317121e-04  4.867801e-04  
   5.7600002  3.786296e+01  6.741840e-03  5.519653e-04  5.484078e-04  
   5.7700000  3.814137e+01  7.598606e-03  5.629946e-04  6.183046e-04  
   5.7800002  3.833261e+01  8.551694e-03  5.653047e-04  6.957526e-04  
   5.7900000  3.845421e+01  9.598051e-03  5.598324e-04  7.804583e-04  
   5.8000002  3.852887e+01  1.073797e-02  5.477121e-04  8.724097e-04  
   5.8099999  3.858297e+01  1.197146e-02  5.301540e-04  9.715936e-04  
   5.8200002  3.864500e+01  1.329520e-02  5.084368e-04  1.077751e-03  
   5.8299999  3.874413e+01  1.469866e-02  4.840007e-04  1.190075e-03  
   5.8400002  3.890857e+01  1.616197e-02  4.585478e-04  1.307024e-03  
   5.8499999  3.916385e+01  1.765361e-02  4.341123e-04  1.426137e-03  
   5.8600001  3.953061e+01  1.913076e-02  4.130218e-04  1.544051e-03  
   5.8699999  4.002228e+01  2.054031e-02  3.977769e-04  1.656566e-03  
   5.8800001  4.064275e+01  2.182283e-02  3.908226e-04  1.758963e-03  
   5.8899999  4.138459e+01  2.291691e-02  3.942869e-04  1.846337e-03  
   5.9000001  4.222895e+01  2.376511e-02  4.097009e-04  1.914085e-03  
   5.9099998  4.314689e+01  2.431916e-02  4.377601e-04  1.958319e-03  
   5.9200001  4.410319e+01  2.454534e-02  4.781668e-04  1.976301e-03  
   5.9299998  4.506135e+01  2.442872e-02  5.295734e-04  1.966799e-03  
   5.9400001  4.598962e+01  2.397718e-02  5.896940e-04  1.930407e-03  
   5.9499998  4.686601e+01  2.322460e-02  6.555490e-04  1.869819e-03  
   5.9600000  4.768194e+01  2.223241e-02  7.239145e-04  1.789949e-03  
   5.9699998  4.844283e+01  2.108905e-02  7.918661e-04  1.697903e-03  
   5.9800000  4.916684e+01  1.990522e-02  8.574434e-04  1.602583e-03  
   5.9899998  4.988085e+01  1.880564e-02  9.202358e-04  1.514039e-03  
   6.0000000  5.061638e+01  1.791660e-02  9.818525e-04  1.442464e-03  
   6.0100002  5.140473e+01  1.735273e-02  1.046043e-03  1.397131e-03  
   6.0200000  5.227369e+01  1.720409e-02  1.118440e-03  1.385362e-03  
   6.0300002  5.324513e+01  1.752719e-02  1.205856e-03  1.411812e-03  
   6.0400000  5.433356e+01  1.834077e-02  1.315177e-03  1.478132e-03  
   6.0500002  5.554615e+01  1.962671e-02  1.452110e-03  1.583040e-03  
   6.0599999  5.688207e+01  2.133411e-02  1.619936e-03  1.722644e-03  
   6.0700002  5.833315e+01  2.338582e-02  1.818677e-03  1.890953e-03  
   6.0799999  5.988353e+01  2.568402e-02  2.044685e-03  2.080297e-03  
   6.0900002  6.151026e+01  2.811626e-02  2.290981e-03  2.281785e-03  
   6.0999999  6.318317e+01  3.055939e-02  2.547954e-03  2.485585e-03  
   6.1100001  6.486636e+01  3.288534e-02  2.804554e-03  2.681358e-03  
   6.1199999  6.651878e+01  3.496634e-02  3.049342e-03  2.858658e-03  
   6.1300001  6.809682e+01  3.668379e-02  3.271555e-03  3.007646e-03  
   6.1399999  6.955605e+01  3.793780e-02  3.461656e-03  3.119879e-03  
   6.1500001  7.085471e+01  3.865968e-02  3.611771e-03  3.189354e-03  
   6.1599998  7.195648e+01  3.882401e-02  3.715753e-03  3.213564e-03  
   6.1700001  7.283406e+01  3.845982e-02  3.769330e-03  3.194472e-03  
   6.1799998  7.347230e+01  3.765710e-02  3.770224e-03  3.139129e-03  
   6.1900001  7.387107e+01  3.656571e-02  3.718405e-03  3.059642e-03  
   6.1999998  7.404691e+01  3.538448e-02  3.616336e-03  2.972318e-03  
   6.2100000  7.403329e+01  3.433853e-02  3.469020e-03  2.895804e-03  
   6.2199998  7.387933e+01  3.364819e-02  3.283840e-03  2.848470e-03  
   6.2300000  7.364603e+01  3.349266e-02  3.069880e-03  2.845355e-03  
   6.2399998  7.340128e+01  3.397734e-02  2.837070e-03  2.895376e-03  
   6.2500000  7.321352e+01  3.511162e-02  2.595006e-03  2.999408e-03  
   6.2600002  7.314519e+01  3.680350e-02  2.352011e-03  3.149791e-03  
   6.2700000  7.324696e+01  3.887331e-02  2.114399e-03  3.331457e-03  
   6.2800002  7.355352e+01  4.108492e-02  1.886212e-03  3.524536e-03  
   6.2900000  7.408143e+01  4.318593e-02  1.669555e-03  3.707757e-03  
   6.3000002  7.482958e+01  4.495070e-02  1.465135e-03  3.862090e-03  
   6.3099999  7.578156e+01  4.621430e-02  1.273132e-03  3.973629e-03  
   6.3200002  7.690989e+01  4.689398e-02  1.093835e-03  4.035423e-03  
   6.3299999  7.818092e+01  4.699297e-02  9.281914e-04  4.047818e-03  
   6.3400002  7.956036e+01  4.658999e-02  7.778667e-04  4.017574e-03  
   6.3499999  8.101728e+01  4.581787e-02  6.451136e-04  3.956046e-03  
   6.3600001  8.252789e+01  4.483680e-02  5.322891e-04  3.876921e-03  
   6.3699999  8.407618e+01  4.380825e-02  4.413695e-04  3.793991e-03  
   6.3800001  8.565404e+01  4.287205e-02  3.734048e-04  3.719198e-03  
   6.3899999  8.725816e+01  4.213021e-02  3.281890e-04  3.661236e-03  
   6.4000001  8.888748e+01  4.163669e-02  3.040771e-04  3.624666e-03  
   6.4099998  9.053915e+01  4.139503e-02  2.980967e-04  3.609687e-03  
   6.4200001  9.220660e+01  4.136210e-02  3.062679e-04  3.612458e-03  
   6.4299998  9.387822e+01  4.145871e-02  3.241326e-04  3.625993e-03  
   6.4400001  9.553954e+01  4.158498e-02  3.473888e-04  3.641499e-03  
   6.4499998  9.717602e+01  4.163837e-02  3.725106e-04  3.649947e-03  
   6.4600000  9.877850e+01  4.153071e-02  3.972520e-04  3.643561e-03  
   6.4699998  1.003475e+02  4.120073e-02  4.208990e-04  3.616936e-03  
   6.4800000  1.018978e+02  4.061904e-02  4.442496e-04  3.567486e-03  
   6.4899998  1.034594e+02  3.978549e-02  4.692900e-04  3.495234e-03  
   6.5000000  1.050761e+02  3.871948e-02  4.986784e-04  3.401971e-03  
   6.5100002  1.068007e+02  3.744812e-02  5.351194e-04  3.290222e-03  
   6.5200000  1.086877e+02  3.599532e-02  5.808036e-04  3.162265e-03  
   6.5300002  1.107854e+02  3.437550e-02  6.370217e-04  3.019571e-03  
   6.5400000  1.131275e+02  3.259480e-02  7.039944e-04  2.862870e-03  
   6.5500002  1.157278e+02  3.065707e-02  7.809630e-04  2.692652e-03  
   6.5599999  1.185763e+02  2.857493e-02  8.663696e-04  2.510133e-03  
   6.5700002  1.216410e+02  2.638017e-02  9.580941e-04  2.318154e-03  
   6.5799999  1.248712e+02  2.413294e-02  1.053515e-03  2.122015e-03  
   6.5900002  1.282048e+02  2.192428e-02  1.149469e-03  1.929722e-03  
   6.5999999  1.315768e+02  1.987403e-02  1.242043e-03  1.751823e-03  
   6.6100001  1.349288e+02  1.812012e-02  1.326476e-03  1.600502e-03  
   6.6199999  1.382176e+02  1.680378e-02  1.397210e-03  1.488282e-03  
   6.6300001  1.414215e+02  1.604940e-02  1.448365e-03  1.426245e-03  
   6.6399999  1.445423e+02  1.594493e-02  1.474479e-03  1.422276e-03  
   6.6500001  1.476040e+02  1.652480e-02  1.471475e-03  1.479535e-03  
   6.6599998  1.506454e+02  1.776083e-02  1.437513e-03  1.595614e-03  
   6.6700001  1.537102e+02  1.956412e-02  1.373524e-03  1.762689e-03  
   6.6799998  1.568357e+02  2.179854e-02  1.283278e-03  1.968712e-03  
   6.6900001  1.600424e+02  2.430548e-02  1.172944e-03  2.199619e-03  
   6.6999998  1.633278e+02  2.693254e-02  1.050417e-03  2.441906e-03  
   6.7100000  1.666664e+02  2.956186e-02  9.244477e-04  2.685175e-03  
   6.7199998  1.700136e+02  3.212700e-02  8.039722e-04  2.923642e-03  
   6.7300000  1.733161e+02  3.461651e-02  6.974997e-04  3.156455e-03  
   6.7399998  1.765215e+02  3.705910e-02  6.127571e-04  3.386331e-03  
   6.7500000  1.795893e+02  3.949829e-02  5.563290e-04  3.617236e-03  
   6.7600002  1.824964e+02  4.196119e-02  5.333805e-04  3.851553e-03  
   6.7700000  1.852389e+02  4.443528e-02  5.473287e-04  4.087956e-03  
   6.7800002  1.878304e+02  4.686101e-02  5.995762e-04  4.320764e-03  
   6.7900000  1.902949e+02  4.914386e-02  6.893384e-04  4.541080e-03  
   6.8000002  1.926606e+02  5.118618e-02  8.136567e-04  4.739747e-03  
   6.8099999  1.949525e+02  5.292660e-02  9.675198e-04  4.911003e-03  
   6.8200002  1.971891e+02  5.437696e-02  1.144163e-03  5.055912e-03  
   6.8299999  1.993800e+02  5.564067e-02  1.335291e-03  5.184061e-03  
   6.8400002  2.015287e+02  5.690666e-02  1.531381e-03  5.312999e-03  
   6.8499999  2.036355e+02  5.841558e-02  1.721870e-03  5.465085e-03  
   6.8600001  2.057037e+02  6.040838e-02  1.895598e-03  5.662698e-03  
   6.8699999  2.077438e+02  6.306840e-02  2.041430e-03  5.922836e-03  
   6.8800001  2.097782e+02  6.647541e-02  2.149441e-03  6.252836e-03  
   6.8899999  2.118416e+02  7.058033e-02  2.212402e-03  6.648019e-03  
   6.9000001  2.139793e+02  7.520960e-02  2.227516e-03  7.092104e-03  
   6.9099998  2.162418e+02  8.009116e-02  2.197827e-03  7.559628e-03  
   6.9200001  2.186784e+02  8.489802e-02  2.132822e-03  8.020024e-03  
   6.9299998  2.213286e+02  8.929148e-02  2.047842e-03  8.441621e-03  
   6.9400001  2.242162e+02  9.295979e-02  1.962105e-03  8.795240e-03  
   6.9499998  2.273431e+02  9.564136e-02  1.895713e-03  9.056324e-03  
   6.9600000  2.306902e+02  9.713809e-02  1.866161e-03  9.206168e-03  
   6.9699998  2.342184e+02  9.731923e-02  1.885224e-03  9.232252e-03  
   6.9800000  2.378759e+02  9.612452e-02  1.956875e-03  9.128599e-03  
   6.9899998  2.416054e+02  9.356972e-02  2.076688e-03  8.896322e-03  
   7.0000000  2.453537e+02  8.975389e-02  2.232815e-03  8.544415e-03  
   7.0100002  2.490787e+02  8.486760e-02  2.408139e-03  8.090649e-03  
   7.0200000  2.527553e+02  7.919385e-02  2.583206e-03  7.561695e-03  
   7.0300002  2.563774e+02  7.309548e-02  2.739321e-03  6.992049e-03  
   7.0400000  2.599573e+02  6.699168e-02  2.861280e-03  6.421796e-03  
   7.0500002  2.635230e+02  6.131681e-02  2.939543e-03  5.892712e-03  
   7.0599999  2.671124e+02  5.647738e-02  2.971433e-03  5.444113e-03  
   7.0700002  2.707690e+02  5.280624e-02  2.961368e-03  5.108438e-03  
   7.0799999  2.745358e+02  5.053096e-02  2.919924e-03  4.908135e-03  
   7.0900002  2.784516e+02  4.975462e-02  2.861829e-03  4.853749e-03  
   7.0999999  2.825473e+02  5.045674e-02  2.803151e-03  4.943930e-03  
   7.1100001  2.868438e+02  5.250858e-02  2.758072e-03  5.166824e-03  
   7.1199999  2.913499e+02  5.569991e-02  2.736016e-03  5.502607e-03  
   7.1300001  2.960632e+02  5.977328e-02  2.739686e-03  5.926745e-03  
   7.1399999  3.009684e+02  6.445833e-02  2.764566e-03  6.413339e-03  
   7.1500001  3.060410e+02  6.950763e-02  2.799988e-03  6.938637e-03  
   7.1599998  3.112474e+02  7.472568e-02  2.831498e-03  7.483926e-03  
   7.1700001  3.165514e+02  7.999433e-02  2.843936e-03  8.038124e-03  
   7.1799998  3.219154e+02  8.528373e-02  2.824477e-03  8.598932e-03  
   7.1900001  3.273083e+02  9.065236e-02  2.764975e-03  9.172887e-03  
   7.1999998  3.327074e+02  9.622526e-02  2.663224e-03  9.773231e-03  
   7.2100000  3.381019e+02  1.021594e-01  2.522936e-03  1.041640e-02  
   7.2199998  3.434927e+02  1.085924e-01  2.352759e-03  1.111681e-02  
   7.2300000  3.488904e+02  1.155925e-01  2.164485e-03  1.188165e-02  
   7.2399998  3.543089e+02  1.231121e-01  1.971097e-03  1.270607e-02  
   7.2500000  3.597603e+02  1.309655e-01  1.784787e-03  1.357071e-02  
   7.2600002  3.652466e+02  1.388273e-01  1.615487e-03  1.444139e-02  
   7.2700000  3.707555e+02  1.462621e-01  1.469876e-03  1.527211e-02  
   7.2800002  3.762577e+02  1.527784e-01  1.351023e-03  1.601049e-02  
   7.2900000  3.817075e+02  1.578938e-01  1.258653e-03  1.660455e-02  
   7.3000002  3.870475e+02  1.612072e-01  1.189751e-03  1.701045e-02  
   7.3099999  3.922144e+02  1.624602e-01  1.139473e-03  1.719907e-02  
   7.3200002  3.971473e+02  1.615813e-01  1.102029e-03  1.716091e-02  
   7.3299999  4.017942e+02  1.587021e-01  1.071492e-03  1.690809e-02  
   7.3400002  4.061186e+02  1.541416e-01  1.042374e-03  1.647305e-02  
   7.3499999  4.101019e+02  1.483626e-01  1.010049e-03  1.590395e-02  
   7.3600001  4.137468e+02  1.419013e-01  9.710016e-04  1.525735e-02  
   7.3699999  4.170751e+02  1.352876e-01  9.230588e-04  1.458965e-02  
   7.3800001  4.201271e+02  1.289657e-01  8.655689e-04  1.394850e-02  
   7.3899999  4.229565e+02  1.232380e-01  7.996114e-04  1.336665e-02  
   7.4000001  4.256285e+02  1.182362e-01  7.281041e-04  1.285870e-02  
   7.4099998  4.282146e+02  1.139346e-01  6.558369e-04  1.242237e-02  
   7.4200001  4.307901e+02  1.101916e-01  5.892736e-04  1.204294e-02  
   7.4299998  4.334315e+02  1.068173e-01  5.362055e-04  1.170049e-02  
   7.4400001  4.362148e+02  1.036412e-01  5.051706e-04  1.137725e-02  
   7.4499998  4.392122e+02  1.005694e-01  5.047813e-04  1.106376e-02  
   7.4600000  4.424910e+02  9.761228e-02  5.429584e-04  1.076197e-02  
   7.4699998  4.461081e+02  9.488312e-02  6.261753e-04  1.048498e-02  
   7.4800000  4.501050e+02  9.256589e-02  7.587887e-04  1.025363e-02  
   7.4899998  4.545015e+02  9.086882e-02  9.424465e-04  1.009132e-02  
   7.5000000  4.592899e+02  8.997438e-02  1.175752e-03  1.001857e-02  
   7.5100002  4.644298e+02  9.000312e-02  1.454044e-03  1.004903e-02  
   7.5200000  4.698474e+02  9.099700e-02  1.769502e-03  1.018765e-02  
   7.5300002  4.754383e+02  9.292551e-02  2.111566e-03  1.043135e-02  
   7.5400000  4.810742e+02  9.570722e-02  2.467471e-03  1.077142e-02  
   7.5500002  4.866139e+02  9.923775e-02  2.823297e-03  1.119656e-02  
   7.5599999  4.919157e+02  1.034113e-01  3.164961e-03  1.169528e-02  
   7.5700002  4.968543e+02  1.081326e-01  3.479626e-03  1.225714e-02  
   7.5799999  5.013324e+02  1.133121e-01  3.756841e-03  1.287224e-02  
   7.5900002  5.052933e+02  1.188553e-01  3.989745e-03  1.352992e-02  
   7.5999999  5.087258e+02  1.246451e-01  4.175679e-03  1.421681e-02  
   7.6100001  5.116649e+02  1.305324e-01  4.316448e-03  1.491579e-02  
   7.6199999  5.141851e+02  1.363317e-01  4.417833e-03  1.560544e-02  
   7.6300001  5.163873e+02  1.418298e-01  4.488684e-03  1.626122e-02  
   7.6399999  5.183845e+02  1.467995e-01  4.539615e-03  1.685686e-02  
   7.6500001  5.202827e+02  1.510196e-01  4.581756e-03  1.736676e-02  
   7.6599998  5.221667e+02  1.542905e-01  4.625692e-03  1.776773e-02  
   7.6700001  5.240897e+02  1.564483e-01  4.680867e-03  1.804065e-02  
   7.6799998  5.260682e+02  1.573721e-01  4.755317e-03  1.817126e-02  
   7.6900001  5.280870e+02  1.569857e-01  4.855597e-03  1.815035e-02  
   7.6999998  5.301078e+02  1.552566e-01  4.986508e-03  1.797371e-02  
   7.7100000  5.320834e+02  1.521930e-01  5.150525e-03  1.764174e-02  
   7.7199998  5.339761e+02  1.478429e-01  5.346800e-03  1.715942e-02  
   7.7300000  5.357731e+02  1.422951e-01  5.570136e-03  1.653647e-02  
   7.7399998  5.375015e+02  1.356864e-01  5.810163e-03  1.578818e-02  
   7.7500000  5.392363e+02  1.282083e-01  6.051453e-03  1.493629e-02  
   7.7600002  5.411022e+02  1.201174e-01  6.274475e-03  1.401021e-02  
   7.7700000  5.432647e+02  1.117401e-01  6.457659e-03  1.304756e-02  
   7.7800002  5.459111e+02  1.034658e-01  6.579993e-03  1.209350e-02  
   7.7900000  5.492237e+02  9.573305e-02  6.623551e-03  1.119908e-02  
   7.8000002  5.533469e+02  8.899438e-02  6.575542e-03  1.041707e-02  
   7.8099999  5.583563e+02  8.367541e-02  6.429394e-03  9.797291e-03  
   7.8200002  5.642382e+02  8.012272e-02  6.184965e-03  9.380456e-03  
   7.8299999  5.708841e+02  7.855923e-02  5.848074e-03  9.192950e-03  
   7.8400002  5.781049e+02  7.904798e-02  5.429592e-03  9.242594e-03  
   7.8499999  5.856603e+02  8.147720e-02  4.944657e-03  9.516912e-03  
   7.8600001  5.933030e+02  8.556764e-02  4.411620e-03  9.983957e-03  
   7.8699999  6.008163e+02  9.090083e-02  3.851261e-03  1.059563e-02  
   7.8800001  6.080471e+02  9.696770e-02  3.285407e-03  1.129331e-02  
   7.8899999  6.149191e+02  1.032244e-01  2.735689e-03  1.201434e-02  
   7.9000001  6.214323e+02  1.091556e-01  2.221659e-03  1.269935e-02  
   7.9099998  6.276443e+02  1.143273e-01  1.759398e-03  1.329836e-02  
   7.9200001  6.336484e+02  1.184323e-01  1.360114e-03  1.377598e-02  
   7.9299998  6.395482e+02  1.213126e-01  1.029753e-03  1.411402e-02  
   7.9400001  6.454402e+02  1.229639e-01  7.690673e-04  1.431199e-02  
   7.9499998  6.514012e+02  1.235163e-01  5.746012e-04  1.438485e-02  
   7.9600000  6.574858e+02  1.231989e-01  4.398543e-04  1.435892e-02  
   7.9699998  6.637277e+02  1.222920e-01  3.566903e-04  1.426644e-02  
   7.9800000  6.701462e+02  1.210793e-01  3.164417e-04  1.414000e-02  
   7.9899998  6.767511e+02  1.198071e-01  3.108048e-04  1.400791e-02  
   8.0000000  6.835498e+02  1.186589e-01  3.324121e-04  1.389123e-02  
   8.0100002  6.905505e+02  1.177498e-01  3.752500e-04  1.380320e-02  
   8.0200005  6.977656e+02  1.171384e-01  4.349713e-04  1.375065e-02  
   8.0299997  7.052137e+02  1.168518e-01  5.090944e-04  1.373685e-02  
   8.0400000  7.129215e+02  1.169138e-01  5.970213e-04  1.376490e-02  
   8.0500002  7.209206e+02  1.173671e-01  6.996018e-04  1.384020e-02  
   8.0600004  7.292470e+02  1.182816e-01  8.182925e-04  1.397147e-02  
   8.0699997  7.379382e+02  1.197464e-01  9.538418e-04  1.416965e-02  
   8.0799999  7.470287e+02  1.218473e-01  1.104875e-03  1.444528e-02  
   8.0900002  7.565434e+02  1.246380e-01  1.266589e-03  1.480501e-02  
   8.1000004  7.664926e+02  1.281146e-01  1.430246e-03  1.524855e-02  
   8.1099997  7.768690e+02  1.322007e-01  1.583598e-03  1.576686e-02  
   8.1199999  7.876504e+02  1.367502e-01  1.712428e-03  1.634248e-02  
   8.1300001  7.987971e+02  1.415599e-01  1.802754e-03  1.695097e-02  
   8.1400003  8.102612e+02  1.463962e-01  1.843461e-03  1.756411e-02  
   8.1499996  8.219948e+02  1.510208e-01  1.828516e-03  1.815301e-02  
   8.1599998  8.339623e+02  1.552176e-01  1.758284e-03  1.869131e-02  
   8.1700001  8.461427e+02  1.588071e-01  1.639631e-03  1.915704e-02  
   8.1800003  8.585403e+02  1.616607e-01  1.484762e-03  1.953442e-02  
   8.1899996  8.711824e+02  1.637079e-01  1.309126e-03  1.981474e-02  
   8.1999998  8.841194e+02  1.649407e-01  1.128773e-03  1.999704e-02  
   8.2100000  8.974108e+02  1.654152e-01  9.580054e-04  2.008831e-02  
   8.2200003  9.111164e+02  1.652509e-01  8.074724e-04  2.010337e-02  
   8.2299995  9.252830e+02  1.646238e-01  6.832719e-04  2.006411e-02  
   8.2399998  9.399387e+02  1.637540e-01  5.869477e-04  1.999781e-02  
   8.2500000  9.550758e+02  1.628856e-01  5.164039e-04  1.993484e-02  
   8.2600002  9.706545e+02  1.622635e-01  4.671826e-04  1.990563e-02  
   8.2700005  9.865967e+02  1.621066e-01  4.339195e-04  1.993756e-02  
   8.2799997  1.002788e+03  1.625849e-01  4.115824e-04  2.005194e-02  
   8.2900000  1.019086e+03  1.638016e-01  3.962766e-04  2.026195e-02  
   8.3000002  1.035315e+03  1.657850e-01  3.855688e-04  2.057147e-02  
   8.3100004  1.051281e+03  1.684901e-01  3.783437e-04  2.097519e-02  
   8.3199997  1.066778e+03  1.718111e-01  3.743661e-04  2.146011e-02  
   8.3299999  1.081608e+03  1.756031e-01  3.737269e-04  2.200814e-02  
   8.3400002  1.095585e+03  1.797063e-01  3.763672e-04  2.259899e-02  
   8.3500004  1.108554e+03  1.839716e-01  3.818129e-04  2.321346e-02  
   8.3599997  1.120401e+03  1.882809e-01  3.891921e-04  2.383588e-02  
   8.3699999  1.131060e+03  1.925582e-01  3.975118e-04  2.445575e-02  
   8.3800001  1.140514e+03  1.967665e-01  4.060807e-04  2.506727e-02  
   8.3900003  1.148797e+03  2.008960e-01  4.149486e-04  2.566800e-02  
   8.3999996  1.155990e+03  2.049426e-01  4.251912e-04  2.625624e-02  
   8.4099998  1.162215e+03  2.088859e-01  4.389406e-04  2.682838e-02  
   8.4200001  1.167637e+03  2.126692e-01  4.591008e-04  2.737619e-02  
   8.4300003  1.172446e+03  2.161905e-01  4.888141e-04  2.788588e-02  
   8.4399996  1.176860e+03  2.193066e-01  5.307888e-04  2.833856e-02  
   8.4499998  1.181108e+03  2.218502e-01  5.866805e-04  2.871240e-02  
   8.4600000  1.185421e+03  2.236539e-01  6.566361e-04  2.898579e-02  
   8.4700003  1.190014e+03  2.245811e-01  7.391818e-04  2.914120e-02  
   8.4799995  1.195069e+03  2.245541e-01  8.314231e-04  2.916889e-02  
   8.4899998  1.200724e+03  2.235750e-01  9.295573e-04  2.906951e-02  
   8.5000000  1.207055e+03  2.217360e-01  1.029427e-03  2.885551e-02  
   8.5100002  1.214069e+03  2.192171e-01  1.127133e-03  2.855078e-02  
   8.5200005  1.221707e+03  2.162731e-01  1.219438e-03  2.818896e-02  
   8.5299997  1.229858e+03  2.132107e-01  1.303947e-03  2.781050e-02  
   8.5400000  1.238378e+03  2.103575e-01  1.379114e-03  2.745855e-02  
   8.5500002  1.247116e+03  2.080324e-01  1.444031e-03  2.717514e-02  
   8.5600004  1.255943e+03  2.065131e-01  1.498260e-03  2.699688e-02  
   8.5699997  1.264775e+03  2.060104e-01  1.541665e-03  2.695164e-02  
   8.5799999  1.273586e+03  2.066495e-01  1.574352e-03  2.705610e-02  
   8.5900002  1.282404e+03  2.084617e-01  1.596653e-03  2.731465e-02  
   8.6000004  1.291302e+03  2.113858e-01  1.609187e-03  2.771964e-02  
   8.6099997  1.300381e+03  2.152807e-01  1.612874e-03  2.825303e-02  
   8.6199999  1.309753e+03  2.199482e-01  1.608914e-03  2.888934e-02  
   8.6300001  1.319512e+03  2.251587e-01  1.598671e-03  2.959903e-02  
   8.6400003  1.329740e+03  2.306824e-01  1.583501e-03  3.035257e-02  
   8.6499996  1.340489e+03  2.363168e-01  1.564530e-03  3.112399e-02  
   8.6599998  1.351802e+03  2.419105e-01  1.542435e-03  3.189404e-02  
   8.6700001  1.363704e+03  2.473716e-01  1.517298e-03  3.265121e-02  
   8.6800003  1.376214e+03  2.526701e-01  1.488579e-03  3.339202e-02  
   8.6899996  1.389346e+03  2.578251e-01  1.455260e-03  3.411935e-02  
   8.6999998  1.403109e+03  2.628869e-01  1.416169e-03  3.484008e-02  
   8.7100000  1.417493e+03  2.679098e-01  1.370450e-03  3.556141e-02  
   8.7200003  1.432473e+03  2.729298e-01  1.318058e-03  3.628800e-02  
   8.7299995  1.448002e+03  2.779468e-01  1.260165e-03  3.701957e-02  
   8.7399998  1.464023e+03  2.829172e-01  1.199315e-03  3.774988e-02  
   8.7500000  1.480467e+03  2.877514e-01  1.139327e-03  3.846646e-02  
   8.7600002  1.497271e+03  2.923257e-01  1.084850e-03  3.915220e-02  
   8.7700005  1.514383e+03  2.964983e-01  1.040724e-03  3.978745e-02  
   8.7799997  1.531768e+03  3.001288e-01  1.011259e-03  4.035283e-02  
   8.7900000  1.549410e+03  3.031008e-01  9.995626e-04  4.083211e-02  
   8.8000002  1.567300e+03  3.053370e-01  1.007085e-03  4.121443e-02  
   8.8100004  1.585435e+03  3.068140e-01  1.033381e-03  4.149615e-02  
   8.8199997  1.603806e+03  3.075665e-01  1.076139e-03  4.168158e-02  
   8.8299999  1.622398e+03  3.076864e-01  1.131460e-03  4.178282e-02  
   8.8400002  1.641179e+03  3.073139e-01  1.194266e-03  4.181851e-02  
   8.8500004  1.660115e+03  3.066245e-01  1.258841e-03  4.181212e-02  
   8.8599997  1.679176e+03  3.058142e-01  1.319395e-03  4.178997e-02  
   8.8699999  1.698351e+03  3.050845e-01  1.370633e-03  4.177929e-02  
   8.8800001  1.717651e+03  3.046302e-01  1.408175e-03  4.180646e-02  
   8.8900003  1.737123e+03  3.046295e-01  1.428938e-03  4.189576e-02  
   8.8999996  1.756844e+03  3.052359e-01  1.431343e-03  4.206836e-02  
   8.9099998  1.776920e+03  3.065726e-01  1.415396e-03  4.234148e-02  
   8.9200001  1.797455e+03  3.087263e-01  1.382631e-03  4.272750e-02  
   8.9300003  1.818540e+03  3.117408e-01  1.335954e-03  4.323301e-02  
   8.9399996  1.840221e+03  3.156095e-01  1.279396e-03  4.385780e-02  
   8.9499998  1.862503e+03  3.202719e-01  1.217749e-03  4.459406e-02  
   8.9600000  1.885318e+03  3.256075e-01  1.156210e-03  4.542566e-02  
   8.9700003  1.908544e+03  3.314395e-01  1.099926e-03  4.632844e-02  
   8.9799995  1.932009e+03  3.375431e-01  1.053581e-03  4.727137e-02  
   8.9899998  1.955521e+03  3.436648e-01  1.020981e-03  4.821929e-02  
   9.0000000  1.978877e+03  3.495420e-01  1.004775e-03  4.913551e-02  
   9.0100002  2.001891e+03  3.549319e-01  1.006240e-03  4.998596e-02  
   9.0200005  2.024406e+03  3.596365e-01  1.025230e-03  5.074277e-02  
   9.0299997  2.046306e+03  3.635244e-01  1.060256e-03  5.138726e-02  
   9.0400000  2.067528e+03  3.665434e-01  1.108705e-03  5.191186e-02  
   9.0500002  2.088049e+03  3.687213e-01  1.167120e-03  5.232015e-02  
   9.0600004  2.107891e+03  3.701591e-01  1.231567e-03  5.262601e-02  
   9.0699997  2.127106e+03  3.710136e-01  1.297999e-03  5.285120e-02  
   9.0799999  2.145772e+03  3.714773e-01  1.362632e-03  5.302241e-02  
   9.0900002  2.163974e+03  3.717532e-01  1.422227e-03  5.316782e-02  
   9.1000004  2.181795e+03  3.720342e-01  1.474353e-03  5.331413e-02  
   9.1099997  2.199306e+03  3.724847e-01  1.517552e-03  5.348371e-02  
   9.1199999  2.216571e+03  3.732284e-01  1.551446e-03  5.369321e-02  
   9.1300001  2.233638e+03  3.743411e-01  1.576724e-03  5.395216e-02  
   9.1400003  2.250555e+03  3.758508e-01  1.595077e-03  5.426313e-02  
   9.1499996  2.267378e+03  3.777420e-01  1.609042e-03  5.462242e-02  
   9.1599998  2.284184e+03  3.799667e-01  1.621749e-03  5.502161e-02  
   9.1700001  2.301073e+03  3.824551e-01  1.636568e-03  5.544942e-02  
   9.1800003  2.318171e+03  3.851317e-01  1.656702e-03  5.589404e-02  
   9.1899996  2.335633e+03  3.879294e-01  1.684727e-03  5.634546e-02  
   9.1999998  2.353630e+03  3.908031e-01  1.722189e-03  5.679756e-02  
   9.2100000  2.372344e+03  3.937359e-01  1.769297e-03  5.724908e-02  
   9.2200003  2.391951e+03  3.967417e-01  1.824818e-03  5.770419e-02  
   9.2299995  2.412620e+03  3.998607e-01  1.886205e-03  5.817144e-02  
   9.2399998  2.434511e+03  4.031482e-01  1.949984e-03  5.866220e-02  
   9.2500000  2.457752e+03  4.066577e-01  2.012238e-03  5.918779e-02  
   9.2600002  2.482440e+03  4.104253e-01  2.069251e-03  5.975698e-02  
   9.2700005  2.508631e+03  4.144554e-01  2.118072e-03  6.037342e-02  
   9.2799997  2.536328e+03  4.187109e-01  2.156983e-03  6.103417e-02  
   9.2900000  2.565489e+03  4.231131e-01  2.185789e-03  6.172954e-02  
   9.3000002  2.596003e+03  4.275459e-01  2.205880e-03  6.244342e-02  
   9.3100004  2.627714e+03  4.318678e-01  2.220121e-03  6.315531e-02  
   9.3199997  2.660419e+03  4.359296e-01  2.232555e-03  6.384283e-02  
   9.3299999  2.693898e+03  4.395933e-01  2.247948e-03  6.448476e-02  
   9.3400002  2.727912e+03  4.427490e-01  2.271230e-03  6.506363e-02  
   9.3500004  2.762231e+03  4.453334e-01  2.306890e-03  6.556849e-02  
   9.3599997  2.796642e+03  4.473418e-01  2.358388e-03  6.599687e-02  
   9.3699999  2.830973e+03  4.488352e-01  2.427700e-03  6.635613e-02  
   9.3800001  2.865082e+03  4.499383e-01  2.514995e-03  6.666304e-02  
   9.3900003  2.898869e+03  4.508295e-01  2.618601e-03  6.694262e-02  
   9.3999996  2.932273e+03  4.517204e-01  2.735193e-03  6.722526e-02  
   9.4099998  2.965283e+03  4.528292e-01  2.860265e-03  6.754278e-02  
   9.4200001  2.997910e+03  4.543488e-01  2.988647e-03  6.792366e-02  
   9.4300003  3.030197e+03  4.564175e-01  3.115196e-03  6.838878e-02  
   9.4399996  3.062206e+03  4.590990e-01  3.235376e-03  6.894822e-02  
   9.4499998  3.094031e+03  4.623761e-01  3.345780e-03  6.960027e-02  
   9.4600000  3.125778e+03  4.661587e-01  3.444318e-03  7.033216e-02  
   9.4700003  3.157578e+03  4.703081e-01  3.530302e-03  7.112388e-02  
   9.4799995  3.189586e+03  4.746697e-01  3.604213e-03  7.195278e-02  
   9.4899998  3.221983e+03  4.791100e-01  3.667341e-03  7.279903e-02  
   9.5000000  3.254948e+03  4.835401e-01  3.721228e-03  7.364919e-02  
   9.5100002  3.288653e+03  4.879327e-01  3.767199e-03  7.449888e-02  
   9.5200005  3.323234e+03  4.923198e-01  3.805933e-03  7.535244e-02  
   9.5299997  3.358778e+03  4.967779e-01  3.837276e-03  7.622089e-02  
   9.5400000  3.395322e+03  5.014066e-01  3.860273e-03  7.711906e-02  
   9.5500002  3.432837e+03  5.063038e-01  3.873457e-03  7.806145e-02  
   9.5600004  3.471250e+03  5.115477e-01  3.875319e-03  7.906014e-02  
   9.5699997  3.510443e+03  5.171869e-01  3.864858e-03  8.012299e-02  
   9.5799999  3.550279e+03  5.232417e-01  3.842063e-03  8.125387e-02  
   9.5900002  3.590586e+03  5.297053e-01  3.808222e-03  8.245280e-02  
   9.6000004  3.631180e+03  5.365545e-01  3.765967e-03  8.371717e-02  
   9.6099997  3.671854e+03  5.437545e-01  3.719017e-03  8.504270e-02  
   9.6199999  3.712405e+03  5.512674e-01  3.671666e-03  8.642421e-02  
   9.6300001  3.752619e+03  5.590487e-01  3.628162e-03  8.785518e-02  
   9.6400003  3.792304e+03  5.670509e-01  3.592051e-03  8.932817e-02  
   9.6499996  3.831292e+03  5.752211e-01  3.565678e-03  9.083456e-02  
   9.6599998  3.869473e+03  5.835053e-01  3.549905e-03  9.236531e-02  
   9.6700001  3.906775e+03  5.918454e-01  3.544125e-03  9.391045e-02  
   9.6800003  3.943181e+03  6.001841e-01  3.546507e-03  9.546006e-02  
   9.6899996  3.978736e+03  6.084670e-01  3.554422e-03  9.700445e-02  
   9.6999998  4.013546e+03  6.166456e-01  3.564931e-03  9.853502e-02  
   9.7100000  4.047755e+03  6.246718e-01  3.575260e-03  1.000430e-01  
   9.7200003  4.081556e+03  6.324995e-01  3.583177e-03  1.015200e-01  
   9.7299995  4.115177e+03  6.400805e-01  3.587251e-03  1.029574e-01  
   9.7399998  4.148881e+03  6.473668e-01  3.586972e-03  1.043467e-01  
   9.7500000  4.182939e+03  6.543072e-01  3.582752e-03  1.056792e-01  
   9.7600002  4.217630e+03  6.608557e-01  3.575838e-03  1.069476e-01  
   9.7700005  4.253223e+03  6.669765e-01  3.568163e-03  1.081465e-01  
   9.7799997  4.289965e+03  6.726502e-01  3.562146e-03  1.092741e-01  
   9.7900000  4.328075e+03  6.778803e-01  3.560483e-03  1.103323e-01  
   9.8000002  4.367710e+03  6.826913e-01  3.565939e-03  1.113272e-01  
   9.8100004  4.408963e+03  6.871268e-01  3.581143e-03  1.122677e-01  
   9.8199997  4.451846e+03  6.912460e-01  3.608400e-03  1.131655e-01  
   9.8299999  4.496282e+03  6.951220e-01  3.649603e-03  1.140339e-01  
   9.8400002  4.542067e+03  6.988409e-01  3.706161e-03  1.148882e-01  
   9.8500004  4.588869e+03  7.025160e-01  3.779100e-03  1.157473e-01  
   9.8599997  4.636165e+03  7.063051e-01  3.869234e-03  1.166372e-01  
   9.8699999  4.683216e+03  7.104386e-01  3.977486e-03  1.175955e-01  
   9.8800001  4.728956e+03  7.152375e-01  4.105085e-03  1.186742e-01  
   9.8900003  4.771938e+03  7.211216e-01  4.253700e-03  1.199416e-01  
   9.8999996  4.810271e+03  7.285833e-01  4.425206e-03  1.214776e-01  
   9.9099998  4.841660e+03  7.381262e-01  4.621179e-03  1.233639e-01  
   9.9200001  4.863529e+03  7.501643e-01  4.841984e-03  1.256664e-01  
   9.9300003  4.873296e+03  7.649164e-01  5.085999e-03  1.284185e-01  
   9.9399996  4.868712e+03  7.823213e-01  5.349082e-03  1.316062e-01  
   9.9499998  4.848183e+03  8.020175e-01  5.624748e-03  1.351655e-01  
   9.9600000  4.811001e+03  8.233719e-01  5.904675e-03  1.389870e-01  
   9.9700003  4.757400e+03  8.455787e-01  6.179843e-03  1.429333e-01  
   9.9799995  4.688465e+03  8.677711e-01  6.441588e-03  1.468575e-01  
   9.9899998  4.605896e+03  8.891365e-01  6.682574e-03  1.506223e-01  
  10.0000000  4.511796e+03  9.089801e-01  6.897177e-03  1.541113e-01  
